1000
32664
32619
32613
32399
32387
32371
32355
32288
32274
32199
32192
32185
32164
32080
32036
32025
31993
31989
31985
31980
31874
31850
31811
31778
31768
31752
31738
31735
31693
31690
31674
31668
31659
31627
31626
31594
31586
31542
31542
31536
31517
31506
31493
31486
31479
31420
31374
31357
31274
31225
31137
31129
30983
30930
30833
30811
30805
30787
30785
30733
30728
30707
30692
30627
30590
30585
30572
30473
30454
30397
30394
30269
30194
30152
30137
30135
30128
30116
30113
30094
30068
30051
30039
30021
30014
30007
29968
29920
29868
29852
29840
29832
29773
29764
29763
29741
29703
29679
29673
29617
29589
29582
29547
29515
29448
29431
29423
29369
29362
29357
29343
29296
29176
29148
29142
29101
29056
29041
28904
28886
28866
28851
28836
28804
28794
28722
28629
28620
28577
28558
28549
28523
28500
28423
28420
28416
28336
28305
28203
28123
28113
28110
28107
28088
28053
27833
27823
27813
27783
27734
27716
27707
27703
27678
27658
27580
27551
27533
27495
27449
27421
27416
27360
27269
27238
27115
27024
27002
26858
26854
26839
26760
26722
26715
26670
26661
26612
26604
26589
26563
26423
26372
26353
26335
26320
26318
26305
26265
26251
26149
26143
26113
26103
26094
26069
26044
25900
25842
25809
25769
25720
25658
25655
25650
25638
25636
25462
25447
25434
25371
25343
25337
25278
25230
25155
25152
25088
24955
24912
24904
24894
24791
24787
24778
24776
24764
24694
24684
24664
24586
24566
24547
24524
24522
24476
24312
24306
24291
24184
24161
24116
24072
24066
24032
24021
23980
23967
23958
23875
23838
23816
23789
23717
23674
23666
23601
23592
23553
23507
23486
23480
23427
23399
23287
23281
23275
23223
23173
23149
23127
23108
23104
23103
23087
23054
23034
23025
23021
23018
23004
22970
22957
22946
22922
22920
22849
22845
22831
22799
22766
22700
22630
22618
22612
22601
22581
22540
22503
22488
22380
22364
22353
22342
22310
22282
22230
22218
22212
22141
22133
22113
22112
22099
22071
22071
22036
22034
22021
21972
21969
21891
21860
21829
21827
21766
21754
21746
21708
21681
21624
21605
21589
21550
21502
21480
21449
21443
21437
21395
21388
21387
21296
21261
21224
21223
21196
21168
21147
21092
21088
21049
21044
21032
21024
21004
20931
20915
20888
20863
20825
20804
20772
20759
20751
20713
20661
20643
20630
20577
20520
20501
20497
20432
20404
20298
20264
20237
20207
20199
20177
20159
20113
20095
20073
20044
20038
19958
19945
19935
19888
19853
19813
19783
19754
19710
19692
19643
19635
19573
19537
19492
19471
19452
19451
19415
19414
19413
19315
19308
19281
19277
19271
19244
19231
19226
19215
19168
19155
19105
19087
19071
19037
19012
19005
18952
18947
18914
18894
18880
18847
18817
18748
18716
18695
18675
18604
18534
18503
18490
18487
18440
18391
18303
18291
18254
18186
18180
18162
18160
18126
18077
18059
18041
17977
17973
17893
17875
17869
17754
17742
17741
17731
17729
17717
17715
17668
17655
17639
17630
17595
17572
17563
17555
17544
17531
17528
17487
17463
17408
17401
17401
17400
17397
17393
17308
17296
17291
17271
17245
17226
17200
17196
17132
17125
17117
17079
17075
17060
17032
16970
16900
16878
16867
16844
16825
16815
16770
16751
16743
16661
16654
16633
16617
16613
16591
16548
16534
16523
16509
16471
16437
16421
16385
16323
16307
16260
16252
16246
16222
16206
16183
16175
16143
16121
16110
16098
16026
16010
15971
15969
15966
15956
15931
15875
15823
15720
15707
15689
15665
15645
15643
15629
15419
15388
15333
15320
15289
15241
15226
15222
15205
15199
15119
15115
15048
15026
15021
14867
14834
14787
14777
14754
14736
14698
14653
14636
14628
14532
14466
14425
14397
14392
14388
14360
14353
14339
14302
14276
14273
14253
14252
14224
14210
14181
14121
14098
14076
14020
13985
13950
13921
13918
13905
13904
13894
13857
13846
13839
13749
13719
13694
13674
13659
13623
13623
13448
13432
13415
13359
13343
13334
13297
13147
13047
13009
12974
12971
12933
12866
12845
12839
12814
12803
12790
12773
12758
12721
12695
12662
12643
12619
12605
12600
12568
12560
12509
12500
12490
12431
12423
12320
12267
12238
12200
12124
12124
12121
12110
12051
12049
12032
12018
11907
11873
11868
11859
11815
11783
11696
11692
11594
11529
11493
11443
11393
11285
11275
11249
11246
11226
11158
11151
11116
11050
11017
10880
10837
10829
10792
10766
10698
10619
10490
10475
10435
10400
10328
10293
10195
10135
10128
10128
10117
10113
10096
10072
10008
9984
9955
9933
9902
9895
9883
9845
9838
9753
9672
9635
9585
9578
9571
9522
9521
9501
9413
9392
9353
9351
9341
9337
9314
9248
9239
9203
9129
9047
9021
8980
8895
8887
8836
8820
8778
8621
8619
8570
8543
8466
8353
8336
8313
8249
8240
8198
8192
8190
8173
8157
8128
8094
8066
8019
8005
7965
7961
7959
7945
7937
7907
7872
7861
7852
7836
7826
7824
7793
7751
7727
7593
7573
7517
7480
7465
7431
7416
7379
7356
7304
7264
7043
7039
6976
6919
6908
6768
6751
6743
6708
6654
6629
6612
6565
6554
6548
6529
6446
6409
6331
6293
6268
6205
6193
6171
6127
6087
6084
6073
6032
6008
5969
5942
5885
5831
5817
5791
5784
5777
5722
5702
5693
5691
5689
5674
5665
5634
5530
5494
5465
5439
5436
5402
5398
5364
5344
5343
5324
5313
5275
5273
5192
5188
5169
5165
5162
5138
5117
5043
5026
5016
5001
4995
4978
4967
4915
4909
4899
4896
4866
4830
4810
4765
4754
4745
4739
4738
4724
4708
4702
4634
4618
4607
4600
4595
4564
4517
4517
4428
4413
4367
4357
4329
4298
4296
4189
4144
4137
4134
4109
4100
4079
4013
4013
3989
3983
3962
3962
3878
3798
3779
3739
3731
3723
3643
3610
3591
3539
3487
3454
3408
3399
3390
3262
3240
3135
3062
3056
2997
2990
2989
2947
2945
2839
2825
2818
2734
2732
2640
2615
2554
2519
2518
2501
2494
2475
2396
2382
2233
2230
2215
2120
2073
2069
2021
2019
2002
1960
1929
1869
1867
1844
1806
1724
1646
1597
1543
1541
1535
1531
1528
1509
1388
1360
1330
1313
1310
1290
1255
1204
880
879
833
743
638
614
591
560
516
500
475
464
317
314
284
283
273
239
235
162
114
73
