100
32635
32401
32393
31886
31885
31712
31562
31551
31368
30350
30299
29800
29714
29488
29431
29168
29049
28879
28249
28213
27889
27767
27358
26748
25980
25642
25122
24975
24517
24394
24387
24263
24067
23341
22850
22782
22717
22702
21712
21630
20903
20627
20609
20491
20148
20125
20040
19963
19937
19739
19572
19161
19047
18848
18097
18050
17222
17083
16766
15861
15427
13840
13825
12803
12028
11487
11453
11364
11206
10860
10567
10252
10143
9963
9470
8520
8369
8140
7962
7939
7844
7501
7469
7389
6715
6668
6649
6477
5036
4925
4911
4598
2709
2494
1345
1178
917
750
207
57
