10000
32764
32763
32762
32760
32751
32750
32749
32742
32737
32727
32722
32721
32720
32714
32712
32703
32700
32697
32696
32694
32694
32690
32689
32688
32688
32687
32686
32685
32673
32673
32669
32668
32668
32655
32655
32652
32648
32647
32643
32643
32636
32633
32631
32629
32627
32626
32624
32624
32624
32623
32622
32621
32620
32618
32618
32607
32606
32604
32604
32603
32599
32599
32595
32593
32591
32588
32587
32583
32581
32578
32578
32561
32560
32550
32550
32545
32542
32536
32530
32529
32522
32522
32521
32517
32514
32511
32503
32500
32491
32477
32473
32473
32471
32469
32467
32466
32465
32463
32463
32463
32463
32461
32458
32455
32455
32449
32443
32441
32439
32438
32435
32431
32427
32415
32414
32413
32412
32410
32408
32406
32399
32398
32395
32390
32389
32388
32384
32382
32379
32377
32375
32374
32372
32367
32364
32362
32359
32356
32352
32350
32348
32347
32347
32340
32336
32335
32330
32323
32322
32315
32313
32311
32307
32302
32301
32285
32279
32275
32273
32273
32271
32270
32266
32266
32264
32263
32262
32255
32255
32254
32246
32245
32244
32243
32241
32240
32240
32234
32233
32230
32225
32223
32218
32209
32209
32200
32197
32194
32193
32188
32187
32180
32177
32176
32166
32163
32163
32160
32157
32157
32156
32155
32147
32146
32140
32130
32128
32126
32125
32117
32116
32113
32109
32105
32103
32100
32100
32093
32090
32089
32086
32080
32079
32079
32078
32070
32069
32058
32054
32054
32053
32051
32049
32047
32046
32041
32040
32035
32032
32030
32028
32026
32016
32014
32013
32011
32008
32006
32003
32001
31995
31993
31990
31987
31985
31980
31975
31974
31973
31970
31967
31963
31956
31953
31953
31949
31948
31946
31945
31944
31943
31937
31933
31929
31928
31923
31915
31901
31900
31900
31893
31893
31888
31887
31879
31864
31861
31850
31846
31839
31829
31828
31828
31824
31822
31819
31815
31814
31803
31800
31798
31795
31792
31790
31790
31780
31779
31774
31767
31766
31765
31761
31759
31756
31756
31750
31747
31746
31742
31741
31740
31739
31735
31730
31726
31723
31721
31713
31713
31706
31706
31705
31703
31697
31695
31693
31690
31676
31675
31672
31661
31659
31651
31648
31647
31646
31633
31627
31624
31623
31614
31611
31611
31609
31609
31604
31601
31594
31590
31575
31572
31570
31569
31565
31563
31552
31551
31550
31543
31526
31525
31521
31520
31519
31516
31515
31515
31508
31507
31507
31507
31505
31499
31497
31495
31494
31491
31490
31488
31484
31480
31479
31465
31464
31463
31461
31449
31447
31444
31442
31441
31439
31436
31434
31433
31431
31427
31425
31421
31413
31413
31409
31403
31403
31401
31401
31400
31399
31398
31394
31394
31382
31376
31376
31374
31370
31367
31366
31366
31363
31363
31361
31353
31345
31344
31341
31339
31336
31336
31332
31323
31319
31318
31313
31312
31311
31311
31308
31299
31298
31296
31296
31293
31293
31292
31284
31283
31278
31270
31265
31259
31259
31256
31252
31251
31249
31242
31237
31235
31234
31234
31233
31230
31228
31227
31227
31226
31224
31217
31217
31210
31204
31202
31198
31198
31197
31192
31190
31187
31170
31169
31167
31165
31164
31162
31158
31154
31153
31151
31146
31143
31140
31136
31135
31134
31134
31132
31128
31127
31121
31121
31119
31116
31114
31113
31111
31110
31098
31094
31092
31091
31091
31084
31067
31063
31062
31061
31060
31055
31054
31053
31044
31040
31040
31038
31032
31024
31022
31020
31016
31008
31005
31001
30999
30999
30996
30992
30991
30989
30987
30982
30980
30977
30976
30975
30975
30973
30968
30963
30962
30961
30955
30951
30947
30944
30942
30940
30927
30925
30924
30922
30919
30916
30914
30913
30906
30905
30903
30897
30895
30895
30893
30882
30882
30882
30875
30864
30861
30858
30855
30850
30850
30848
30848
30841
30840
30838
30830
30826
30824
30823
30822
30806
30806
30802
30793
30790
30785
30784
30783
30783
30780
30777
30776
30775
30775
30773
30773
30771
30771
30763
30760
30749
30748
30736
30734
30725
30722
30721
30716
30715
30707
30702
30701
30699
30697
30695
30695
30688
30686
30683
30681
30680
30675
30670
30667
30666
30666
30654
30650
30650
30647
30646
30645
30644
30643
30637
30625
30622
30612
30612
30603
30601
30598
30591
30588
30585
30581
30575
30572
30571
30566
30564
30562
30559
30559
30558
30557
30553
30553
30553
30551
30549
30547
30547
30545
30540
30540
30538
30527
30518
30515
30513
30512
30508
30508
30503
30503
30500
30496
30496
30494
30484
30479
30477
30476
30466
30461
30457
30454
30452
30450
30449
30447
30445
30443
30443
30439
30429
30428
30421
30420
30410
30406
30405
30393
30392
30391
30391
30391
30388
30379
30379
30378
30377
30372
30366
30364
30363
30361
30358
30350
30348
30340
30340
30339
30338
30336
30335
30328
30328
30328
30315
30315
30314
30302
30301
30297
30296
30295
30290
30290
30286
30286
30279
30274
30274
30263
30258
30256
30253
30246
30244
30243
30242
30237
30236
30235
30226
30221
30218
30215
30214
30203
30196
30194
30193
30192
30192
30189
30188
30184
30182
30181
30179
30178
30171
30164
30158
30152
30152
30143
30139
30139
30137
30126
30126
30125
30125
30124
30122
30112
30108
30104
30102
30100
30098
30097
30094
30094
30092
30086
30081
30073
30065
30064
30060
30059
30053
30050
30049
30045
30037
30037
30033
30028
30025
30023
30018
30000
29994
29991
29990
29990
29985
29979
29975
29973
29962
29960
29959
29959
29958
29946
29945
29944
29940
29939
29939
29938
29934
29933
29933
29926
29917
29914
29908
29905
29898
29892
29892
29889
29889
29885
29882
29877
29871
29867
29866
29865
29859
29856
29855
29853
29853
29849
29838
29833
29833
29823
29823
29818
29814
29809
29805
29804
29799
29780
29778
29776
29771
29768
29767
29764
29758
29753
29748
29745
29743
29742
29742
29736
29735
29733
29727
29720
29718
29716
29714
29714
29710
29709
29706
29702
29698
29696
29695
29693
29685
29678
29678
29675
29675
29674
29671
29664
29661
29655
29647
29647
29644
29643
29641
29640
29637
29636
29635
29630
29626
29625
29624
29619
29619
29611
29609
29609
29604
29596
29584
29579
29571
29569
29567
29561
29551
29543
29536
29535
29534
29525
29524
29521
29515
29512
29507
29507
29505
29502
29498
29497
29496
29495
29495
29494
29494
29485
29481
29480
29474
29470
29461
29460
29455
29453
29452
29451
29440
29439
29431
29429
29424
29422
29421
29417
29417
29417
29415
29407
29403
29401
29400
29396
29394
29393
29390
29390
29386
29385
29381
29380
29376
29374
29374
29368
29364
29361
29360
29359
29352
29349
29343
29343
29337
29334
29332
29329
29318
29316
29307
29303
29301
29295
29292
29288
29285
29285
29281
29280
29279
29275
29274
29273
29273
29268
29268
29264
29264
29263
29261
29259
29255
29247
29246
29244
29242
29240
29239
29238
29237
29232
29229
29222
29219
29217
29215
29215
29214
29214
29210
29201
29199
29198
29197
29194
29189
29185
29182
29176
29175
29172
29171
29171
29164
29163
29149
29145
29141
29141
29134
29119
29113
29111
29104
29101
29100
29100
29099
29096
29090
29088
29084
29082
29077
29074
29073
29073
29073
29072
29071
29063
29056
29055
29055
29040
29035
29033
29033
29029
29029
29027
29027
29017
29012
29007
29006
29000
29000
28999
28997
28996
28996
28995
28993
28987
28971
28970
28969
28968
28957
28955
28937
28934
28931
28929
28922
28917
28914
28911
28909
28908
28907
28907
28907
28907
28899
28898
28895
28891
28888
28884
28880
28874
28872
28864
28861
28850
28849
28846
28841
28839
28839
28834
28834
28819
28806
28805
28803
28801
28801
28800
28796
28794
28792
28790
28790
28787
28783
28777
28774
28770
28762
28762
28758
28754
28751
28750
28749
28747
28746
28745
28743
28742
28734
28727
28716
28716
28714
28709
28708
28708
28701
28701
28691
28688
28680
28676
28675
28668
28667
28663
28661
28660
28658
28654
28654
28654
28652
28650
28650
28648
28644
28635
28635
28631
28629
28617
28614
28613
28602
28598
28594
28587
28587
28585
28582
28581
28579
28574
28573
28573
28572
28568
28567
28567
28565
28564
28563
28562
28561
28559
28551
28551
28548
28545
28543
28541
28537
28535
28533
28530
28528
28528
28525
28525
28523
28522
28520
28518
28515
28513
28510
28500
28493
28485
28485
28482
28481
28474
28465
28463
28461
28457
28453
28450
28446
28445
28441
28440
28436
28435
28433
28432
28431
28425
28421
28419
28418
28417
28413
28411
28409
28406
28406
28404
28395
28388
28382
28380
28379
28377
28375
28369
28368
28367
28366
28365
28362
28361
28360
28353
28350
28349
28349
28343
28335
28335
28332
28325
28323
28320
28312
28312
28311
28307
28307
28304
28303
28302
28300
28298
28296
28291
28288
28283
28280
28280
28280
28279
28275
28272
28267
28258
28255
28255
28249
28242
28238
28236
28232
28229
28228
28226
28212
28211
28203
28193
28191
28191
28185
28181
28171
28169
28166
28165
28151
28150
28148
28148
28148
28144
28134
28134
28131
28123
28121
28107
28105
28104
28100
28093
28087
28084
28080
28076
28076
28075
28075
28068
28068
28065
28064
28058
28055
28049
28046
28045
28045
28043
28042
28042
28036
28031
28030
28028
28026
28025
28015
28014
28010
28001
27991
27987
27985
27985
27978
27971
27970
27966
27961
27956
27954
27952
27952
27948
27943
27942
27942
27941
27941
27933
27927
27926
27922
27909
27898
27895
27894
27891
27891
27889
27884
27878
27874
27874
27869
27868
27866
27856
27849
27843
27843
27843
27843
27840
27840
27838
27834
27831
27830
27827
27824
27821
27811
27810
27808
27805
27803
27801
27796
27795
27786
27784
27775
27773
27767
27765
27758
27756
27755
27755
27750
27748
27743
27741
27738
27737
27735
27734
27731
27726
27726
27726
27725
27721
27720
27717
27713
27710
27710
27709
27709
27709
27708
27706
27700
27697
27694
27690
27686
27686
27676
27674
27670
27668
27667
27661
27656
27653
27650
27645
27643
27639
27637
27636
27633
27631
27630
27630
27626
27622
27611
27608
27604
27603
27601
27601
27600
27593
27593
27591
27585
27581
27580
27577
27576
27574
27574
27573
27569
27568
27561
27560
27559
27559
27552
27549
27544
27543
27540
27540
27537
27536
27534
27532
27525
27516
27516
27509
27504
27498
27496
27495
27477
27467
27462
27461
27454
27453
27450
27446
27446
27444
27441
27439
27430
27427
27424
27424
27424
27423
27422
27416
27414
27413
27413
27406
27396
27392
27392
27386
27385
27381
27380
27376
27376
27374
27372
27367
27365
27364
27358
27352
27351
27346
27345
27344
27340
27340
27338
27338
27333
27325
27317
27317
27309
27308
27308
27307
27305
27304
27296
27296
27294
27292
27288
27287
27287
27287
27285
27284
27275
27268
27259
27251
27251
27250
27249
27249
27245
27244
27235
27232
27232
27231
27225
27225
27224
27224
27219
27213
27212
27211
27210
27207
27202
27202
27192
27192
27190
27184
27184
27183
27179
27178
27167
27164
27163
27161
27159
27157
27157
27151
27150
27149
27133
27131
27131
27130
27129
27126
27118
27118
27114
27113
27112
27109
27106
27105
27102
27100
27100
27099
27095
27093
27092
27092
27090
27083
27078
27070
27070
27069
27067
27065
27061
27061
27056
27051
27048
27047
27045
27040
27039
27038
27036
27031
27028
27023
27021
27004
27003
27001
26997
26997
26993
26988
26988
26978
26977
26975
26967
26966
26962
26962
26956
26950
26950
26947
26945
26945
26944
26941
26940
26933
26933
26933
26929
26926
26923
26916
26913
26910
26909
26908
26906
26900
26897
26894
26891
26889
26888
26887
26887
26886
26872
26871
26870
26867
26866
26865
26859
26855
26854
26850
26838
26834
26827
26824
26815
26808
26802
26801
26795
26793
26790
26789
26787
26784
26784
26784
26781
26777
26772
26771
26765
26760
26760
26758
26756
26750
26748
26743
26742
26735
26734
26730
26728
26723
26722
26716
26715
26707
26703
26702
26697
26693
26691
26689
26679
26663
26660
26659
26654
26653
26653
26652
26640
26636
26635
26634
26631
26631
26625
26621
26618
26618
26617
26608
26605
26602
26599
26595
26595
26595
26592
26575
26574
26571
26569
26567
26565
26564
26556
26556
26555
26552
26551
26545
26543
26542
26541
26531
26528
26526
26525
26522
26514
26509
26503
26503
26499
26494
26492
26488
26484
26480
26480
26479
26478
26476
26476
26476
26471
26466
26458
26457
26452
26450
26443
26442
26441
26437
26437
26437
26430
26429
26429
26423
26420
26403
26400
26390
26385
26383
26383
26373
26370
26370
26369
26367
26363
26363
26362
26362
26360
26358
26352
26349
26344
26343
26342
26339
26337
26337
26334
26332
26330
26330
26326
26324
26323
26322
26319
26317
26315
26313
26313
26313
26311
26300
26290
26285
26285
26284
26284
26278
26274
26272
26270
26269
26267
26266
26261
26258
26252
26251
26248
26248
26247
26246
26244
26243
26240
26237
26235
26231
26231
26222
26220
26216
26212
26206
26202
26199
26198
26196
26194
26185
26183
26180
26179
26175
26174
26172
26170
26168
26167
26159
26156
26154
26153
26151
26150
26150
26141
26140
26138
26138
26137
26137
26136
26128
26127
26124
26123
26122
26122
26121
26120
26112
26112
26107
26106
26104
26104
26103
26103
26096
26090
26086
26080
26079
26078
26075
26074
26067
26065
26063
26053
26049
26039
26034
26024
26022
26018
26016
26012
26007
26005
26005
26004
26004
26000
25995
25994
25993
25993
25993
25979
25977
25976
25973
25971
25965
25964
25964
25961
25958
25948
25947
25946
25945
25945
25944
25942
25937
25932
25923
25921
25920
25918
25917
25916
25913
25912
25908
25898
25892
25884
25879
25877
25870
25867
25864
25858
25852
25851
25849
25846
25835
25822
25821
25819
25816
25814
25810
25806
25794
25792
25787
25787
25786
25783
25782
25782
25777
25770
25768
25767
25766
25761
25760
25757
25751
25748
25747
25739
25738
25738
25729
25727
25716
25714
25712
25709
25706
25703
25699
25697
25697
25693
25692
25691
25691
25688
25687
25685
25684
25683
25680
25669
25666
25660
25658
25656
25655
25654
25651
25648
25638
25637
25635
25630
25625
25622
25622
25613
25611
25610
25604
25604
25602
25597
25595
25595
25594
25593
25589
25588
25586
25585
25563
25554
25553
25547
25540
25531
25530
25525
25514
25506
25505
25504
25497
25492
25479
25474
25460
25460
25458
25456
25454
25453
25452
25452
25447
25441
25436
25434
25431
25430
25429
25422
25422
25421
25417
25416
25409
25404
25402
25394
25388
25379
25375
25366
25365
25359
25358
25356
25343
25342
25341
25336
25333
25330
25328
25326
25326
25325
25325
25324
25323
25321
25320
25320
25314
25313
25311
25305
25298
25297
25295
25294
25286
25283
25283
25280
25276
25276
25273
25272
25259
25240
25239
25238
25231
25217
25215
25208
25205
25199
25196
25190
25183
25171
25164
25163
25163
25161
25145
25144
25142
25141
25137
25131
25126
25125
25122
25122
25119
25111
25110
25107
25106
25103
25103
25101
25099
25097
25093
25093
25085
25079
25078
25076
25072
25072
25071
25069
25068
25065
25062
25058
25052
25047
25040
25039
25033
25033
25031
25028
25023
25019
25006
25000
24988
24980
24979
24973
24966
24966
24961
24960
24959
24958
24957
24956
24954
24952
24950
24948
24944
24940
24927
24924
24917
24916
24915
24911
24903
24898
24896
24895
24893
24891
24888
24885
24882
24881
24880
24873
24869
24867
24863
24853
24849
24849
24849
24848
24846
24838
24836
24835
24832
24823
24822
24820
24820
24818
24815
24809
24806
24805
24804
24804
24802
24801
24790
24781
24778
24776
24771
24768
24767
24765
24747
24744
24741
24738
24738
24729
24728
24723
24722
24720
24719
24712
24706
24701
24701
24700
24697
24686
24684
24683
24681
24681
24680
24680
24680
24676
24670
24670
24665
24660
24655
24649
24643
24640
24638
24637
24636
24635
24630
24630
24628
24623
24617
24616
24615
24613
24611
24607
24605
24605
24603
24599
24598
24596
24595
24593
24584
24582
24582
24581
24579
24564
24543
24536
24533
24532
24531
24526
24526
24525
24517
24516
24516
24509
24507
24504
24501
24498
24493
24491
24486
24485
24478
24474
24473
24471
24467
24443
24438
24438
24436
24434
24432
24430
24430
24428
24426
24425
24422
24422
24421
24415
24412
24410
24406
24376
24376
24361
24361
24357
24355
24347
24346
24342
24340
24340
24336
24336
24325
24325
24315
24312
24312
24312
24309
24305
24301
24300
24299
24291
24290
24285
24282
24280
24279
24273
24271
24269
24264
24259
24256
24252
24250
24245
24239
24239
24239
24234
24229
24219
24218
24218
24217
24213
24209
24209
24209
24206
24196
24196
24187
24186
24186
24183
24177
24175
24171
24161
24159
24156
24156
24154
24153
24149
24146
24144
24144
24141
24141
24137
24130
24128
24123
24122
24121
24119
24114
24114
24112
24110
24110
24107
24098
24090
24089
24081
24078
24073
24067
24055
24054
24051
24050
24049
24041
24038
24032
24032
24031
24025
24023
24019
24015
24001
24000
23998
23998
23998
23994
23993
23993
23986
23984
23983
23979
23973
23973
23971
23965
23964
23962
23959
23957
23951
23945
23945
23940
23937
23936
23934
23933
23931
23928
23927
23925
23923
23921
23916
23916
23915
23915
23907
23900
23900
23898
23896
23891
23888
23888
23884
23878
23874
23870
23869
23861
23860
23857
23853
23848
23847
23845
23844
23843
23840
23836
23834
23830
23827
23826
23819
23819
23810
23809
23807
23805
23803
23802
23799
23799
23798
23793
23793
23792
23780
23777
23777
23776
23767
23766
23766
23762
23761
23759
23758
23756
23750
23748
23748
23746
23746
23744
23739
23738
23737
23737
23736
23735
23731
23731
23731
23727
23719
23719
23718
23717
23717
23711
23701
23699
23691
23690
23687
23686
23686
23673
23671
23671
23669
23666
23655
23651
23644
23644
23643
23639
23637
23636
23631
23627
23624
23624
23617
23614
23603
23603
23602
23602
23589
23589
23581
23580
23579
23577
23573
23573
23567
23566
23561
23560
23556
23556
23553
23552
23539
23538
23531
23531
23529
23528
23528
23516
23514
23514
23510
23509
23493
23489
23488
23486
23485
23485
23484
23482
23481
23481
23479
23476
23475
23470
23469
23466
23459
23458
23452
23446
23445
23444
23439
23439
23438
23438
23438
23437
23436
23433
23431
23427
23421
23407
23407
23405
23403
23402
23399
23398
23391
23390
23388
23388
23382
23377
23372
23371
23370
23367
23364
23363
23362
23356
23353
23352
23351
23350
23347
23345
23345
23337
23334
23334
23334
23333
23333
23326
23324
23321
23319
23310
23310
23309
23307
23305
23303
23302
23299
23298
23294
23294
23290
23290
23287
23286
23281
23280
23277
23273
23272
23267
23266
23265
23261
23257
23256
23255
23251
23251
23249
23249
23248
23243
23242
23241
23240
23236
23232
23228
23226
23225
23218
23216
23214
23202
23202
23198
23188
23176
23174
23170
23169
23165
23162
23162
23159
23158
23155
23154
23146
23141
23140
23139
23130
23129
23124
23122
23122
23114
23112
23108
23108
23106
23105
23102
23100
23097
23092
23090
23084
23076
23074
23071
23070
23066
23063
23059
23058
23054
23053
23052
23051
23050
23033
23031
23030
23028
23022
23020
23016
23008
23006
22995
22994
22990
22989
22989
22988
22987
22986
22982
22981
22974
22972
22972
22968
22968
22959
22950
22947
22946
22946
22944
22939
22939
22938
22935
22934
22931
22925
22918
22915
22915
22913
22905
22901
22899
22897
22893
22886
22884
22882
22881
22876
22876
22876
22875
22857
22857
22853
22851
22844
22841
22833
22830
22829
22826
22820
22819
22813
22812
22810
22809
22805
22803
22797
22796
22793
22789
22788
22786
22782
22774
22774
22769
22765
22762
22758
22758
22758
22754
22752
22747
22747
22745
22744
22736
22732
22727
22725
22724
22720
22719
22708
22707
22703
22700
22696
22696
22694
22692
22688
22685
22684
22683
22682
22674
22664
22663
22663
22662
22662
22660
22656
22656
22653
22649
22648
22648
22642
22642
22640
22637
22634
22633
22624
22623
22621
22619
22616
22615
22610
22608
22607
22602
22599
22597
22594
22585
22583
22578
22573
22570
22569
22563
22562
22556
22540
22538
22536
22536
22534
22531
22531
22530
22528
22527
22524
22515
22515
22515
22513
22511
22510
22499
22494
22494
22492
22490
22489
22487
22481
22477
22475
22470
22468
22466
22463
22454
22451
22450
22447
22444
22444
22443
22437
22432
22417
22414
22409
22403
22396
22388
22384
22381
22380
22379
22377
22370
22364
22363
22362
22361
22359
22357
22351
22349
22348
22346
22346
22342
22340
22338
22337
22331
22326
22325
22322
22321
22314
22310
22294
22293
22292
22290
22287
22285
22275
22275
22266
22262
22261
22254
22246
22242
22240
22240
22236
22232
22229
22224
22222
22222
22221
22216
22216
22215
22212
22206
22194
22192
22191
22184
22178
22172
22168
22167
22165
22162
22159
22158
22158
22156
22156
22151
22151
22140
22138
22135
22132
22129
22128
22127
22121
22118
22114
22113
22112
22112
22110
22106
22106
22104
22097
22095
22075
22074
22073
22068
22067
22065
22064
22061
22054
22046
22045
22033
22031
22027
22019
22018
22014
22012
22012
22010
22008
22005
22002
21994
21985
21985
21984
21978
21976
21971
21971
21957
21955
21952
21950
21949
21941
21935
21934
21930
21926
21920
21915
21910
21907
21906
21905
21905
21904
21902
21900
21899
21897
21896
21895
21894
21893
21891
21890
21887
21885
21884
21883
21883
21874
21873
21865
21861
21859
21856
21854
21852
21845
21842
21838
21838
21834
21833
21831
21828
21827
21826
21824
21819
21818
21814
21808
21803
21796
21790
21788
21784
21783
21782
21782
21779
21776
21770
21768
21767
21766
21766
21761
21761
21758
21756
21755
21752
21749
21747
21746
21746
21742
21740
21738
21735
21735
21733
21733
21732
21732
21732
21724
21722
21721
21714
21712
21709
21706
21703
21698
21696
21696
21687
21683
21683
21682
21680
21674
21672
21672
21669
21668
21665
21664
21658
21649
21647
21641
21640
21639
21638
21633
21631
21630
21629
21628
21612
21608
21602
21592
21590
21584
21577
21576
21574
21571
21570
21569
21567
21562
21560
21554
21553
21552
21550
21545
21539
21535
21514
21504
21500
21489
21488
21483
21481
21476
21469
21462
21460
21457
21454
21454
21448
21445
21442
21441
21441
21437
21437
21431
21431
21430
21430
21426
21423
21419
21416
21415
21413
21413
21412
21409
21407
21406
21401
21400
21400
21398
21398
21392
21389
21386
21384
21383
21381
21380
21378
21376
21375
21370
21368
21362
21359
21351
21349
21348
21342
21334
21332
21331
21328
21316
21307
21306
21298
21297
21295
21292
21290
21284
21281
21278
21277
21276
21276
21273
21265
21262
21262
21261
21259
21255
21247
21237
21234
21233
21229
21227
21226
21223
21219
21215
21214
21214
21211
21211
21210
21209
21202
21202
21197
21195
21192
21190
21181
21178
21172
21170
21170
21169
21169
21167
21166
21166
21164
21161
21159
21156
21156
21154
21150
21149
21148
21147
21142
21139
21124
21124
21118
21116
21113
21110
21110
21109
21108
21106
21105
21104
21089
21087
21084
21071
21067
21064
21060
21046
21038
21029
21029
21020
21019
21016
21005
20999
20997
20997
20995
20994
20993
20986
20968
20966
20962
20962
20961
20949
20945
20938
20936
20933
20926
20924
20924
20917
20915
20913
20912
20909
20907
20899
20892
20890
20889
20882
20878
20877
20874
20868
20862
20856
20855
20855
20854
20853
20848
20847
20844
20834
20826
20825
20819
20815
20811
20808
20808
20803
20800
20800
20798
20792
20782
20773
20773
20772
20769
20768
20755
20750
20746
20740
20736
20732
20722
20721
20712
20702
20696
20690
20689
20679
20679
20671
20670
20665
20657
20656
20651
20650
20642
20641
20639
20638
20635
20632
20626
20622
20617
20615
20614
20613
20608
20607
20604
20603
20602
20601
20600
20600
20599
20597
20594
20593
20593
20592
20592
20586
20585
20583
20579
20576
20576
20575
20566
20561
20560
20558
20556
20552
20549
20549
20542
20528
20519
20516
20512
20511
20506
20506
20501
20498
20495
20486
20486
20484
20483
20481
20481
20475
20473
20470
20467
20467
20465
20463
20462
20457
20448
20444
20442
20440
20439
20437
20435
20432
20431
20429
20425
20421
20420
20420
20416
20413
20409
20407
20406
20404
20399
20399
20398
20396
20396
20394
20394
20394
20391
20388
20381
20376
20376
20369
20355
20354
20351
20348
20343
20341
20339
20332
20328
20322
20321
20319
20309
20308
20308
20308
20301
20296
20296
20295
20293
20290
20289
20283
20281
20279
20271
20270
20267
20262
20260
20257
20257
20254
20249
20245
20245
20244
20244
20243
20239
20233
20231
20228
20224
20220
20220
20215
20215
20214
20209
20207
20202
20198
20194
20190
20185
20179
20172
20171
20171
20167
20166
20159
20158
20150
20149
20140
20127
20125
20124
20124
20122
20122
20119
20115
20102
20098
20095
20093
20086
20083
20082
20071
20068
20067
20067
20061
20059
20058
20052
20049
20037
20033
20028
20027
20023
20013
20009
20006
20004
20003
20001
19997
19988
19987
19985
19984
19984
19980
19979
19976
19973
19972
19970
19964
19954
19943
19942
19930
19929
19929
19928
19923
19914
19909
19908
19902
19900
19900
19897
19895
19894
19893
19890
19886
19886
19872
19869
19869
19868
19859
19856
19855
19840
19834
19828
19828
19820
19817
19813
19809
19800
19798
19797
19793
19788
19788
19780
19772
19767
19765
19765
19765
19750
19746
19744
19742
19736
19732
19732
19730
19729
19728
19727
19726
19722
19715
19710
19709
19709
19702
19698
19695
19692
19686
19682
19682
19681
19680
19677
19674
19671
19661
19648
19648
19646
19643
19637
19635
19629
19627
19625
19622
19622
19620
19620
19618
19616
19611
19610
19598
19578
19573
19571
19562
19559
19555
19530
19527
19527
19525
19522
19519
19517
19510
19504
19501
19500
19499
19497
19493
19491
19483
19479
19473
19471
19465
19464
19462
19455
19455
19452
19445
19445
19441
19438
19434
19434
19433
19429
19427
19427
19426
19420
19420
19419
19416
19412
19411
19410
19405
19395
19395
19392
19390
19387
19381
19381
19378
19372
19371
19366
19364
19363
19361
19349
19349
19348
19347
19346
19345
19345
19342
19338
19338
19336
19335
19330
19327
19327
19326
19324
19317
19315
19314
19311
19311
19310
19308
19307
19303
19298
19292
19289
19287
19278
19277
19274
19268
19264
19259
19257
19253
19250
19244
19244
19241
19241
19241
19235
19226
19222
19220
19219
19217
19214
19213
19212
19207
19204
19202
19198
19193
19192
19186
19185
19182
19179
19177
19175
19170
19170
19162
19162
19152
19146
19137
19134
19121
19118
19115
19109
19109
19104
19103
19094
19091
19087
19083
19077
19067
19061
19055
19055
19053
19045
19043
19040
19039
19036
19036
19035
19034
19031
19026
19025
19023
19020
19018
19017
19015
19008
19001
18995
18994
18993
18990
18981
18970
18966
18964
18964
18959
18941
18941
18929
18925
18924
18923
18923
18919
18919
18911
18907
18901
18894
18891
18888
18884
18875
18874
18873
18867
18862
18862
18861
18858
18858
18855
18850
18846
18845
18842
18841
18840
18838
18837
18833
18829
18825
18822
18816
18814
18811
18801
18800
18799
18793
18787
18785
18784
18780
18779
18778
18775
18766
18764
18764
18761
18761
18755
18753
18753
18741
18740
18739
18738
18735
18731
18727
18727
18723
18718
18717
18704
18701
18696
18691
18688
18685
18683
18674
18672
18671
18666
18661
18660
18659
18659
18658
18645
18643
18641
18641
18640
18637
18636
18636
18634
18630
18630
18628
18627
18622
18618
18617
18615
18614
18605
18605
18599
18599
18595
18593
18592
18589
18587
18586
18585
18580
18578
18574
18565
18564
18563
18563
18559
18557
18556
18552
18552
18550
18548
18546
18543
18542
18530
18530
18528
18527
18526
18525
18523
18520
18519
18516
18514
18508
18496
18494
18489
18489
18487
18487
18486
18483
18477
18474
18473
18468
18464
18458
18451
18449
18447
18444
18444
18439
18436
18431
18430
18428
18412
18411
18409
18407
18403
18401
18397
18391
18390
18389
18388
18386
18386
18379
18372
18371
18371
18368
18367
18365
18364
18361
18350
18343
18343
18341
18341
18335
18332
18332
18328
18328
18325
18317
18314
18313
18311
18307
18302
18295
18293
18285
18281
18269
18268
18266
18265
18264
18261
18258
18251
18249
18246
18244
18243
18240
18238
18235
18234
18232
18232
18226
18225
18223
18223
18222
18215
18215
18207
18197
18195
18194
18194
18194
18193
18190
18184
18182
18182
18177
18176
18176
18169
18168
18166
18164
18164
18163
18157
18155
18152
18150
18150
18146
18141
18140
18137
18131
18130
18126
18122
18115
18115
18114
18111
18110
18110
18109
18107
18105
18104
18094
18091
18090
18082
18081
18079
18075
18067
18064
18062
18054
18054
18047
18044
18043
18041
18039
18039
18036
18032
18031
18028
18028
18028
18027
18025
18024
18024
18024
18023
18023
18019
18017
18015
18006
18005
18005
18003
17995
17983
17982
17978
17974
17973
17959
17958
17957
17956
17954
17950
17947
17943
17942
17937
17934
17934
17931
17930
17929
17925
17922
17920
17914
17912
17908
17899
17891
17887
17885
17883
17880
17879
17878
17877
17874
17870
17869
17867
17866
17863
17856
17854
17851
17848
17844
17842
17840
17836
17833
17830
17829
17828
17826
17824
17824
17823
17817
17814
17814
17813
17811
17809
17808
17808
17802
17802
17800
17796
17795
17794
17792
17789
17786
17784
17777
17774
17769
17756
17752
17748
17745
17743
17743
17741
17736
17735
17734
17734
17734
17730
17730
17729
17729
17726
17720
17715
17712
17711
17709
17707
17706
17704
17695
17693
17690
17687
17687
17686
17685
17684
17684
17679
17679
17674
17669
17669
17668
17665
17664
17663
17659
17655
17654
17654
17652
17649
17644
17641
17639
17635
17634
17630
17628
17628
17626
17625
17622
17619
17616
17605
17604
17603
17603
17603
17599
17595
17588
17582
17578
17576
17576
17571
17569
17566
17563
17557
17553
17545
17544
17539
17534
17533
17533
17529
17529
17522
17521
17515
17511
17511
17509
17502
17493
17479
17475
17474
17472
17469
17467
17467
17464
17457
17455
17447
17443
17443
17442
17441
17440
17434
17430
17430
17428
17428
17427
17425
17425
17422
17421
17420
17417
17416
17414
17413
17411
17409
17400
17399
17395
17391
17391
17389
17388
17385
17382
17381
17378
17378
17369
17368
17367
17361
17358
17357
17356
17347
17344
17343
17342
17340
17339
17337
17335
17331
17329
17325
17323
17321
17314
17313
17311
17309
17302
17301
17297
17297
17295
17295
17294
17289
17288
17285
17284
17281
17280
17279
17276
17273
17270
17269
17266
17266
17261
17259
17257
17257
17251
17250
17248
17240
17239
17233
17229
17225
17224
17216
17213
17208
17206
17203
17200
17198
17195
17195
17188
17183
17178
17173
17170
17163
17163
17161
17159
17158
17158
17158
17150
17147
17144
17144
17142
17137
17123
17118
17116
17114
17109
17106
17105
17104
17103
17101
17099
17097
17093
17088
17085
17081
17081
17080
17076
17071
17065
17059
17056
17054
17052
17049
17046
17042
17041
17040
17040
17040
17039
17033
17031
17027
17023
17020
17020
17008
17004
17000
16999
16998
16994
16992
16978
16965
16959
16955
16953
16944
16938
16935
16935
16932
16921
16919
16917
16908
16907
16906
16904
16902
16898
16893
16889
16888
16880
16876
16873
16871
16855
16848
16847
16841
16840
16835
16834
16829
16827
16823
16823
16822
16822
16816
16814
16809
16805
16799
16798
16797
16786
16784
16779
16777
16775
16761
16760
16752
16752
16750
16740
16738
16737
16736
16735
16734
16729
16725
16717
16717
16716
16714
16712
16709
16705
16697
16696
16696
16694
16691
16689
16688
16685
16684
16683
16682
16681
16667
16657
16657
16657
16653
16648
16648
16643
16641
16640
16625
16625
16625
16603
16602
16596
16596
16591
16590
16588
16587
16587
16583
16582
16580
16575
16573
16573
16572
16571
16569
16566
16555
16553
16550
16548
16548
16547
16545
16543
16541
16539
16539
16536
16534
16534
16529
16525
16521
16518
16517
16513
16510
16492
16492
16484
16471
16468
16465
16459
16450
16444
16444
16443
16438
16437
16431
16431
16430
16429
16429
16428
16427
16427
16421
16421
16419
16417
16412
16411
16408
16407
16406
16405
16405
16403
16401
16399
16398
16394
16388
16377
16371
16361
16361
16360
16357
16353
16342
16340
16332
16326
16326
16311
16310
16309
16309
16308
16304
16298
16294
16292
16287
16278
16274
16274
16272
16270
16263
16263
16258
16254
16253
16253
16253
16250
16248
16246
16245
16243
16239
16232
16231
16230
16224
16222
16219
16215
16213
16204
16200
16199
16199
16187
16186
16183
16172
16171
16160
16155
16153
16153
16152
16144
16139
16134
16125
16123
16121
16113
16103
16102
16099
16088
16087
16082
16080
16079
16079
16065
16054
16046
16043
16042
16042
16034
16034
16033
16032
16026
16026
16023
16021
16020
16018
16016
16013
16008
16006
16005
15997
15995
15994
15993
15977
15973
15970
15968
15966
15966
15965
15963
15962
15958
15955
15953
15951
15948
15943
15939
15938
15937
15935
15935
15934
15932
15931
15929
15927
15920
15919
15917
15915
15907
15906
15903
15897
15897
15886
15883
15878
15874
15870
15868
15867
15864
15861
15860
15859
15857
15853
15853
15848
15847
15846
15838
15829
15828
15828
15824
15823
15822
15815
15815
15810
15808
15803
15801
15798
15791
15779
15776
15774
15774
15769
15758
15758
15758
15752
15750
15742
15738
15738
15737
15737
15733
15723
15718
15715
15713
15709
15709
15703
15701
15697
15697
15686
15682
15678
15676
15673
15672
15670
15669
15666
15665
15659
15654
15649
15646
15638
15637
15637
15634
15630
15624
15623
15622
15621
15621
15617
15616
15616
15612
15607
15607
15606
15606
15601
15600
15600
15600
15599
15598
15596
15596
15590
15588
15588
15581
15574
15573
15569
15569
15566
15566
15561
15553
15545
15538
15537
15536
15530
15529
15527
15523
15521
15521
15520
15520
15518
15517
15516
15515
15512
15511
15508
15503
15501
15493
15491
15491
15490
15490
15487
15477
15476
15472
15471
15469
15469
15461
15461
15459
15455
15453
15451
15448
15440
15435
15434
15434
15428
15425
15425
15422
15410
15404
15403
15402
15402
15402
15396
15394
15388
15378
15374
15364
15362
15358
15355
15355
15354
15353
15353
15350
15347
15344
15342
15339
15335
15333
15330
15328
15326
15323
15320
15318
15316
15316
15309
15307
15301
15297
15296
15296
15294
15287
15283
15281
15279
15276
15271
15269
15266
15264
15263
15263
15259
15258
15250
15250
15249
15249
15244
15243
15234
15229
15225
15225
15222
15221
15210
15209
15207
15202
15201
15200
15194
15192
15192
15191
15191
15188
15182
15182
15181
15174
15167
15166
15158
15156
15143
15138
15138
15137
15136
15133
15130
15129
15127
15125
15119
15117
15113
15111
15111
15107
15099
15099
15097
15095
15094
15088
15081
15081
15076
15070
15068
15058
15056
15048
15046
15043
15036
15035
15031
15030
15028
15020
15015
15014
15012
15006
14995
14995
14992
14990
14984
14982
14979
14977
14965
14964
14960
14952
14952
14951
14944
14941
14939
14931
14929
14926
14923
14918
14911
14911
14907
14901
14899
14898
14894
14892
14879
14872
14872
14872
14860
14860
14856
14852
14843
14842
14842
14841
14841
14831
14829
14828
14820
14815
14814
14811
14800
14798
14795
14789
14787
14785
14778
14777
14773
14772
14768
14767
14766
14760
14758
14756
14755
14753
14749
14746
14743
14728
14727
14724
14722
14718
14717
14713
14713
14711
14706
14700
14699
14699
14693
14686
14685
14681
14680
14666
14665
14657
14649
14645
14645
14637
14635
14629
14629
14619
14619
14617
14613
14609
14607
14607
14604
14604
14602
14599
14593
14588
14586
14574
14572
14570
14560
14557
14556
14556
14547
14546
14545
14544
14541
14537
14536
14536
14536
14536
14535
14532
14530
14528
14519
14514
14509
14507
14506
14506
14504
14499
14493
14482
14481
14481
14474
14472
14470
14469
14468
14465
14463
14462
14458
14456
14455
14455
14452
14447
14446
14445
14440
14439
14438
14433
14433
14428
14426
14425
14419
14416
14413
14408
14408
14396
14395
14383
14381
14376
14374
14365
14363
14363
14356
14350
14346
14344
14341
14338
14336
14332
14331
14329
14328
14327
14324
14318
14316
14306
14303
14298
14293
14291
14288
14286
14275
14272
14269
14262
14260
14254
14253
14239
14237
14237
14232
14229
14227
14223
14222
14221
14221
14218
14216
14214
14206
14204
14201
14200
14197
14196
14195
14192
14192
14185
14184
14178
14171
14171
14170
14166
14161
14159
14152
14152
14141
14132
14131
14118
14115
14113
14111
14110
14106
14106
14103
14098
14095
14091
14088
14086
14084
14083
14082
14081
14077
14072
14071
14057
14056
14056
14053
14044
14044
14039
14038
14035
14032
14029
14028
14027
14027
14022
14018
14012
14007
14006
14003
13990
13986
13977
13977
13975
13972
13965
13964
13962
13961
13957
13952
13945
13945
13937
13935
13931
13931
13931
13929
13928
13926
13921
13917
13913
13907
13906
13903
13902
13901
13897
13896
13895
13895
13895
13894
13892
13891
13890
13889
13886
13882
13882
13880
13877
13875
13870
13866
13860
13860
13853
13851
13832
13821
13818
13818
13815
13808
13804
13801
13798
13798
13793
13790
13788
13784
13783
13778
13778
13776
13775
13774
13773
13773
13772
13763
13763
13762
13761
13760
13752
13751
13748
13747
13745
13743
13741
13740
13736
13733
13732
13732
13731
13723
13723
13723
13722
13717
13714
13713
13712
13712
13712
13708
13702
13701
13701
13698
13697
13696
13692
13676
13664
13661
13659
13655
13647
13645
13644
13643
13638
13636
13629
13624
13624
13623
13620
13620
13618
13611
13607
13588
13584
13581
13579
13579
13574
13564
13563
13557
13554
13551
13550
13549
13545
13545
13542
13541
13541
13540
13538
13534
13534
13533
13533
13532
13532
13531
13530
13529
13523
13519
13518
13505
13503
13502
13500
13498
13498
13497
13494
13490
13479
13477
13471
13466
13466
13466
13463
13463
13463
13462
13462
13454
13447
13446
13432
13430
13430
13428
13428
13413
13407
13406
13401
13400
13393
13391
13378
13374
13371
13371
13368
13367
13363
13362
13360
13359
13358
13354
13353
13346
13344
13342
13339
13336
13335
13331
13329
13329
13325
13324
13321
13320
13319
13308
13301
13299
13295
13289
13285
13282
13281
13279
13279
13277
13275
13271
13263
13261
13257
13257
13255
13249
13242
13242
13240
13238
13238
13232
13232
13229
13228
13227
13213
13212
13210
13207
13206
13200
13199
13192
13191
13188
13188
13184
13180
13178
13176
13176
13170
13169
13169
13167
13163
13161
13146
13143
13142
13140
13140
13140
13137
13134
13132
13125
13124
13124
13117
13115
13114
13113
13112
13110
13110
13105
13104
13102
13102
13097
13095
13094
13091
13090
13088
13087
13086
13083
13082
13079
13078
13071
13068
13067
13067
13066
13056
13050
13044
13041
13038
13038
13036
13036
13034
13033
13031
13026
13020
13016
13011
13007
13003
12998
12998
12989
12988
12987
12982
12978
12975
12973
12967
12967
12964
12964
12963
12963
12960
12959
12957
12949
12948
12942
12942
12940
12938
12937
12937
12937
12934
12929
12928
12920
12917
12915
12914
12908
12903
12894
12893
12893
12890
12888
12885
12884
12879
12871
12864
12862
12861
12861
12856
12856
12856
12855
12852
12852
12850
12844
12841
12838
12838
12826
12816
12816
12813
12810
12806
12802
12802
12801
12800
12800
12799
12791
12786
12784
12777
12776
12775
12768
12764
12757
12756
12754
12754
12750
12749
12747
12745
12743
12738
12736
12734
12731
12727
12724
12723
12723
12722
12721
12716
12715
12704
12697
12695
12694
12694
12691
12687
12684
12675
12674
12672
12667
12651
12651
12649
12649
12642
12641
12634
12632
12631
12631
12627
12626
12624
12622
12618
12616
12614
12606
12600
12597
12586
12586
12581
12578
12575
12575
12572
12566
12561
12556
12554
12554
12551
12551
12547
12545
12544
12542
12540
12539
12534
12534
12533
12533
12527
12522
12520
12515
12510
12510
12504
12502
12501
12500
12493
12481
12469
12464
12463
12462
12459
12453
12448
12444
12440
12438
12426
12424
12420
12419
12419
12418
12414
12410
12406
12405
12405
12403
12398
12398
12396
12394
12393
12393
12393
12386
12377
12372
12371
12368
12363
12361
12358
12358
12357
12352
12350
12343
12341
12338
12338
12331
12330
12322
12320
12317
12317
12312
12303
12302
12290
12289
12288
12288
12288
12285
12283
12281
12278
12274
12272
12271
12269
12265
12263
12263
12261
12261
12260
12258
12250
12234
12231
12225
12223
12217
12216
12215
12212
12208
12207
12207
12199
12197
12197
12190
12190
12188
12184
12182
12178
12175
12170
12169
12166
12163
12162
12160
12156
12155
12152
12152
12150
12145
12145
12144
12144
12142
12141
12139
12136
12130
12121
12117
12115
12104
12104
12103
12099
12098
12090
12090
12088
12084
12080
12079
12078
12074
12071
12067
12066
12066
12062
12055
12054
12048
12041
12038
12035
12029
12018
12012
12005
11998
11995
11995
11994
11985
11984
11983
11982
11981
11980
11969
11965
11962
11961
11960
11958
11956
11955
11955
11955
11954
11943
11941
11937
11933
11933
11932
11930
11925
11923
11922
11918
11916
11913
11913
11910
11910
11905
11901
11898
11894
11885
11885
11882
11879
11878
11870
11868
11868
11865
11859
11859
11852
11848
11841
11835
11834
11826
11826
11825
11822
11819
11819
11813
11810
11804
11803
11801
11796
11792
11788
11784
11781
11779
11773
11770
11766
11765
11765
11763
11761
11755
11754
11753
11741
11739
11738
11732
11729
11724
11724
11724
11723
11720
11720
11719
11716
11704
11703
11702
11702
11701
11696
11695
11691
11688
11687
11686
11684
11676
11674
11672
11670
11669
11667
11665
11663
11652
11639
11639
11635
11632
11631
11629
11629
11621
11617
11614
11607
11604
11603
11601
11591
11586
11578
11577
11567
11567
11565
11563
11563
11551
11548
11544
11537
11531
11529
11529
11528
11520
11518
11515
11512
11512
11507
11506
11493
11491
11488
11485
11479
11475
11468
11468
11467
11466
11465
11459
11458
11457
11451
11450
11449
11448
11440
11429
11427
11419
11418
11417
11412
11407
11397
11397
11395
11391
11387
11384
11375
11375
11370
11368
11361
11354
11353
11351
11348
11345
11339
11338
11328
11328
11328
11320
11310
11305
11294
11294
11293
11291
11285
11279
11279
11261
11259
11251
11249
11247
11240
11240
11239
11233
11213
11211
11202
11201
11197
11195
11189
11189
11186
11177
11163
11161
11161
11160
11155
11152
11150
11145
11142
11140
11134
11132
11130
11125
11114
11113
11112
11111
11107
11105
11096
11095
11080
11079
11078
11076
11071
11069
11068
11067
11065
11062
11061
11060
11051
11051
11036
11036
11036
11036
11036
11034
11034
11026
11024
11022
11014
11009
11002
11000
10997
10996
10990
10988
10984
10983
10982
10978
10977
10976
10971
10963
10962
10961
10959
10959
10957
10954
10952
10951
10946
10941
10937
10934
10934
10931
10930
10925
10924
10922
10916
10915
10914
10911
10906
10902
10895
10895
10894
10891
10891
10891
10889
10887
10886
10883
10877
10872
10872
10870
10870
10866
10864
10859
10857
10855
10855
10852
10840
10840
10837
10836
10835
10831
10830
10828
10819
10817
10817
10815
10813
10804
10803
10801
10799
10797
10796
10792
10791
10787
10779
10777
10777
10771
10771
10766
10756
10752
10751
10748
10742
10742
10739
10738
10737
10736
10731
10727
10719
10718
10718
10714
10714
10713
10712
10710
10710
10703
10700
10698
10687
10687
10685
10680
10678
10677
10674
10670
10669
10668
10667
10664
10664
10663
10658
10657
10654
10654
10654
10651
10650
10644
10642
10640
10640
10633
10631
10629
10628
10627
10627
10622
10617
10613
10612
10607
10605
10602
10602
10598
10597
10595
10594
10593
10591
10590
10587
10578
10574
10574
10573
10573
10572
10570
10565
10560
10559
10556
10555
10554
10552
10550
10548
10541
10540
10534
10531
10531
10527
10526
10521
10519
10515
10508
10503
10498
10493
10487
10484
10481
10478
10473
10470
10466
10458
10457
10456
10455
10453
10452
10452
10443
10438
10438
10435
10434
10425
10425
10422
10420
10409
10408
10405
10398
10390
10387
10384
10383
10381
10373
10371
10371
10367
10360
10355
10354
10349
10344
10344
10342
10330
10330
10318
10316
10316
10315
10313
10311
10309
10305
10303
10290
10289
10287
10286
10282
10278
10273
10267
10265
10259
10259
10258
10256
10256
10256
10247
10239
10236
10232
10232
10227
10224
10223
10223
10216
10213
10213
10210
10209
10209
10208
10201
10200
10192
10191
10190
10183
10178
10178
10177
10175
10171
10164
10163
10159
10159
10152
10152
10142
10140
10130
10128
10128
10128
10121
10110
10109
10108
10103
10103
10102
10100
10098
10095
10093
10093
10083
10077
10077
10076
10076
10074
10073
10069
10069
10065
10064
10059
10053
10052
10051
10047
10045
10038
10038
10024
10021
10019
10017
10017
10016
10014
10012
10012
10010
10008
10007
10006
10002
10002
9999
9995
9984
9978
9975
9968
9966
9961
9958
9958
9957
9957
9955
9937
9928
9926
9925
9925
9923
9915
9911
9908
9904
9902
9901
9901
9899
9899
9894
9894
9890
9889
9883
9882
9879
9875
9873
9871
9870
9865
9860
9852
9852
9841
9838
9837
9837
9824
9820
9819
9817
9817
9812
9811
9808
9807
9803
9802
9800
9798
9798
9796
9795
9794
9794
9792
9792
9790
9789
9788
9787
9782
9781
9777
9772
9769
9762
9762
9751
9747
9747
9746
9746
9741
9737
9730
9725
9718
9717
9716
9715
9714
9713
9709
9707
9697
9697
9687
9686
9684
9682
9671
9671
9666
9664
9660
9658
9656
9652
9649
9647
9646
9639
9639
9639
9638
9637
9636
9635
9632
9627
9626
9616
9604
9604
9604
9603
9602
9599
9593
9593
9592
9592
9588
9584
9577
9574
9573
9567
9563
9561
9560
9555
9552
9550
9546
9539
9527
9525
9524
9524
9523
9519
9514
9514
9514
9513
9508
9505
9502
9502
9502
9502
9498
9496
9493
9493
9492
9486
9481
9475
9472
9462
9459
9437
9434
9431
9423
9421
9419
9418
9418
9417
9411
9405
9400
9399
9398
9394
9394
9393
9388
9386
9385
9379
9376
9374
9371
9370
9368
9367
9362
9356
9344
9342
9339
9339
9338
9337
9334
9328
9326
9325
9325
9322
9318
9314
9314
9313
9310
9308
9307
9306
9301
9300
9293
9293
9291
9291
9286
9285
9282
9281
9276
9269
9267
9263
9256
9242
9242
9240
9235
9234
9231
9219
9212
9210
9208
9206
9194
9190
9190
9185
9173
9164
9163
9159
9159
9154
9138
9129
9129
9102
9099
9099
9093
9093
9090
9089
9087
9076
9075
9069
9065
9065
9062
9061
9059
9054
9049
9047
9046
9044
9037
9036
9032
9032
9031
9029
9022
9020
9019
9018
9012
9002
9001
8994
8993
8973
8972
8972
8969
8965
8956
8953
8949
8947
8946
8942
8941
8940
8939
8938
8936
8935
8930
8926
8925
8916
8908
8905
8897
8891
8882
8879
8872
8867
8865
8863
8861
8855
8846
8841
8840
8836
8835
8832
8826
8825
8819
8817
8813
8812
8804
8803
8795
8792
8788
8787
8785
8780
8776
8773
8773
8770
8765
8758
8756
8754
8752
8749
8748
8738
8724
8719
8699
8696
8694
8694
8692
8677
8676
8675
8674
8668
8666
8666
8665
8663
8653
8652
8651
8645
8635
8635
8632
8621
8621
8615
8613
8613
8613
8604
8603
8597
8594
8594
8589
8587
8584
8582
8580
8579
8579
8577
8572
8569
8567
8565
8559
8550
8549
8548
8540
8538
8531
8531
8517
8517
8512
8508
8504
8501
8500
8497
8492
8488
8481
8481
8463
8462
8461
8453
8449
8447
8446
8444
8442
8441
8434
8424
8421
8416
8415
8414
8413
8409
8409
8406
8394
8388
8384
8381
8378
8365
8359
8358
8356
8348
8344
8342
8341
8335
8333
8323
8319
8316
8316
8315
8314
8312
8311
8302
8300
8288
8287
8287
8284
8283
8282
8279
8275
8274
8271
8259
8257
8254
8250
8246
8240
8239
8235
8234
8232
8231
8230
8227
8226
8221
8220
8220
8218
8214
8207
8207
8206
8204
8204
8203
8193
8189
8180
8176
8171
8168
8161
8158
8158
8156
8155
8154
8152
8152
8149
8142
8139
8135
8131
8127
8125
8123
8123
8115
8112
8111
8109
8100
8100
8091
8089
8089
8087
8076
8075
8073
8067
8061
8058
8058
8053
8051
8051
8049
8048
8048
8048
8041
8040
8036
8036
8024
8017
8015
8014
8013
8006
8004
8001
8000
7999
7999
7997
7996
7995
7993
7989
7986
7983
7974
7967
7960
7959
7954
7954
7947
7945
7944
7943
7941
7936
7936
7935
7933
7932
7932
7927
7926
7924
7921
7918
7915
7914
7911
7901
7900
7899
7894
7894
7888
7886
7873
7864
7860
7854
7848
7838
7836
7836
7835
7833
7829
7824
7818
7818
7817
7816
7814
7810
7807
7807
7804
7801
7798
7795
7791
7791
7785
7781
7781
7779
7776
7772
7770
7767
7763
7760
7759
7754
7753
7751
7750
7745
7738
7733
7733
7730
7730
7719
7717
7711
7708
7706
7706
7701
7689
7687
7685
7678
7675
7673
7668
7663
7662
7658
7655
7650
7645
7643
7640
7637
7630
7628
7627
7621
7615
7614
7609
7608
7607
7605
7603
7601
7600
7600
7599
7597
7595
7595
7593
7591
7591
7590
7590
7589
7582
7581
7578
7578
7573
7573
7570
7563
7563
7562
7560
7553
7550
7547
7541
7541
7539
7533
7526
7525
7524
7523
7518
7511
7508
7504
7500
7495
7489
7488
7486
7480
7477
7469
7465
7459
7457
7447
7445
7437
7435
7434
7430
7430
7429
7424
7423
7423
7420
7419
7417
7415
7412
7406
7406
7405
7397
7397
7395
7393
7393
7391
7387
7384
7383
7383
7377
7368
7360
7350
7344
7344
7344
7342
7337
7336
7335
7335
7330
7329
7323
7322
7317
7316
7314
7311
7310
7309
7306
7304
7299
7291
7285
7281
7281
7281
7278
7268
7266
7266
7264
7262
7262
7260
7255
7253
7252
7244
7244
7243
7238
7234
7234
7229
7222
7221
7209
7208
7208
7203
7202
7198
7193
7191
7180
7174
7164
7159
7156
7154
7152
7147
7146
7144
7142
7138
7137
7128
7128
7126
7124
7122
7119
7118
7117
7115
7110
7106
7101
7101
7100
7097
7095
7094
7092
7086
7084
7079
7078
7077
7076
7072
7070
7068
7067
7063
7061
7059
7055
7053
7053
7048
7046
7043
7035
7024
7024
7021
7019
7018
7015
7014
7003
7002
7001
6992
6991
6990
6986
6984
6983
6981
6979
6970
6966
6963
6959
6958
6958
6957
6953
6933
6924
6920
6916
6913
6909
6899
6897
6893
6891
6889
6881
6880
6877
6877
6869
6865
6863
6861
6858
6857
6856
6856
6856
6855
6851
6848
6847
6838
6828
6825
6825
6824
6817
6813
6811
6806
6806
6803
6800
6792
6790
6787
6785
6782
6782
6780
6775
6773
6768
6762
6761
6760
6760
6758
6753
6751
6745
6741
6738
6735
6734
6731
6728
6727
6726
6726
6726
6723
6715
6714
6703
6701
6697
6695
6694
6692
6691
6690
6687
6685
6682
6676
6675
6674
6670
6670
6667
6658
6652
6650
6649
6647
6645
6641
6634
6632
6627
6627
6627
6625
6624
6621
6619
6619
6608
6604
6598
6597
6589
6589
6581
6581
6580
6579
6570
6570
6569
6560
6559
6556
6545
6538
6533
6529
6528
6516
6512
6512
6504
6498
6498
6496
6494
6494
6493
6485
6472
6463
6462
6454
6452
6447
6447
6438
6437
6433
6431
6429
6414
6408
6406
6401
6399
6392
6387
6373
6367
6362
6360
6349
6346
6346
6344
6344
6341
6340
6338
6338
6335
6334
6333
6323
6323
6322
6319
6317
6316
6316
6315
6313
6302
6298
6298
6287
6286
6281
6281
6279
6275
6272
6272
6272
6265
6261
6260
6260
6259
6252
6245
6244
6237
6232
6228
6228
6219
6216
6213
6204
6201
6200
6199
6195
6193
6192
6188
6187
6186
6186
6172
6169
6167
6165
6161
6149
6145
6139
6139
6137
6128
6126
6122
6121
6114
6105
6104
6102
6100
6099
6087
6080
6079
6078
6077
6074
6072
6065
6060
6056
6052
6047
6046
6042
6036
6026
6025
6024
6024
6023
6022
6020
6018
6018
6011
6000
5998
5992
5988
5982
5982
5976
5975
5974
5970
5966
5965
5964
5962
5962
5960
5959
5959
5958
5953
5953
5953
5951
5946
5942
5940
5926
5923
5921
5920
5916
5914
5913
5909
5905
5902
5900
5899
5896
5893
5887
5882
5877
5876
5875
5874
5871
5859
5856
5854
5846
5844
5840
5835
5829
5826
5821
5815
5814
5810
5806
5799
5793
5790
5790
5789
5786
5785
5785
5784
5783
5782
5777
5776
5768
5767
5767
5766
5764
5762
5761
5757
5757
5755
5753
5748
5747
5747
5741
5740
5740
5740
5738
5732
5732
5730
5725
5723
5720
5716
5713
5712
5712
5711
5709
5708
5702
5688
5678
5676
5676
5674
5670
5656
5653
5649
5648
5641
5640
5627
5626
5623
5623
5622
5621
5618
5617
5611
5607
5606
5600
5600
5598
5595
5594
5593
5591
5589
5587
5583
5583
5576
5570
5568
5557
5555
5553
5551
5551
5549
5544
5536
5533
5533
5531
5531
5530
5530
5527
5522
5520
5519
5516
5515
5514
5512
5510
5510
5509
5505
5505
5502
5498
5498
5494
5492
5487
5485
5480
5477
5477
5477
5476
5471
5470
5468
5457
5456
5456
5448
5447
5446
5443
5441
5438
5435
5432
5431
5430
5424
5420
5419
5415
5411
5411
5406
5406
5404
5402
5401
5400
5397
5383
5379
5376
5374
5374
5373
5366
5360
5359
5358
5355
5352
5349
5347
5346
5344
5340
5340
5338
5334
5329
5324
5320
5314
5311
5311
5302
5301
5296
5289
5288
5277
5275
5272
5270
5267
5261
5257
5256
5250
5249
5248
5243
5243
5239
5233
5228
5227
5216
5207
5194
5194
5192
5191
5191
5188
5187
5186
5185
5181
5178
5177
5176
5174
5168
5165
5161
5160
5152
5150
5148
5146
5145
5138
5131
5131
5117
5117
5115
5114
5110
5109
5107
5105
5100
5098
5094
5094
5094
5092
5086
5086
5083
5077
5069
5059
5059
5056
5053
5052
5041
5027
5026
5018
5013
5009
5006
5001
5000
4999
4994
4993
4988
4983
4982
4980
4977
4969
4968
4968
4967
4964
4962
4961
4958
4953
4948
4948
4947
4942
4940
4939
4939
4930
4929
4926
4923
4923
4922
4912
4912
4901
4901
4900
4893
4889
4885
4883
4881
4881
4879
4879
4876
4872
4868
4867
4867
4865
4864
4861
4846
4843
4841
4837
4835
4834
4834
4832
4831
4823
4822
4820
4820
4816
4815
4811
4802
4801
4799
4792
4791
4785
4785
4782
4780
4779
4775
4774
4767
4766
4762
4760
4760
4758
4751
4747
4744
4733
4733
4728
4721
4720
4717
4716
4716
4706
4703
4702
4700
4700
4696
4689
4682
4679
4676
4674
4671
4666
4664
4663
4659
4657
4650
4643
4642
4641
4640
4640
4639
4635
4635
4635
4632
4627
4624
4615
4614
4607
4607
4607
4605
4602
4597
4592
4589
4585
4582
4578
4576
4572
4571
4558
4554
4554
4552
4549
4544
4542
4542
4538
4537
4536
4536
4530
4528
4527
4524
4523
4521
4520
4516
4515
4514
4509
4508
4507
4506
4505
4504
4502
4499
4498
4496
4495
4495
4490
4489
4482
4482
4482
4471
4470
4467
4460
4456
4456
4455
4454
4453
4450
4449
4443
4443
4436
4435
4429
4429
4428
4419
4416
4407
4401
4396
4395
4394
4394
4392
4390
4389
4386
4373
4371
4369
4365
4363
4359
4357
4353
4347
4345
4341
4336
4333
4332
4329
4321
4320
4318
4318
4312
4312
4308
4292
4290
4288
4282
4264
4260
4256
4254
4252
4251
4249
4245
4242
4239
4227
4225
4222
4220
4217
4213
4213
4201
4200
4199
4192
4190
4189
4182
4178
4176
4173
4160
4159
4158
4157
4155
4153
4151
4151
4138
4137
4120
4117
4117
4117
4110
4106
4104
4102
4100
4098
4097
4091
4090
4088
4086
4085
4084
4081
4080
4076
4073
4071
4070
4060
4058
4035
4034
4029
4027
4025
4017
4016
4015
4015
4012
4011
4008
3994
3989
3985
3985
3982
3980
3978
3977
3963
3958
3954
3952
3952
3951
3951
3949
3948
3947
3938
3937
3925
3925
3917
3916
3905
3902
3902
3899
3897
3897
3895
3889
3885
3883
3879
3879
3876
3875
3874
3869
3866
3858
3857
3854
3848
3846
3845
3841
3837
3836
3833
3827
3825
3825
3823
3817
3814
3812
3806
3801
3799
3799
3797
3796
3794
3793
3791
3789
3788
3787
3786
3783
3781
3780
3779
3773
3770
3763
3762
3762
3762
3757
3755
3754
3745
3742
3742
3742
3741
3733
3731
3719
3717
3717
3716
3715
3707
3706
3703
3693
3693
3686
3685
3683
3683
3679
3678
3677
3665
3657
3653
3650
3649
3647
3647
3633
3630
3629
3626
3626
3624
3623
3622
3622
3617
3600
3599
3599
3598
3598
3591
3590
3589
3589
3589
3587
3583
3580
3580
3578
3576
3568
3563
3561
3558
3551
3542
3540
3539
3536
3533
3532
3531
3518
3517
3511
3510
3504
3500
3499
3497
3495
3494
3490
3478
3478
3472
3470
3466
3466
3465
3463
3459
3456
3456
3455
3455
3453
3451
3445
3444
3444
3440
3437
3436
3436
3436
3432
3432
3431
3428
3424
3420
3420
3420
3419
3418
3416
3416
3416
3414
3413
3413
3410
3407
3395
3394
3390
3370
3368
3368
3363
3361
3360
3350
3346
3339
3338
3325
3321
3318
3318
3318
3317
3316
3315
3304
3302
3293
3287
3287
3287
3282
3278
3278
3274
3272
3267
3262
3261
3259
3258
3255
3253
3239
3238
3232
3232
3228
3228
3219
3218
3217
3217
3216
3215
3208
3199
3197
3185
3181
3180
3178
3174
3170
3167
3166
3162
3161
3157
3152
3149
3149
3147
3119
3109
3104
3102
3101
3099
3095
3094
3093
3091
3079
3079
3068
3068
3068
3061
3060
3058
3058
3047
3047
3046
3039
3039
3035
3034
3031
3027
3024
3024
3016
3013
3003
2994
2989
2988
2980
2980
2975
2973
2964
2959
2956
2949
2947
2946
2930
2928
2928
2927
2927
2925
2921
2903
2898
2896
2892
2890
2889
2888
2885
2884
2875
2873
2872
2864
2858
2853
2851
2846
2840
2840
2840
2839
2836
2834
2831
2830
2829
2829
2812
2811
2808
2801
2800
2800
2799
2798
2796
2795
2789
2787
2785
2778
2777
2772
2770
2769
2767
2757
2754
2754
2746
2744
2740
2736
2734
2729
2728
2728
2727
2725
2722
2722
2722
2720
2717
2714
2713
2711
2707
2706
2700
2698
2698
2696
2694
2690
2689
2689
2682
2665
2651
2646
2644
2643
2642
2640
2640
2633
2626
2626
2611
2610
2609
2605
2602
2601
2597
2592
2587
2586
2584
2584
2583
2578
2576
2574
2568
2563
2559
2555
2544
2543
2541
2536
2536
2534
2533
2528
2526
2525
2519
2511
2506
2505
2504
2501
2500
2497
2485
2483
2475
2471
2470
2468
2467
2466
2464
2463
2459
2458
2457
2451
2451
2450
2449
2448
2444
2441
2437
2437
2436
2432
2424
2423
2415
2415
2415
2414
2411
2411
2408
2405
2387
2384
2377
2372
2371
2371
2370
2367
2359
2358
2352
2349
2344
2332
2328
2324
2315
2314
2312
2308
2301
2299
2296
2289
2282
2279
2271
2267
2266
2264
2258
2256
2254
2253
2251
2248
2247
2244
2240
2235
2233
2233
2230
2228
2227
2226
2223
2222
2221
2221
2220
2218
2212
2193
2193
2191
2189
2188
2187
2183
2182
2179
2177
2176
2166
2155
2154
2153
2148
2146
2142
2138
2133
2130
2125
2122
2122
2121
2118
2108
2097
2097
2097
2097
2090
2084
2082
2070
2069
2063
2063
2062
2061
2060
2056
2052
2049
2047
2045
2043
2038
2037
2034
2029
2018
2017
2017
2014
2012
2008
2008
2004
2002
1986
1985
1980
1979
1973
1972
1968
1966
1965
1963
1960
1957
1957
1956
1955
1951
1942
1940
1936
1932
1932
1926
1910
1909
1906
1901
1896
1894
1883
1883
1873
1871
1871
1870
1865
1862
1859
1856
1854
1854
1853
1851
1851
1848
1846
1835
1833
1831
1821
1811
1811
1807
1806
1796
1796
1794
1791
1788
1779
1774
1773
1771
1767
1766
1765
1765
1760
1758
1758
1757
1756
1754
1754
1753
1749
1741
1736
1735
1728
1727
1725
1722
1717
1692
1692
1691
1690
1689
1686
1685
1679
1677
1675
1675
1674
1672
1662
1650
1648
1647
1647
1637
1637
1632
1624
1624
1612
1610
1608
1608
1607
1606
1596
1594
1594
1590
1588
1586
1585
1583
1574
1573
1570
1568
1568
1563
1560
1556
1548
1545
1531
1530
1528
1525
1521
1508
1507
1493
1493
1486
1481
1480
1477
1473
1473
1466
1465
1452
1444
1444
1440
1437
1436
1436
1434
1434
1433
1431
1430
1425
1416
1414
1406
1402
1400
1397
1395
1395
1392
1392
1390
1388
1385
1383
1380
1379
1378
1360
1358
1356
1343
1342
1340
1335
1328
1327
1325
1325
1318
1315
1312
1311
1310
1310
1305
1302
1300
1299
1298
1293
1291
1284
1282
1279
1271
1269
1268
1265
1263
1261
1260
1257
1255
1253
1249
1249
1242
1241
1239
1236
1236
1233
1232
1231
1230
1230
1226
1225
1219
1212
1211
1209
1199
1198
1196
1195
1187
1186
1185
1183
1179
1179
1172
1172
1171
1165
1163
1154
1149
1148
1142
1142
1136
1135
1134
1123
1123
1123
1121
1119
1116
1114
1099
1094
1093
1077
1074
1067
1067
1064
1052
1043
1040
1036
1031
1024
1022
1016
1015
1011
1007
1006
999
997
992
989
987
987
987
984
983
982
981
980
978
973
972
969
968
968
968
965
962
960
955
952
943
932
923
909
905
905
903
898
895
893
891
889
886
882
881
880
880
876
876
865
864
863
856
856
854
854
852
847
842
841
836
827
817
815
814
809
806
804
802
801
801
798
798
797
793
793
786
776
773
771
771
766
765
765
764
758
758
749
747
741
737
735
735
733
730
726
716
714
711
711
708
703
701
700
696
693
691
680
680
675
672
668
663
662
659
657
650
647
640
636
634
632
628
623
619
616
614
613
613
612
608
607
605
601
600
598
598
587
584
581
578
575
569
566
566
561
555
554
552
551
545
536
528
527
526
525
513
510
502
498
492
490
489
480
479
479
478
472
464
461
460
455
453
452
450
449
448
440
437
433
432
429
425
423
421
418
417
415
407
401
399
397
391
391
379
379
378
376
369
369
368
362
360
353
353
350
349
345
343
341
341
340
335
331
329
328
321
320
317
314
310
292
290
289
289
287
275
264
260
256
254
239
236
236
233
229
225
224
221
220
218
217
215
213
212
207
207
206
203
203
201
201
199
197
193
185
181
180
178
177
160
156
155
153
152
141
136
134
132
127
127
123
122
119
118
117
113
112
108
108
107
106
99
97
96
95
92
92
89
78
75
70
69
66
63
56
55
46
44
44
41
39
36
31
29
27
22
21
15
15
15
13
11
8
7
