1000
27650
22593
18157
13538
134
21187
7037
9776
11744
23594
2861
29356
14344
10264
15468
8983
20623
32369
472
169
6296
17752
3167
3751
1061
26458
2212
16952
660
27112
11172
27765
4201
18443
29337
2751
5709
25939
6687
29013
14679
11537
4245
1061
139
12741
26566
29155
29600
24794
2504
9561
5895
7825
13605
24830
26920
24124
1081
14537
17647
2732
987
24135
19847
21228
7488
29420
18277
12080
22299
21671
649
12808
12809
6328
14848
31193
9261
10438
3246
22158
30743
13868
29514
30603
4843
30613
22442
13794
26047
25800
12609
20170
3652
25797
19174
8781
27305
8720
5590
19008
9404
31053
11773
7544
30803
13837
29553
29499
14570
4584
23872
15093
23181
10700
26987
15404
505
23956
20018
4790
24574
19932
20626
15146
23591
27668
25613
17300
21149
20692
30633
29805
26953
19567
5179
1482
16441
26059
12261
13523
325
15216
23262
19831
4850
31454
10609
31838
29334
25124
32585
32031
31165
32686
8171
30900
4812
9311
10372
10283
8420
15328
22245
3997
7945
32567
16844
25956
14980
13723
26213
31113
27781
30598
12048
12668
22285
10253
22373
27656
26891
6253
20853
24965
3526
2534
4179
21584
27514
460
23508
9592
30022
9179
4498
8634
21573
1739
30519
6832
27644
14116
504
8261
32244
23636
14175
28268
12455
13310
2894
25362
32161
22422
24385
4176
19167
43
1747
16102
13179
15491
30084
29925
17291
19821
31161
21675
11078
7251
10500
26644
11624
15
24998
11247
19672
17407
1362
28591
32136
9564
20788
23907
23709
15047
30514
15849
13265
31269
23666
19806
19477
20653
8476
13272
21370
319
21857
30296
23121
15608
32700
29690
11153
10755
22647
17263
1146
19634
24178
1197
28536
1741
10528
31461
17994
8490
7122
694
8035
4989
24120
14496
10897
32370
15908
25531
16604
3065
24210
30889
11185
10721
22502
18633
26432
21161
11636
12717
25634
22675
15429
24783
3135
26361
1816
32639
3823
11748
936
23328
14431
27611
19757
23956
22583
18937
24613
27125
31609
15939
17236
29062
32172
26680
16906
21737
13627
7081
7076
26002
16152
3530
19541
7035
11684
22666
21287
21273
7891
18464
6460
10128
32139
9958
24154
15651
29262
31595
20135
4078
18201
27843
9648
6871
17036
16674
688
27330
15946
10922
21008
29188
31907
22144
28714
12314
369
29221
26962
412
29247
6916
31511
11372
16817
27719
15046
31795
10784
7919
1328
782
15236
28708
7085
21124
151
16841
4705
16572
32567
10580
29630
3564
6156
24797
15690
32277
2412
20084
6563
15086
6523
5560
31680
4637
11159
26534
32633
25517
17651
1198
13130
21693
17537
9484
12116
6773
21014
15189
7588
28991
18633
17744
6072
5171
8348
7944
32063
18642
7006
3103
10273
21240
14543
27493
8639
25868
13830
18601
15740
24698
7184
16592
15484
31331
8666
27684
24236
6291
25936
17134
1282
31411
16327
12358
18694
959
14744
18218
11665
14267
24846
19918
19668
16802
2179
4915
10141
5536
12229
17147
31190
896
7359
11132
14414
19816
26453
10771
7101
5828
31887
12730
23810
16256
23802
8157
1710
32634
6731
21354
32710
22071
22598
14888
13253
8917
21726
18505
31713
30784
15262
3650
11663
425
18503
24794
29257
2868
31931
18305
19599
753
28185
9444
28204
1550
27946
19902
17338
20043
3580
497
22888
5037
21196
31701
31995
13943
32297
2512
16659
17750
20567
26151
17840
13276
13298
16659
27124
21807
7635
12568
19243
28419
9272
32146
13576
30917
4382
30609
26417
23321
29682
21734
21503
17287
30313
16766
15486
24689
30893
6895
19900
6473
14521
2641
9024
5889
2310
28751
21208
12482
23143
22397
26008
4320
7473
24813
25119
9742
15776
24317
19484
13518
16246
4722
15633
7468
15589
15819
31319
10412
19631
719
11363
29825
5004
15977
6983
19455
1228
22197
5243
1875
5693
12123
24030
17010
27471
14364
23032
79
15222
18858
16770
3665
30672
17597
5672
15364
29704
10083
12941
15119
5754
3223
7056
15206
21400
18966
30414
6080
30860
8302
19047
9804
2335
12632
27142
415
13529
12359
13595
24049
10089
321
2667
16010
14408
14830
5323
8055
15770
14575
21800
26497
1621
18288
3531
13920
16292
30977
29403
25387
18830
15777
17444
16147
16083
23068
13334
28753
13334
15000
16401
31069
29249
21354
24032
16481
12326
1070
8835
10989
3938
12566
17969
8684
24711
1666
10653
4567
29306
6865
16505
15144
28953
25207
1336
26386
5921
10832
23065
21615
14159
3125
31585
28922
24774
4556
26343
12990
8881
31140
23766
9678
13097
21121
23983
567
32089
24820
18829
24115
23264
815
1197
20639
31862
1816
17709
6063
17875
9884
28180
6113
8397
7750
7059
18223
3008
4624
17547
22665
26418
13433
5454
15234
18103
25559
26538
17482
18707
12783
31780
4060
15263
2499
22657
30840
3310
26539
28555
11860
21167
22439
30225
18575
26325
11764
2352
25190
24566
11741
2513
6314
26865
4820
20851
31601
15316
12225
9259
18445
17405
6298
1000
32570
11135
2612
18684
11163
22471
1113
9176
27752
6527
18970
27671
6241
5042
15462
24767
3334
7729
17116
15811
32265
10038
14046
19148
22788
22600
1255
18232
4456
606
30750
22371
26805
5447
25643
22310
1777
9801
8521
13726
30547
18953
3740
15919
23871
17834
3782
29384
30071
23353
12981
23400
14223
13641
1726
28385
11169
13786
13808
30940
18499
11392
30626
8477
27830
14273
31567
30728
19296
21950
18084
11364
22652
26646
14806
20064
4369
12039
11833
17363
11808
32726
25359
20936
6178
14961
11421
24378
11954
16980
6533
21788
14470
32425
591
16285
4003
9651
14153
5289
24017
22380
16529
17331
32077
19309
25712
29362
20927
5647
26601
3177
11627
18640
15762
1004
5803
29176
5795
29024
413
16252
2637
27650
21017
18722
18253
17771
14822
17894
960
2578
18221
12444
7993
27410
14125
8152
11025
29997
24881
21771
19710
14609
19903
18158
12263
18651
19987
11044
30455
11994
10188
17179
26353
16789
10468
28723
14787
30991
14309
21282
20573
10569
13402
31383
14019
17929
15236
25885
11873
5082
9551
23106
12960
27220
19844
24313
11190
27549
32064
18750
17346
21808
2213
14072
4632
19933
29903
27683
4313
21777
14858
23598
4296
14168
30274
25250
8024
11296
9147
28421
4874
192
10242
10238
12789
