100
25904
23272
10070
438
6730
25959
25011
16212
11414
6480
8398
8127
10080
29968
18546
6759
31719
24124
15342
2353
20750
632
19305
12408
31572
16279
2934
2130
12550
22276
19177
11028
20148
28768
6888
3352
16353
12140
7493
25021
24574
24874
3339
20912
26522
1087
13654
26218
14803
12444
19048
20218
9744
8797
22778
25093
29170
27633
16336
267
16263
4988
26512
16619
9153
8057
11476
31658
295
22180
12414
12144
31435
14103
588
20179
4988
26803
22956
26200
19772
11969
20689
15159
23797
7385
22022
18271
18023
4867
18242
14010
29797
17693
27645
18866
8513
20861
16707
16628
