10000
4639
8569
12119
19239
31721
8128
2515
8961
2226
23967
16329
23978
16729
32522
27051
25820
3963
4792
14499
19752
32057
25304
21626
19526
8763
15872
20664
27050
25076
19558
32013
7511
24360
17746
5359
20728
18604
6355
4741
30509
25454
25010
10436
11555
30133
13220
10456
6759
30633
6595
22213
764
11541
22847
29006
16299
3180
19537
28950
4250
5898
26993
17157
32288
1725
19145
493
15320
29828
18921
29549
16884
23702
956
19478
4308
9126
22715
32461
21208
358
15712
7024
20594
29770
28382
189
27263
8846
24591
25967
3799
19578
29358
31913
23330
13285
20678
14744
25070
7416
31338
30293
17919
19508
23463
520
8166
9654
32439
23123
25046
20922
11895
5102
11698
2655
7452
13966
20842
30378
25377
4108
23944
14028
27267
17091
2566
1448
6705
4922
23907
5008
21950
14595
18934
32335
9562
14050
13697
2669
6656
32306
7945
430
16881
24965
22245
23260
16736
6795
32022
3782
25455
26421
14806
16009
14170
537
25715
3854
3570
31257
3166
24020
27470
11583
6271
13040
16573
27372
28876
5202
766
306
26138
7753
28852
14718
19507
1354
7444
2170
31272
25837
4833
30001
9449
56
9114
31605
18450
22304
14066
28029
4360
13645
11904
6355
69
7710
12728
12910
13552
14829
30234
19994
5809
10388
22441
25889
20931
23855
21919
12324
22859
26404
18271
22602
25576
19553
23979
17309
5771
22757
17431
176
20873
1922
30397
5509
21486
26593
8243
13743
10517
9670
5050
9140
5237
5525
14264
16821
28606
27158
29801
5457
12069
30581
31441
17094
32763
10125
30709
17241
13701
869
2122
23289
30728
30203
32622
4383
27171
11329
22550
12536
14433
13926
24648
5318
18191
20054
30154
16516
29259
26500
26330
4040
5214
27623
19231
31470
17996
19010
26848
14195
3753
14761
31348
14239
29357
22081
26617
19815
7563
31559
18761
29841
4607
32340
17450
2073
6694
12255
6853
26324
27027
17667
32346
19283
9631
3714
31281
23306
18432
8459
2772
12465
3998
21176
13691
26091
29602
12763
13256
24614
19663
22778
1972
25794
10517
17432
3018
14453
32099
2870
21395
19950
10686
9754
28753
18360
912
7503
28143
20834
23106
19565
7225
5085
10764
6555
30793
18725
28940
18001
19009
13091
23190
15715
19264
31187
13516
571
26510
13474
25710
9573
28954
8986
19187
25170
22055
22720
21208
19029
12354
24637
5688
8434
16247
6589
21405
19800
9668
22677
9494
1324
30414
1064
11657
5256
28627
16395
12363
26436
27616
24423
18158
14196
26692
10143
10586
1329
11588
9779
15391
15261
28432
7653
22794
10017
31478
20250
1527
8441
17622
8066
3557
5107
26838
25851
12368
15987
30038
22451
23227
21947
4391
28557
8332
28265
20983
12487
25884
20033
22288
11225
27663
2861
31811
13472
17377
7042
14622
5307
16066
15237
102
15670
28068
19502
13249
15205
20882
3884
32690
29971
14147
25640
13258
28637
28911
27470
27421
10200
25185
12554
6388
14714
4942
18191
19905
25271
15333
28318
18520
8042
32679
14341
10075
25847
19065
15206
20214
16686
1015
20153
22221
24691
3340
23828
5171
16156
15295
17194
5277
2587
18768
21779
7254
29405
26244
29003
32116
31346
27197
17660
23306
30701
20045
9600
11423
24078
28300
8993
5599
1054
15913
14628
26257
30235
26429
16135
22217
4117
2214
32518
21343
26840
1554
5604
28319
20427
7770
32743
18754
25112
15378
30501
1950
31501
13406
1790
10009
963
26630
30954
18403
26109
31437
32373
16101
9810
5375
15495
1012
27023
25418
7145
20555
26967
18638
773
312
7180
30583
23789
4885
5107
25227
4511
18554
22930
16255
21384
20913
17757
2319
26182
2154
7314
14478
17074
5040
30050
10618
15390
2076
9809
23379
2779
22601
17631
1453
24575
10631
30568
12933
26212
24788
7753
21201
21748
31752
6212
346
30244
2895
9766
26574
18623
24284
12710
31249
7653
15580
31633
31701
22611
13225
29988
1130
12517
23617
18617
29911
9304
8438
21927
5161
28245
23655
9059
17931
13739
25774
4075
3991
19933
22235
15716
24172
12764
13986
769
17921
7189
13904
25896
10041
24494
15107
22736
30263
26381
28955
22062
4723
31643
1260
32400
25869
15047
21429
22921
14690
23629
10454
27982
990
11704
23357
13920
2833
26405
24354
17003
9988
15691
8180
29294
2765
21688
13971
10269
19553
31325
20415
25220
7850
17741
22225
3564
29145
1474
14504
2818
28158
9569
21223
12598
31701
23743
25438
20578
20451
25123
3013
30124
11202
30094
15792
30637
18874
28152
8895
3539
9873
11229
21781
30467
7587
5368
31756
29571
2869
32079
8487
5656
26886
8559
20809
12395
6439
5625
24100
24241
21261
20573
21491
30347
26341
11494
30572
23851
19239
5623
24560
2233
10350
12436
518
12533
22407
12835
15879
29469
1479
17268
18203
27921
29602
5376
30307
5045
378
2158
24184
18583
32437
4956
13077
29394
28434
16219
22800
7986
14909
27451
12943
27544
31137
12682
31608
16800
22653
6231
18985
9346
14906
28219
2154
5686
6908
30875
30879
22492
24183
22311
6979
2394
260
16550
2193
27719
24307
31990
4740
19976
1571
16462
17154
23864
17873
19399
2644
28238
28846
30491
12762
29561
1332
1964
26365
11215
12345
30920
29284
19879
24005
6443
28523
12355
19489
8645
6097
14515
21808
10686
30640
3573
25090
7096
7603
22625
15527
4180
7043
4165
13377
12791
27266
8140
18269
3534
2236
23588
18564
30223
25115
6623
12556
22914
23002
24730
5684
13377
2107
477
29809
32188
125
5955
17666
14335
13064
11227
4554
1080
16364
5325
31583
24691
19849
15681
25951
29353
14223
27004
15619
1273
10794
13644
3574
5941
32118
20903
22887
10656
25913
17807
25437
9462
18641
13880
27210
941
22379
31341
31972
8315
11382
32048
25136
19992
6232
13217
18399
7237
24927
10785
10974
28173
4346
27830
11817
17739
8489
20145
21472
26476
7730
21903
19612
16246
4246
19230
20739
8521
17219
15073
14746
21030
14859
24244
18651
31341
27733
16051
23432
25771
6162
2137
29502
11731
16627
24805
20301
19148
12249
14082
1991
1836
1678
22438
24279
24900
15282
19003
15444
26460
4856
14333
1942
31295
26002
25251
21385
6395
20201
28225
4351
6626
4498
621
15179
29908
18557
1697
13067
705
14448
32224
15173
22121
21940
17820
19638
4710
21007
15320
13158
24685
18162
4234
10880
28113
20466
17987
27233
4424
10620
9745
23791
32242
10181
10917
27692
10135
6657
9905
7947
15409
28117
10900
30850
22186
9998
27961
19680
20198
32659
15420
353
19204
17304
14159
27135
30177
15893
23261
14732
32478
18807
7661
14334
18148
22677
10056
13066
24229
3045
24030
23796
14884
9968
22630
3493
15735
31235
28741
6654
1739
5160
31665
13676
6570
20820
29462
4540
20345
6370
1464
12593
12613
24640
24987
7892
7871
17897
12960
268
26244
22675
7408
14958
13218
24233
13981
3286
29784
12795
17543
29367
7710
949
15997
8879
29413
7309
24229
29023
11168
27969
16414
1401
11267
833
20707
4634
9099
13736
6899
2907
16318
7793
10415
2339
21428
13288
2179
19519
6358
5726
13256
6580
27878
26145
23785
24659
12608
13740
26821
23695
12127
27674
5973
11916
9890
11233
8079
5752
26448
4540
17034
19230
7899
24553
6626
7864
14689
27029
9566
26117
31864
21141
23504
21916
16171
30550
17213
18816
25408
4375
21566
10996
29629
27221
11430
26769
3242
14215
21861
13461
28695
26636
8109
32126
27745
866
23891
21720
30642
26264
30839
14419
9415
30214
11879
28952
21750
5947
29121
32093
19311
1847
14296
14391
1474
24795
13657
13232
32161
26525
20015
31002
14311
27264
15523
9123
17626
21316
13256
2345
5549
13785
278
25935
19274
29722
29013
15056
25166
18872
31933
24339
24660
21620
32347
25600
26230
27794
31414
21523
19729
24970
14771
29870
11465
28416
14262
692
30925
32246
12810
7507
3676
1601
21123
21281
23945
9273
15969
1387
3899
14005
3192
5577
19575
6455
26254
4598
2786
20067
23045
20959
641
11958
7098
15354
12484
28532
17196
9177
3267
5602
16609
30463
20679
10934
5125
11250
32012
16844
853
10130
30661
10778
23867
3240
28257
23014
826
10690
23565
27446
17549
31039
22906
15497
19467
26534
6624
2500
9550
21564
14659
4463
7444
32725
16373
6689
229
24042
32604
27705
503
31724
11253
5071
16206
29400
22681
32491
15143
5900
14079
19444
16279
23129
16771
23659
30320
5209
12837
32729
14436
9474
27349
19205
22381
9596
13038
28523
26732
6960
28160
9962
20496
24866
12242
1981
5881
15232
20903
21676
18717
18811
27841
7555
25707
18773
24100
17348
6831
25275
14236
14233
27318
27478
16897
268
21682
22941
29882
27002
11743
23021
1664
22853
22375
14811
31588
15818
23684
7625
21524
2963
15332
13495
16986
12493
24657
24156
1765
3068
3217
30581
23628
15085
16011
16478
4944
21996
19884
4575
17506
27448
18569
21576
14949
20148
21958
27840
31412
4575
7222
5338
3687
14342
30275
20585
28882
31417
29841
30102
18255
12923
29662
31535
17982
14269
18989
322
26441
20494
20259
18411
21741
31628
17329
2154
12085
13982
23795
25720
3529
997
30296
24540
25384
21103
12036
6201
9522
5166
30322
12074
24297
6313
19550
6800
3960
32754
14306
20267
31349
23000
14815
31080
19811
17757
16030
14458
15995
9323
21175
4012
2220
14274
7986
502
26848
14133
28909
3022
129
14870
20285
28480
16699
1007
26072
1601
17924
2418
17907
3905
15706
16819
17063
10239
18636
6037
27801
27297
30140
3970
28890
24836
13155
30048
24332
16977
27158
9920
6855
11985
6087
19800
31803
24066
5582
7603
25622
29418
27626
28199
18088
27307
21634
14856
29252
22872
22065
25883
5354
26887
5762
21325
17700
20263
18936
10405
4654
11284
25938
17784
24409
2281
29708
21212
3761
26518
14377
29534
16094
6450
30512
27640
8264
20114
6261
22845
9599
5914
30873
17623
4825
16851
5716
12083
12637
21694
31858
24955
10463
3688
3356
7109
17773
9663
4697
29578
11242
15396
14293
30297
16889
13761
20960
25804
19741
27677
5561
6588
3358
28397
9997
29105
21934
18222
7867
18076
27468
28784
28378
21449
10089
31861
18429
5647
10185
5370
25525
31818
3373
20437
22616
31755
3375
2368
23041
24205
23405
14453
3288
23019
11753
29307
19604
19089
24752
3903
3390
8432
31930
9446
14647
22391
9746
19810
12412
1214
13622
27203
19753
24068
32705
23248
4412
15835
5191
22615
24988
802
28033
27841
29274
23604
24746
14185
18486
21087
19240
29743
29541
10648
17263
30920
26513
26732
20771
7256
5410
7226
28796
15682
10172
11680
25839
22846
3592
22835
7947
27565
11960
8307
14753
1578
28357
18174
21031
22370
27899
12291
16478
5157
5816
12282
28979
30397
31217
9874
26851
18558
30837
29931
12387
10654
16502
9222
12799
2887
11845
20346
18753
4075
31581
10344
2580
17880
24227
9392
809
28684
492
11877
32666
20810
28864
26495
3022
11629
25694
21968
16796
29949
4351
2874
8115
20224
22623
7710
28729
29970
1402
1559
690
5560
30099
12521
15652
12530
21115
25524
18552
8975
16912
15470
23588
20933
12036
26511
27911
12161
3808
24078
17300
2300
18760
16269
15667
20751
9344
7377
15588
24264
23343
18036
3878
20925
16227
29662
17687
4256
3798
22129
19164
5652
23664
27908
15683
32703
13068
11155
17063
5025
21887
19252
27413
12196
16342
22093
23468
22388
19936
17669
18762
21648
10989
15864
1637
7330
28372
20271
10294
29196
3131
13135
1821
29379
29714
30480
7745
2400
4705
4849
3703
29812
2116
19755
18533
22556
18227
30691
8679
3542
29063
24483
23217
9875
9274
32267
21558
21262
3567
17604
201
9819
30514
5302
19970
26307
8192
13691
3684
24783
5770
24851
9788
28835
27446
14297
32716
13709
26087
12469
2729
9182
8318
22932
19042
26873
10913
31765
14434
21929
6843
31365
32024
17080
12355
30990
17493
9149
27458
10027
12533
15413
15631
15711
13249
10965
13917
807
18836
16159
22136
28973
25789
19764
24524
17342
1445
29673
21927
4478
18098
2332
1856
14939
24426
8265
19447
17087
25308
24408
21726
28426
15675
5561
14201
13119
13517
18867
5570
19197
29187
12281
1904
3506
21226
16767
10361
21259
3522
25483
28886
31663
26347
22031
14726
29228
32265
23606
4821
14385
30304
21309
20446
21503
32384
11140
27471
12826
31527
30693
10604
20292
22883
1860
6999
16043
19447
15463
26510
24674
30720
6152
31669
23566
21720
10537
2966
13282
17211
22440
358
973
8104
15635
17225
16625
21514
32701
29209
3416
11416
25618
1379
29666
29690
2087
26803
8322
6829
32150
32274
26794
28072
13704
10700
14340
8256
29459
19319
13667
11593
14279
18480
13305
21374
24195
2600
17610
12579
22669
6496
31840
17128
16610
12720
16577
18961
14795
31246
13214
24020
18609
16653
3277
11266
9266
25252
30970
11498
10357
15153
20633
20091
26042
19389
15134
23208
32053
29570
4721
7441
16412
25258
6812
3039
17663
10842
25031
30703
26456
3567
23655
2100
25955
31112
4530
1110
4143
16836
27734
12959
16885
4301
874
19736
3754
9365
28581
20975
25296
16991
206
13084
1169
898
26483
10564
11022
24425
9950
11742
8181
5855
25413
24724
8017
25737
24641
23532
27047
5812
17281
15655
15422
30290
28608
25450
9150
7998
3060
10779
23805
11720
2761
8846
14357
25965
17997
4321
12730
13542
1005
12324
14026
15205
29856
445
17958
13083
1378
11275
25793
25853
5092
11338
6134
2504
23426
24503
23071
15426
11893
10228
15715
24771
20298
11949
12495
9717
32402
3196
7080
728
4316
22282
17152
22025
8416
23160
11656
2627
12797
509
31141
25638
22246
13264
22982
23863
12440
9288
10996
12329
22927
25665
22955
31323
4409
11971
2280
5793
15275
14814
12163
5447
2451
3800
8127
30035
23661
11659
11552
779
15098
32520
25724
32695
27118
23424
2645
30376
31977
10085
21350
25465
29609
19404
2940
3477
14206
3606
7815
15609
3326
2767
14321
11324
19961
22486
27694
23500
32688
4542
8341
10874
6465
22645
9582
22329
3686
32547
13900
20514
29279
29525
21661
29372
18221
8027
12415
8571
19713
19438
5077
21126
26100
17687
922
31677
25080
17996
2934
32763
18191
29147
26511
408
27067
22412
162
15923
27061
20097
28242
22446
26337
9826
29632
11897
642
29623
10843
12564
171
31637
20218
17615
7670
637
25896
11221
28023
641
9406
3176
21235
3240
26040
32110
27982
22932
32321
15405
1347
19810
18192
28499
21592
29394
14839
6969
14352
12712
24249
11112
9570
17490
31261
13661
28778
12490
13120
22665
15455
18622
9007
24476
10181
29935
693
1795
2275
20439
27250
3247
20088
21390
22829
27929
22698
7918
29804
29059
24127
5622
14145
29568
12815
24940
870
31158
31929
4550
18572
4579
16022
26955
13809
3102
11755
4470
10801
31584
17763
16283
21854
8002
5820
3276
16722
6920
13760
1278
13380
7647
20343
12648
8602
24675
16795
8748
7422
7012
17996
15161
948
23530
2053
18544
20523
22646
12751
7430
19410
11147
20404
16937
4908
5997
4983
30950
8231
14121
20866
4938
20138
16597
18976
26823
3949
15641
4844
27098
15629
22511
13450
5867
18272
11942
20628
24181
10502
16173
25559
9830
23360
23694
30912
1225
15365
19641
24081
27554
6739
29571
13784
19481
23748
12014
28834
29915
30305
18603
2284
12222
7610
8413
4826
25252
31287
30240
29740
14241
15273
28362
22637
4192
20516
18289
13677
18626
11281
19117
29682
3273
22655
30238
4267
17845
15290
28849
18789
25196
20511
13856
10881
32543
15662
7096
4262
12331
1761
4703
29363
29757
18236
18901
2040
4538
9766
6458
7845
25438
887
20689
13954
22563
1874
22787
13281
10852
3253
17063
16082
4674
6734
11392
8853
30535
23953
8711
16725
25929
23559
22379
28691
18577
20201
26327
20192
13629
23789
29427
29007
15843
9824
21165
27434
7543
22389
10809
5476
14447
13533
5462
8015
14628
22167
18132
16399
19324
1290
16723
7247
15302
27729
3405
13362
31973
6614
4183
28044
22961
30754
27043
3667
21914
15603
30666
15184
143
32143
27592
20250
16926
23897
3400
7493
24540
2722
5155
30167
17159
32193
15139
31995
16746
11878
28684
11002
28033
13099
17629
2150
12766
32620
1619
31385
15307
13145
7087
13406
31025
12873
5049
7917
11704
29522
773
20253
25392
16406
6005
23253
14640
21983
1279
8899
22524
7407
12208
25681
2732
27153
14065
10197
17547
32372
17930
24328
5566
14777
19940
18362
21286
12875
3091
26308
30087
10223
787
12093
29673
1180
18386
10737
7486
24460
18543
12558
13638
13971
28738
5153
22704
20912
19740
14401
27778
1250
6608
2186
7354
17468
20978
19150
11829
15932
13022
11398
10193
28761
19964
7183
5839
27099
4163
16915
29307
12527
25340
12101
25358
32251
18889
4689
28627
16687
8677
2578
22665
9821
26285
26630
7689
2826
8032
30464
32296
6853
23075
6685
26335
1463
22600
22521
9385
1404
20431
9763
20525
9265
26157
2254
16157
31182
18509
23241
31838
21430
981
20913
2921
31373
1450
4709
31473
2634
25014
27066
2758
4237
18409
32112
26873
25906
19069
2405
19009
28966
22911
32009
24989
22393
6027
3346
31547
13493
27607
3441
16025
26735
30066
10116
23530
7451
17358
16525
10427
549
30845
9315
28630
27709
13880
18535
30822
20466
293
15034
2141
19074
29786
4525
26131
11504
28829
28537
7471
15704
10349
28209
2763
8832
11591
2036
29907
11695
25122
20327
12462
30402
30524
3170
7457
32380
21272
4330
29552
19230
3271
23136
13254
13111
23400
21239
12502
19134
7915
18284
32451
9822
26138
25841
18749
26897
5593
21354
21742
20464
5548
16347
12308
12362
9595
27425
22127
7155
16530
4321
19549
8158
12780
15039
30020
20718
15793
21456
10544
6922
1021
4177
19901
1648
227
32153
30264
26443
19890
20044
20225
11143
1910
14034
22579
15076
32450
28167
13191
7497
5293
9780
2422
23388
26907
4671
18846
19791
15934
19230
19047
19452
13660
10641
3046
30773
18642
26641
8706
3157
10073
8451
2517
27675
21640
32050
28245
26297
12954
9852
8243
24359
22898
21196
17667
20157
24284
31560
414
22017
29718
5067
9156
20414
31887
22165
3846
6742
494
30785
28899
2904
10582
22520
50
16725
3560
32741
19392
18416
9354
2536
23609
16949
3303
15503
11596
3884
29623
29762
16906
7341
27201
11453
22671
23669
22302
16068
229
3962
25663
9745
6949
23420
3634
25490
223
24285
14496
20433
23996
14002
27675
29108
31586
11034
8470
11622
1176
30159
15413
24469
939
22266
8136
14558
8208
27724
30354
28037
24394
32330
7118
3434
27919
14312
17524
6200
11942
31834
19896
8672
9619
20263
21715
6982
25974
639
31751
4921
8497
8142
221
937
4937
16017
1970
32532
17807
15721
16497
21058
31743
4461
18594
28210
18152
8133
28324
11860
77
21877
14902
20217
14475
29046
24125
10247
22077
13579
30657
32753
27997
28242
15928
2790
4524
4377
2311
27209
10323
20980
20038
16482
31946
30604
32451
11347
7417
22074
25418
16973
16541
10709
24356
21507
16366
16840
15326
7519
23935
13159
25164
10612
26469
1667
9420
949
29595
4155
32463
2404
15269
28694
28054
28493
23412
25423
17978
20403
30602
25200
11503
21643
3678
15650
4489
20968
30978
10308
21824
25783
24323
29242
32176
27052
8593
20872
6436
24700
479
415
14355
3917
1741
8694
8171
31338
26053
2909
6926
1084
29410
3983
2586
18806
23640
22278
6766
3471
13584
20755
17898
19317
4754
27181
32757
16000
16936
31882
13253
30628
22848
12012
30683
21228
9491
13758
6860
24867
15748
10847
27975
6612
16203
27838
27988
26998
29010
17191
14042
28640
22879
11356
23908
771
1012
6120
4900
18903
884
30896
16697
918
27270
26059
29997
20265
17854
15763
18370
1759
22651
32508
8430
1125
8459
19749
32036
24819
26646
20781
6101
1475
24377
28232
7991
8391
4849
31762
21829
20891
13243
31523
16903
8889
31353
30691
23315
8940
11288
3999
17492
13063
112
19421
3594
23510
28779
18413
5138
16469
12138
21697
25192
32
21476
3839
17130
7723
29520
6995
22622
16307
13638
32010
27319
22388
8673
15069
18580
4381
12135
17930
25098
4353
21292
22442
163
23567
6579
14398
16550
31748
2583
9611
12185
13279
22697
19112
13317
22677
11483
32341
8825
8711
32349
15246
9169
2097
19845
2144
20664
164
15092
16124
9836
12342
17015
27914
14530
25848
7467
15679
17769
27752
3813
7986
3186
6632
8912
8555
4624
4463
7000
12733
11677
10879
6471
14295
2526
32599
15918
15893
31368
31849
19975
7324
19203
1038
5144
23205
27245
31353
3867
14873
6370
19945
10395
8543
31227
20259
31649
22385
12436
28192
28304
17974
26579
12035
9294
14092
28006
27470
2212
15779
16651
13140
31720
17682
15702
25586
25049
29476
15791
17530
6090
22003
26010
16624
5635
4025
27963
5241
16484
29922
5913
30736
10827
20582
13090
10619
20920
16981
21231
24189
5551
27828
4938
30798
27614
25223
7917
2888
6528
3375
20109
3811
29569
31734
2583
18915
27107
20969
20282
20176
25184
17894
293
7335
9809
26869
26002
14287
26574
9947
29443
20302
8727
13549
21579
16957
22834
25379
17745
6521
31958
877
11537
18844
29320
23370
6371
20780
2820
21398
32000
1810
26334
23203
24130
11597
3689
11404
18731
7143
16600
30150
14889
6184
16035
1016
23320
11275
4909
30989
14857
4590
8611
13447
23874
2189
31015
26390
22662
9009
13358
1129
18326
27173
26406
1860
20983
24426
25181
15315
7158
15275
19230
1086
18666
30579
20509
19325
29369
29854
32020
6766
15005
23566
29103
804
22312
927
32678
22146
17286
28764
29736
22537
29699
18675
4224
25583
13260
19558
30195
15217
4090
8452
2279
27498
29644
3992
3915
291
23092
32480
3634
365
14486
17216
10945
21997
1740
5816
4684
9400
2157
19732
11708
17952
15183
6242
9268
19661
3914
29097
28916
21519
19263
31192
4221
2162
17241
26365
2293
7827
17555
20919
20942
11315
22907
30446
24227
6026
19509
16833
20834
4317
2498
12736
6064
19027
19075
29020
30601
25093
9208
12443
20263
12884
26574
6161
3110
31871
29721
26635
7653
8565
22750
6157
26415
23783
30420
2687
29467
13986
31595
10403
28976
7708
24078
31434
15565
25676
17061
4296
29640
1983
25951
20133
24662
1769
29614
29077
14891
11449
30355
24874
738
2928
12827
8393
414
6578
7722
30043
8690
9693
23671
4932
14846
5019
20440
26777
31707
6067
14528
22413
5690
26149
31493
29997
18503
1653
28903
8270
27860
16967
28495
1219
16563
25132
24404
24275
26723
11452
4355
4842
30960
23525
11104
28046
2068
31874
23976
8085
1954
27695
13785
19093
28708
26972
16500
12701
32451
27041
21890
25122
2664
10833
14037
26940
13345
12114
25488
26899
30406
9260
17642
8851
23004
21343
6190
18280
19385
10234
14854
10278
26345
28009
14074
4807
9937
16783
17716
30043
20370
27925
2950
6395
3377
5633
22958
2303
3572
138
13784
31345
7183
21034
25444
18369
31359
2806
18154
21689
2359
10539
19323
28340
29818
11017
11562
32011
29576
25316
19659
5585
23164
20856
28923
19136
885
31357
6241
17010
21236
26491
16691
29141
23429
19680
18939
2521
25762
1360
20379
28011
22740
22332
11406
17319
24347
14518
32114
31305
9104
1411
20163
19557
4937
23410
22506
8537
3965
4333
26486
22527
23528
31182
25769
21031
19569
28276
2614
21572
30219
18709
15945
3429
26329
19797
11208
23399
10645
11800
216
8041
6194
9621
30372
13953
16832
21421
1626
27309
26513
22138
28533
28685
21914
20778
29506
16975
6683
21774
27037
30314
24707
24814
4860
21647
29582
27296
19376
20060
10928
9944
1127
9556
18102
834
9204
21900
427
1742
13907
6310
22008
3148
3303
5379
16592
2872
13319
3381
971
25303
25017
9139
10705
23427
16829
1745
21306
21058
17102
6383
3379
17054
18724
26864
14436
8881
27197
3822
17104
17792
5597
16683
14588
14218
20564
13643
29267
18848
25087
8641
23753
15862
8209
29576
11199
19323
12947
3091
28198
27494
31658
7046
20456
9489
1049
27430
2691
19467
4358
11278
18679
25705
18177
7717
739
8540
32322
9036
4843
12809
11314
4828
3164
20628
1582
24911
5139
18302
16775
28733
16539
24882
5325
6795
17813
30170
24141
20703
28253
2935
5080
23126
11242
15409
24518
3450
14838
22251
3899
5486
8031
28187
13737
5996
3534
18649
10646
19570
25750
27190
16032
25399
23263
8910
24766
15972
5379
24737
29896
25345
10552
12574
8762
11053
22384
10625
27189
4371
30845
10591
12230
9753
26745
11135
5483
2650
28773
6380
21459
30807
29456
21064
28134
14569
24890
25443
26117
4987
14586
5389
22675
3701
5213
20776
8116
5115
2896
3329
25684
20184
27840
11744
16492
21429
4863
7133
22144
27279
22378
30454
621
3176
26953
8799
1889
26940
3062
6681
24363
2614
66
18118
3765
25636
7444
17340
9166
28201
23379
19288
16429
4273
22790
15764
21939
170
6074
29916
30705
23282
31268
23838
26346
5131
17672
289
14106
4118
10074
535
15031
30463
3490
11637
4150
6389
17573
9474
31249
30493
12097
19758
25544
17543
5017
30118
14374
29537
17266
28709
27845
8810
9181
2445
26324
32426
22551
6454
7448
28001
5037
6790
6961
4669
22499
1218
18975
1487
8279
21795
8708
20544
17122
32557
10539
31808
1727
14140
25674
22080
14063
19296
7172
11233
13275
32362
7090
8108
18492
6471
19811
25859
17720
9869
22305
30807
10701
3156
7543
10140
22899
30791
20272
32506
9725
20987
24160
28102
12481
10111
2729
14256
26360
18484
24759
1598
7528
478
21261
11897
3904
13308
20484
32486
17475
11605
30992
10679
8744
2004
24390
8003
11585
30357
26907
27828
15452
14912
17775
29439
9191
12182
4042
2586
7255
11337
2533
25705
26570
7697
3692
18041
31466
8188
8450
26352
11541
31238
16262
2756
13244
16105
22676
12716
27913
31798
2895
26324
15813
12453
5214
2517
1656
31913
3125
9188
29650
16712
23190
7497
11849
8490
855
26388
11524
6128
12389
27915
12280
7111
7433
25574
9553
32060
18026
18367
32275
31058
1364
7876
13825
12753
30007
21551
4798
32738
19571
16248
24114
21721
2514
11208
8239
7506
6998
29618
6996
23167
25142
1310
4402
26048
14371
24965
4526
4724
22991
28260
22950
8720
23216
10730
1240
15982
1538
6132
5887
28263
20747
31548
8254
14499
17058
11981
194
26800
29682
13243
4004
10834
3708
18192
10508
28442
27483
5129
26524
21050
14284
22147
3340
28312
17133
432
24081
23329
22725
16142
30084
16736
20101
22938
21184
16975
9229
26945
10060
7533
24242
21143
10170
19984
319
28363
25550
4861
17721
28635
27107
5174
31080
21764
14731
6931
10642
893
18806
4244
29578
22372
9365
13814
11626
16633
25214
19332
16668
16906
32531
6576
24863
24494
21854
4194
31367
23606
16832
28816
2118
19809
12107
13327
11179
25295
5228
10153
11816
28856
8909
27503
20568
4830
11897
19792
2624
31680
4162
12779
8406
17425
1888
32674
13503
20072
24154
16368
11869
4921
22314
27388
11017
26884
8860
4462
20381
7372
26359
22657
9270
28363
6623
31833
23864
18276
12666
19608
13714
14425
28882
22316
15939
7742
21370
13674
18205
30254
23669
12129
17608
15292
19539
10600
22539
25388
669
4090
23111
17380
3699
13764
4932
1821
12916
22523
31792
28382
24542
15603
13285
2347
27894
8430
2155
9082
2731
25906
14782
4710
15734
13662
22993
8615
23940
5885
28114
16450
25111
5980
13488
15613
31786
2969
14043
10006
17492
5885
843
10036
32750
27531
15811
25758
16760
30937
25175
19115
26681
32031
25132
17018
17190
11406
32127
13538
23301
25315
32488
26796
10194
4923
15328
4352
13666
27177
32386
8222
31558
22022
15502
12879
27634
27016
16307
9498
32543
19606
8974
11962
15213
12123
18926
2512
845
29594
13274
2390
10526
65
20949
10452
3734
29504
16608
27862
21348
9627
3521
10141
22291
13758
26115
30229
4658
3090
23102
2311
2738
3533
5528
3728
26511
29198
11916
20434
26547
27945
29930
22249
16407
9791
24863
12576
9515
11027
2231
8549
888
22040
15392
22267
11139
23247
12721
31855
29941
27727
25066
13005
7418
12837
30974
19731
25575
32607
398
24550
11807
32740
11448
31108
11319
20487
23376
5626
20056
12891
19565
9111
1765
22472
5416
11168
8286
28126
17824
29509
10885
26474
24386
10452
17087
13127
71
28973
15292
21879
26749
26998
26714
5746
15179
28944
3527
15550
8943
20425
16614
1216
14603
3155
13045
19154
22624
1781
12652
7062
15321
11392
23848
7817
3787
21893
23752
3803
21115
9669
3672
13950
15585
32745
31789
8061
29867
24947
6415
28559
20101
15093
1950
8684
28568
6272
28910
4959
31056
11872
11893
5276
8803
7686
19239
30421
24847
1862
8159
18056
2723
14787
3841
10395
3136
6823
9053
3498
8417
4759
5719
12192
10393
6118
325
3460
1308
10504
15897
22934
8065
19274
15168
3483
31558
25025
18122
6517
31381
28800
5322
24566
14277
8206
1280
30198
6180
5400
27573
22435
31732
28770
25063
2073
12211
2819
24742
20275
672
17106
11198
2464
9850
27420
20374
16185
15499
13720
13912
29585
13285
10140
6226
25806
23788
28560
19357
11448
22036
11940
14076
30736
13804
2750
27654
18467
5724
7350
11400
29343
25898
3782
24357
21412
7619
32572
14143
26142
20537
31602
5147
13907
6536
9984
23359
25272
28957
25392
21023
7945
28569
2739
15097
28056
29394
5522
14590
742
17178
14695
16306
1904
7621
22988
4501
11211
18661
23828
4611
17139
5208
14649
28249
22241
27653
19734
25177
27483
24418
22998
7120
25360
16954
12461
373
15076
19117
26822
24853
3977
20600
12668
18669
8527
4470
5324
4184
19005
8039
15882
21418
6752
23281
6356
26459
3683
8164
23621
1640
5216
1730
22122
16374
21238
24447
3066
26680
26268
18821
65
4244
2356
3323
14686
19201
22500
6471
21678
15540
11041
19665
16264
17403
13580
27146
26667
13673
23042
23982
31476
29747
30574
14918
32725
27098
3298
3312
27650
8458
31591
28514
31725
1987
20241
31533
26997
7350
18134
575
21082
3058
3743
12460
25333
32447
24480
31662
6438
8906
31461
490
13197
11395
12846
16628
8445
22724
29437
17430
1069
12723
2029
12365
8113
6889
1093
20885
15913
26836
3533
3430
27321
1881
30945
24191
3513
29630
27331
15842
16813
3528
30262
7456
29815
1056
26184
21974
10443
24571
11119
12920
27620
29690
7895
29773
21365
12879
4091
31419
6115
11810
20595
28613
7857
19507
12812
7634
2364
26304
11038
21168
7080
26793
5402
29656
4122
9170
14691
10228
10791
26313
8287
14750
7821
5545
22221
5995
8993
19006
7513
5416
15113
16233
13933
21091
4907
3014
17995
27182
741
28557
31065
20511
1279
14774
25787
32411
15582
2145
21799
23124
23546
26740
32757
28433
31634
6278
19062
27054
16030
29436
7047
29539
20485
17265
27494
21065
4368
2908
1476
29465
3102
31212
12827
16439
32666
6967
13889
27120
5419
660
26430
1024
6442
29765
15451
7256
18009
21082
6267
12062
31186
20689
15790
7156
25405
13570
7940
125
1350
9275
1183
7197
6735
17831
13836
8449
12641
15220
7892
5728
5993
14132
8525
12288
24737
11652
2998
16123
9804
27884
25475
8131
19622
7175
31478
18788
25883
25316
1263
25097
183
17323
6917
31938
1758
26244
27093
25732
25661
23732
30618
6258
9728
7945
14591
23898
21829
19321
26673
2179
9937
26118
21047
26534
21250
8421
3718
27194
10757
28638
21712
28660
14409
27382
25886
24719
3892
17484
13854
28873
1556
21825
23998
14510
1880
1755
26617
32536
15872
6508
4081
24183
14162
3950
3903
9934
19663
16306
30599
8446
27237
21178
19023
5959
1254
12131
17169
18188
21689
6854
1934
8150
10448
3937
12902
29596
26073
3954
27622
31810
1465
30372
1313
23135
11062
3821
18754
28995
7667
27831
31008
17465
17058
22078
9491
14601
25461
14905
22791
25537
23765
31164
20174
16309
599
2397
6843
31173
20460
11670
1644
12254
15192
22122
3559
18884
14821
24139
13033
20238
20056
12348
6778
24178
13092
6451
10437
10818
29918
18625
3879
7735
4337
17652
134
4718
27795
21885
32740
12208
14327
10766
32051
26870
4548
16390
13419
11820
32455
19280
731
15414
2532
9864
9916
11825
8275
3680
7436
13307
32265
11331
4506
4597
15987
13368
5469
19975
25962
6664
3849
11749
29796
8611
6628
27281
24551
20160
18134
15650
31044
30660
29632
10435
8321
32741
11535
9726
21143
31887
19857
4923
26590
18950
20615
3715
5829
21326
2555
7306
3782
4424
14676
16621
16281
1309
10791
27576
8360
12767
22352
24619
3268
22894
17474
30910
1558
153
155
27746
30296
32390
2556
30986
16197
6996
23
5994
12109
510
24329
7166
11918
2435
13291
26959
14336
6468
32675
6002
29423
11437
15360
13521
175
14871
14087
1070
21131
237
14471
23524
7166
782
9716
2672
13606
11635
6257
25649
373
29714
6447
24172
11946
25858
30710
23443
24575
30431
28673
3271
6564
5744
3855
3227
109
14215
4791
5915
16840
27945
12284
781
14321
19695
31009
24694
7785
8620
21951
24672
27300
12624
16660
27099
7425
6669
17054
66
7680
2744
21736
24255
31664
23153
11941
27921
7014
17286
8699
29069
13236
17813
1569
9315
8857
29425
24364
2083
29686
11591
14374
11136
11329
5506
25441
14419
11133
13035
5386
29667
15466
5525
3073
5219
9209
30712
15592
4028
17666
9180
13179
18317
11321
7801
7711
13936
6239
24540
14269
640
21173
6540
976
6424
27574
20590
4285
14301
12293
19942
13412
1790
27045
11327
30452
10426
16744
589
8195
25123
21674
29264
6622
16674
21310
8220
7965
25532
14761
21111
26235
17555
31630
17347
16613
12464
12906
26077
24017
19071
9346
7492
10705
15899
14361
14206
31592
2764
9957
8375
540
1487
1476
7340
11212
31317
29868
1735
29764
2765
2784
23947
21263
14182
21354
7475
15244
11728
28101
11670
25413
17987
9946
26446
17019
20931
7726
29721
774
7586
19289
3711
20828
20550
30650
25782
17391
813
105
8898
19644
15917
29805
26592
26912
14337
25391
11045
1006
1
28463
21347
15808
30001
30966
1612
3978
11901
30284
29402
31605
14403
18858
6894
16362
19218
11762
24631
16620
24498
2654
22613
7084
17508
17078
11326
6231
5994
22471
1761
28211
19146
27664
22282
3562
5456
190
26758
26150
29906
32475
6279
22109
9655
24770
10570
17391
13242
4054
30966
1390
2028
19059
8136
6204
6136
9765
14701
21596
6827
536
23983
4738
26036
32208
3156
30828
22696
18458
4163
24437
31049
23107
7657
2408
9479
29575
12507
6034
31687
26828
27837
30747
26596
7313
1378
15766
26483
13089
29236
5334
31436
22284
28887
19715
23622
8663
6921
9710
25921
31987
5069
22690
17514
3820
4040
3644
26938
2275
15595
14588
18624
26686
19794
923
24481
158
10604
19167
5469
25105
3421
21870
25811
28554
5536
15840
28168
14734
32497
17175
21796
28975
7530
29395
4797
1854
20204
25217
6488
19389
27840
27220
29741
8595
126
5783
17195
6787
16430
17218
14396
3935
5550
5579
31178
2169
13652
18750
3714
2651
2003
144
13912
6840
27491
4913
21707
4514
4124
2016
20586
2812
29603
12739
2967
3123
16393
9143
23179
12841
4592
28133
6810
31602
27120
22934
20152
707
19769
5960
25917
15783
22905
4864
2789
4980
20480
25315
12059
24702
23586
1024
7543
14730
6364
22897
20613
902
6587
8610
25032
13175
31482
22000
15102
19122
15594
10358
27814
25423
28311
5155
19904
24795
27561
13072
18644
6477
12680
20241
31285
2619
4036
24715
903
28238
14259
28549
14463
18164
28508
2817
2282
11860
27539
19084
19441
1415
5478
3604
20635
21253
16056
28666
22419
25949
2604
7528
23084
3626
2629
2277
17058
2370
23499
11046
31139
25648
16240
17959
27917
31205
30387
24187
29690
22186
26629
24289
13306
6233
20010
6679
27551
7885
30435
7923
17983
8343
21706
4783
7413
30706
26749
1413
18665
15354
17662
30075
27345
31256
13146
29569
19384
9153
14729
7865
15102
1120
2198
27158
3489
21392
5632
24616
8890
14223
25695
22838
4427
19439
16202
22414
25399
143
28281
32281
402
25802
9255
21810
13851
13038
10938
20920
26119
12272
5542
21090
27137
13150
31119
1875
10094
27540
28590
30703
20213
12851
26741
6892
25663
1231
4470
13484
29435
30184
21121
28618
5414
10780
9740
25587
11913
13722
20696
32503
387
28122
15570
1055
264
908
31544
5570
1002
30926
12796
32019
15703
18337
30829
9277
7844
19614
26388
30386
1608
18917
24284
7103
24620
5719
19319
16229
6946
19717
25852
23908
6066
4327
13525
17048
29725
14546
25048
14472
22940
30628
1972
3901
12009
21698
7567
31056
21504
2244
12269
28231
19239
4718
29140
1826
29484
6114
26926
2352
14062
26645
14958
4903
22046
12416
22390
8308
11079
15128
5560
22224
4876
18559
28572
21012
22706
23164
29986
25166
19422
681
12233
28692
25503
2411
32175
31512
4782
295
10233
26365
12533
6579
14453
2665
7759
18443
21118
13404
655
5702
4897
7104
20163
12232
15486
27969
25530
32184
12400
27486
451
26549
32368
21696
26040
3268
2230
1227
14139
2189
1186
628
11328
6344
23131
29010
1484
14066
10166
6391
18939
31300
27225
30336
24392
21989
5408
3179
27913
1887
5311
25769
9529
18768
1961
30964
23418
7778
11569
30051
3418
18556
20463
2364
16342
16442
12134
14857
22045
16539
11491
27886
17814
15098
16296
6713
19235
18240
29770
24379
1448
25687
31576
25175
6599
7394
2877
15704
17134
25643
6504
25095
30100
16220
11946
11518
30399
3827
23263
6839
3274
3184
3024
21224
11621
20560
19288
32275
19677
29759
10438
6488
12958
9610
20867
15503
30454
15315
7413
1683
3611
10248
4002
9184
1136
20374
6553
9057
20484
10201
5134
3459
23387
9687
16964
29070
11634
22063
22960
23861
21245
12620
21851
29292
27891
32734
6280
3961
2124
25483
9367
15694
8970
22497
26153
22550
630
16272
23941
9742
16044
20950
9786
20630
10073
31802
8710
29576
26052
3197
19191
14024
11
14030
28880
9756
8623
19517
26030
15166
19795
13682
24043
20016
23489
1439
1859
24528
27694
14771
6965
29356
10687
30673
28844
26135
2636
25344
20703
1917
27235
22308
4982
19955
10896
8493
17902
29714
12763
1934
25150
25606
31123
14064
22715
10722
1610
26408
28985
24630
29217
19559
18291
19172
27718
10417
26285
5167
20922
4497
18583
24597
17240
15882
15221
10719
23827
28880
29565
8182
29311
21177
19328
29176
29843
20846
30925
17675
25773
22118
13907
17010
30934
27157
11013
29790
21831
5984
3971
25862
32557
9045
22262
13305
27818
27929
24379
5555
22044
2593
27717
29039
11425
29349
29372
4413
23003
21074
30186
6228
11504
20800
31960
13225
6357
26915
25268
14529
10189
6853
1654
9923
18476
6068
7620
15825
22113
13367
12050
8344
2099
13703
30477
13350
7499
20540
15674
12796
30963
27398
23514
8293
2333
31133
32530
9478
7847
1019
24392
26037
6877
11720
31440
27535
5696
21014
4808
15428
25734
1870
28480
7606
6625
8042
11935
14275
30084
30821
9281
2142
21860
12528
2661
24037
5947
5479
2887
19374
2771
22787
25993
19684
22913
28497
12247
2449
1775
6627
32715
29179
28447
32325
30734
9268
26029
22578
449
20461
23125
7176
13595
3211
9908
7546
13651
21885
26963
3717
960
8396
4577
27301
3647
17395
704
8776
31957
6898
27588
6787
661
9630
16951
21764
13764
3899
31264
21576
13116
21580
25796
4110
4366
31402
22638
3595
25707
4052
1388
29407
24261
24966
7258
8008
17969
9357
10659
11669
19728
32217
19012
25438
3310
8660
7635
27507
10410
32242
6592
27666
22999
8329
8668
19805
28003
21220
2583
17418
29558
6547
25998
29789
9885
3844
18117
16723
20008
19544
21808
7201
8145
21615
23545
26588
25758
13637
13821
17786
25864
21378
15128
23545
24668
5196
4770
28894
4962
22880
3897
25825
4669
865
30657
26855
31122
28271
25002
32560
15084
7420
113
7378
2143
1243
3690
32614
9068
12954
12988
2817
4901
14098
2221
17510
1425
4924
11296
15225
24658
5703
28507
31223
17541
25063
7694
19045
2538
2287
29073
27462
30021
31778
6766
657
11780
14662
799
25954
14113
28795
12313
2032
28490
5067
24841
10687
23616
1282
22365
4631
17789
21952
26118
28852
25113
19916
11900
14015
7662
11179
12035
31741
14843
21362
1582
17479
19462
24536
4001
14650
24965
18831
15898
11311
18879
6357
22195
29805
19247
21830
29025
32158
18473
10228
25281
6784
5824
25529
29460
28637
4070
26572
1671
3005
6613
4243
6841
31962
12718
10936
15735
32340
14432
7295
24778
2982
1740
14679
12339
28889
3367
29615
19253
11000
415
24842
2324
11459
25153
17494
10717
23463
19994
4729
6310
22766
31132
9518
8983
27444
16964
4111
18985
7194
9594
19442
4142
24126
7865
11385
26642
20330
12527
21477
10720
27403
7975
6443
12423
16613
6245
5194
1247
1030
23249
17627
14823
1528
4632
1770
24145
29243
29968
18948
10048
24050
26267
16017
14416
32733
7629
28005
11479
9351
6481
28049
18026
12993
25096
11391
25763
21582
24820
31806
10786
5856
19541
23578
29394
6468
28689
12144
32621
6361
21849
22208
31299
29510
3466
24324
14647
28780
9297
15168
24842
26778
32019
15451
19932
6912
8076
15149
25839
18535
14262
10457
13231
26143
19692
31069
32751
32056
29775
7271
11638
2549
617
30827
7354
28541
16
7154
26347
21460
26253
6453
6963
30730
26366
16362
24893
24754
16633
10590
9460
25238
27762
19140
12173
26537
6879
460
20935
61
21401
20344
881
5238
12166
13612
7213
18943
30709
26628
2421
29179
11465
20073
9691
4927
13786
31719
5525
25790
17304
7993
19512
19524
8946
5798
8132
13672
2166
7825
3297
21692
5817
20043
4200
11078
9209
22315
14885
24116
769
14817
23772
14027
21325
26119
32649
24225
7279
30713
29676
11276
14513
2279
13893
4826
21244
17704
31325
3394
31736
15569
2501
4379
6773
8839
22370
25932
15114
27793
27690
27524
763
3121
4392
12843
19040
12085
23238
25240
8580
16329
31051
24452
17804
5775
29347
10174
18521
4850
10591
20769
28591
3511
21756
12228
3990
22996
20328
32112
25600
18310
23490
5463
11693
23966
19041
6146
5708
15643
7705
2956
8163
25342
5817
19470
9072
15450
17624
24666
8913
16555
2770
1772
29153
1640
12045
3869
31460
1500
25473
21146
8741
32305
26231
25365
3293
12494
8336
16442
20311
26339
25610
10725
18002
30017
12607
25234
8103
12912
9326
30229
22059
4859
28862
22667
9431
24591
3200
29072
13606
15428
29365
26546
3263
27323
7632
16422
32340
3177
8125
9914
8650
18354
31521
29195
6042
3642
8676
14328
7031
29944
15597
1622
10801
21132
8492
5093
16089
6098
5598
32131
27430
5815
20492
25504
20247
11083
18261
31730
13274
31512
18414
27498
19949
16051
26087
31846
27267
18832
13744
1320
3113
17434
28123
4743
15017
19459
22051
10980
2606
28377
10158
15712
7594
13019
17039
4428
10357
8714
23695
18914
13111
2947
3373
21042
10247
28427
23267
17758
27092
18156
11691
9994
31492
9216
19138
15
30556
20491
15788
13167
25888
27213
21112
8078
8571
12888
1349
24479
27680
29984
2821
16732
22066
20561
22401
17146
6242
16357
17566
11612
5207
10741
16094
7815
1362
23759
6953
6230
9234
13130
31182
26478
16885
21334
23237
30325
8033
15063
18231
24959
354
3764
13375
24009
19092
24618
755
18858
6980
23655
16798
30918
15570
6740
4688
4229
23641
31410
23193
2244
22674
20072
8337
9418
9974
14107
14619
30845
5155
30208
11115
19925
25473
7406
28102
32402
4645
21944
24457
5674
16630
13241
9325
20486
2574
17328
17673
17901
17763
19919
14489
25281
166
32270
15357
28009
11883
26309
6661
16398
20619
4474
18667
32650
8646
4599
289
26397
685
20384
12621
31842
11712
30980
29587
16258
30419
21938
26642
11176
6582
27214
6321
7093
23572
8932
18971
26420
1692
30587
24072
19344
31071
16110
10943
30084
24441
9207
27608
16084
17908
28813
12359
29755
6633
9072
27030
14244
20968
1026
114
21149
18074
10328
4713
3336
32421
8593
15602
23571
29136
16998
6574
32107
1896
13315
20461
21165
21474
19733
24436
4382
22977
24357
2174
6555
20923
28196
29952
3283
15895
1607
1841
28595
19801
9237
29002
29730
20513
25278
31370
14831
18001
25774
5502
7175
18286
10850
11135
24044
19017
19322
16764
19810
4062
17936
23034
11372
13692
22601
14424
30582
12838
6185
26968
23508
17210
15788
13531
29291
3152
21266
23788
4782
28261
16250
19968
20941
23097
24498
9340
552
8693
8526
11128
18186
3601
21495
14531
4244
14709
9478
2599
5111
30942
31058
2030
5095
20868
6469
4260
3404
17146
25398
12831
7226
26709
30706
29629
11555
13456
5532
5613
20043
20015
5304
27377
13693
20003
15234
11490
19965
26094
23428
29940
25277
12551
28007
14331
14547
13696
7946
27694
11819
22502
2001
15403
12409
18025
30528
27452
8306
7996
4552
20185
30012
22079
12256
366
13347
7644
13144
12894
4237
22318
18154
14151
18480
19817
15379
17032
3970
16502
31521
25344
8817
733
14732
12569
19797
12008
27273
19717
547
14086
7645
4680
19939
21869
16623
9335
16996
7939
30242
14655
10286
15743
30305
17320
3256
5323
12540
25755
219
22445
7602
17571
7047
20391
29967
15088
5301
23580
17144
26017
3228
27827
1924
5955
21288
31489
23053
15764
17320
18274
17031
9613
2247
23847
15633
16544
23741
8695
7114
20287
6598
29807
15078
5277
11987
7692
15105
30648
19584
7243
13746
13719
24135
1294
8292
2256
9203
2626
20833
27214
32599
24767
23344
20305
19007
3695
12833
2230
18599
25523
20518
10105
2859
9218
19172
2680
21951
8660
4106
31098
24224
20926
15330
29039
31115
6366
15910
1530
812
23161
16660
31788
8409
2275
1732
659
10368
15775
12474
10867
17630
7368
9656
1619
10738
1967
2517
4539
28082
25286
31955
17981
22780
29373
4782
434
17615
5354
14961
8646
22459
22254
1869
30903
14230
12694
4076
32601
881
27391
22531
26718
10698
25598
30759
30932
28420
21694
30689
18927
14356
15531
3588
22537
28028
2447
15166
743
2685
14843
29422
25406
11400
32489
17973
6517
14071
8351
17744
31149
24314
10967
2853
14591
13268
9244
10011
4
30535
21623
22831
1691
23116
24395
21573
7398
29192
13438
31419
17814
30972
7385
18756
17769
12412
26034
25588
19440
30306
28616
31127
6550
25347
9582
28999
18142
866
7148
5694
4332
932
25634
13800
20295
24004
20078
25660
30429
24712
9680
23117
20040
8884
9804
8988
14159
13949
12944
2737
12720
12608
3287
874
31517
23412
5901
30098
28804
7390
24116
11573
5267
30979
29958
23091
24444
12259
25052
22164
15349
22244
9166
10011
21891
32269
4892
27166
7161
13684
8397
10389
8251
1786
14741
15728
11848
14389
20476
18222
18552
26798
20925
22443
26626
24653
3180
22073
9920
8721
17756
18419
13879
5892
2240
29262
18386
25967
29712
3057
19054
18506
32687
28615
8475
31478
3018
1618
14113
3375
13443
22850
5442
13116
12623
1350
23615
26216
17308
32290
18590
27062
30904
22786
9129
1745
17134
4365
17850
5954
11762
31294
3510
11749
12927
22127
29144
29854
27966
16567
3504
4680
15594
25334
20843
11502
2994
10670
13908
23614
18398
27157
7323
8250
20406
11880
13909
12337
21663
7297
9157
13806
31112
10924
9434
18735
12420
5815
1016
16217
7096
21320
7676
9065
30072
24435
11130
27182
17325
15500
12104
14006
23162
30266
11841
17158
29215
28877
5187
16653
21533
29138
27258
18395
25499
5860
17121
8463
1288
11973
32005
2702
10498
10413
18445
16507
32374
3553
1527
25443
4105
14728
29732
3767
20663
17082
15639
13184
23482
19675
22394
2894
27566
12839
22113
14193
19698
15501
3795
24684
20305
24769
13959
27047
31458
12173
24555
3428
3116
29032
30570
29940
31630
8265
9711
8491
5087
13245
15525
14097
23633
29496
3586
1242
22939
17064
22531
21273
27223
7504
9145
22064
17064
13012
15876
21515
19233
23184
11679
21006
26338
20782
19036
24395
25860
29816
22961
20217
8504
29034
21620
30497
6058
6284
14819
18331
28716
19583
5095
19769
17552
16085
4250
30018
9813
28454
21766
9506
10119
8287
27952
31327
27360
14430
32085
18127
32563
15804
6259
7433
2571
26602
24587
281
1423
30080
20773
4472
5544
15569
25238
15419
14438
10947
22654
21642
21920
9182
28948
7252
29147
31650
20134
5697
2157
30238
17115
13288
20707
1982
24380
13379
29599
18277
28402
18015
29126
18107
15825
17496
17497
17609
20630
6789
30369
28355
29293
12016
16337
8996
15287
23817
24551
27392
30217
22939
17363
7574
376
4862
13531
25126
7956
24975
5950
1026
17586
7261
31767
19686
24047
26149
2693
22924
7793
18049
1033
7292
18800
25436
26671
802
4725
28329
31601
28962
31586
7252
13656
1520
21427
13433
23012
24731
15619
5589
16942
21993
22738
15482
6220
19625
901
8390
2677
13381
16558
661
14693
18839
15502
29878
26115
7677
1753
15516
8770
5296
27320
23126
2373
19025
2068
19650
17094
6853
4626
26109
21944
14659
22234
17437
3627
3755
29853
16931
31345
21018
24534
29995
17279
4027
7888
2534
25749
4576
24168
5706
1570
24657
17428
13192
32738
18915
8484
29759
17993
11341
27464
2799
18212
28216
7763
13488
31102
24469
27454
15396
9408
29747
22640
10410
8989
3217
14140
28116
9005
16625
4780
12060
11480
25261
31613
27602
28022
10190
21866
10073
3892
13531
2478
24979
8122
30959
17092
29594
18955
4110
5489
9393
26540
8121
15108
2938
11528
25024
16605
3945
29971
20824
20780
7800
28718
11885
30971
27420
14923
19258
3951
18040
7249
22550
8778
27345
31938
8593
2997
19011
17307
29887
5437
13746
13691
7636
19483
28675
2568
13553
27320
395
16782
11582
31600
24519
32234
23097
6294
15694
25255
24398
28089
5637
16486
15783
24102
19346
3971
29765
29870
26131
32245
26192
170
19727
5238
31659
1084
3244
14053
12236
22487
31523
1000
715
9985
21106
22485
184
10839
4689
30419
21298
17106
15974
8764
4405
23114
19644
7494
16692
11576
22642
25827
16744
25024
27824
7909
2663
4079
31711
1126
32760
8001
22298
19303
17446
7526
14815
21431
16531
29253
15883
6935
23055
5442
19461
15515
617
10172
23353
32595
7301
6362
5832
14379
26287
13960
14973
784
24367
20412
15364
5972
22302
19454
5206
15188
10104
23591
15736
7000
15474
10345
14437
1978
27405
8079
12105
24139
17643
19334
2031
8946
24161
20253
31357
2966
15055
28937
95
830
21292
22572
12161
26743
27365
23831
21953
2807
9960
5325
26788
11391
6907
30921
7495
2310
16723
20547
15513
10771
4194
16048
1992
2411
8944
7048
16633
18156
9837
30539
11324
30137
902
29126
7359
17559
29942
17811
25154
1431
159
11487
10954
22774
1753
879
11418
32577
23562
18917
11359
5820
8311
28224
13227
18437
19033
32163
2980
9717
5684
9047
20478
17607
20836
6418
11814
19580
13048
27770
9408
2685
14020
15845
22356
18051
11954
23651
19012
24244
32345
25342
6914
28431
13521
15168
2175
2057
30917
10486
24551
14456
31433
17204
8587
28337
25070
32409
29215
29933
26260
11476
11301
3314
3968
5479
9641
28399
17711
2987
32303
12199
12137
9749
2282
20945
4377
31415
10030
1727
5723
1290
10024
25151
18647
6378
31437
1471
7758
1762
23312
1716
21874
21930
11096
5180
5371
13550
12593
8193
247
3409
29761
3681
14945
20914
23167
12749
31990
30126
21663
5487
20292
11622
11984
23312
30980
23170
22954
12344
13225
19062
16226
7831
18745
10755
31041
15267
5468
20993
31060
31619
7347
20829
31844
11052
11882
22622
22568
21962
17425
26924
31162
6497
5031
29074
10312
11956
2040
12803
24588
10342
4906
5595
22910
11615
3986
24808
4296
12913
8908
22057
24954
30523
22282
15317
2687
19022
24236
24735
11856
22671
13841
1593
9063
3037
6061
21783
10487
15603
30300
15733
21466
15503
29174
27035
18378
30676
31268
9568
4309
15340
4978
24301
12555
23795
29349
9411
13946
17424
25166
17664
27996
10469
9887
29149
654
31274
21374
3964
10820
14740
18648
3809
7932
20220
18744
31294
3248
5821
24216
5747
15440
12126
375
15829
4975
19057
13867
22574
15421
1210
5241
5126
2485
2452
28003
17697
27671
1425
833
3145
2457
11361
2067
11342
20313
22005
22038
12362
3735
30435
5781
18217
31265
30733
19202
30825
6158
12670
27717
5663
31663
3220
5204
4155
23491
4452
26116
3340
22762
25434
10015
27399
2141
28960
16566
4036
5851
23489
6584
10313
6119
22799
32708
16011
21808
5442
4668
18482
12881
22497
25499
4765
30906
28646
17672
12326
8174
11037
28715
19111
26096
23757
831
32573
19447
14234
872
10059
19305
32426
22855
12994
22279
20999
31692
30624
31845
6724
15692
6839
14750
22372
28372
30128
23365
22263
19900
7759
30367
5510
28543
29433
21519
20273
8138
20595
24017
919
25810
21740
26347
28918
7659
21566
24161
19091
28759
24945
17065
11869
30299
4480
26974
7629
25752
23392
28473
32272
6553
14655
25660
25448
19369
28426
2096
11216
18663
6705
11090
11487
32156
28334
1866
30958
13515
17732
9308
32637
18186
24324
7906
3283
11153
534
24826
27877
8081
21430
9340
13689
22471
4989
20783
31627
28752
7138
2876
30704
3775
19456
1506
24377
27245
16026
28268
28890
12048
29276
864
396
28047
18275
11258
1263
3861
30208
9176
23156
32357
25273
3831
24954
31597
29585
2526
6327
19741
19082
2585
19674
17785
2407
8937
6766
19437
694
570
18178
25057
31758
14805
13703
21902
26006
10455
31225
5904
10950
6498
20546
25532
114
26258
31323
15283
21508
16051
18868
21943
16393
21937
22486
1342
10735
7119
12871
18117
27916
19612
32173
26215
14051
27172
21559
29870
30883
30819
25401
32169
4593
3327
3094
13887
6375
1846
3171
5058
25437
1044
29001
456
13671
25322
23083
10806
14622
28157
20105
925
9124
31611
11045
6602
11106
6835
27236
17560
13204
8580
19446
16649
20744
11798
8121
24725
3106
28873
14299
17090
1060
21099
17984
19701
22444
19118
10531
21640
30335
31449
27391
12060
16516
24765
31152
7473
5652
13803
22741
17140
15729
20260
21370
9047
16787
4113
28916
20839
11819
18228
12555
19419
19682
1567
21343
14056
18401
18916
11780
26717
21911
1996
22384
31211
20918
29260
10135
21956
26495
2612
21588
29033
12608
20522
11531
10940
28955
10839
14733
31581
18184
21088
16443
30259
2077
24472
30575
17225
6926
16756
26135
3548
32240
15935
14243
6322
22850
18958
1826
27821
17453
18935
26023
21919
7691
6014
8178
8544
8487
22608
1868
21790
4803
32308
16819
19701
13408
830
25911
31167
23097
13893
25252
12590
19217
11160
865
17432
19758
9709
32408
20241
1190
2970
27031
31039
1753
15368
1911
5482
18239
22884
15355
22867
16740
23191
9658
8007
1072
31097
9089
26099
620
20801
18675
634
19586
16705
1650
14533
6020
26576
2115
11803
13680
18823
4332
27121
25267
30896
21217
22787
3307
20731
3424
1699
30449
7027
28826
81
24087
11953
3347
6029
1198
24399
21067
30185
17868
21664
24734
14178
5708
5534
12905
32496
5909
25124
24686
14684
7328
11358
1402
594
20404
18045
1349
24503
19316
6319
15001
18236
23708
29518
20662
8756
17928
20823
19446
17315
11894
7967
1453
1175
7052
22849
8019
31419
7709
6107
12517
32041
5032
23034
13960
27520
8481
9554
368
27446
19188
20019
12288
3888
20040
31672
28978
7568
8064
15426
5946
26575
12808
15908
15718
26891
27982
160
1353
7842
29454
4371
12056
20223
6867
10348
4436
12980
18107
15586
13225
13257
30074
23527
4375
14164
13729
24663
17743
9546
24097
22774
10592
8853
12298
13081
9106
12647
17817
32163
11922
11213
29298
22579
23504
19591
31018
25244
21798
14871
14856
16534
8634
18456
16141
1459
12837
25297
18737
7572
30677
22794
17136
1116
2991
30750
15365
25445
10233
11858
21110
26162
31096
10085
11472
23461
3029
5993
27060
30578
21830
10193
10386
18388
9578
15050
4021
13183
31604
30927
29568
5077
1931
23671
759
16220
23409
12434
7553
6256
3683
13429
13803
29749
22593
23186
26289
28112
26607
21836
7033
31191
30971
26121
29665
19973
27776
8840
17274
28979
26954
9333
21268
1923
18234
22330
18237
11999
18924
22553
20484
32674
28312
7287
1539
1428
20790
21115
6300
17692
27878
12248
12674
8369
15246
8935
12667
12946
30917
6649
10853
28343
3056
21739
14967
8455
23978
29947
11466
7115
7274
16089
792
10851
13407
17154
19651
7223
32415
24649
28441
31729
27521
21686
17110
18154
11335
20628
10986
14561
8193
16326
2173
32755
1966
15706
12337
27847
17827
25953
17575
29450
11313
30973
6724
3611
8066
2235
2101
24071
3780
6435
19120
4279
2185
30094
23165
27496
28270
9528
23990
2140
3067
13974
5579
7375
5323
21738
28360
23341
19949
23572
5083
17794
26249
24235
11537
1074
17351
21068
10848
5354
17388
22066
16362
26070
15559
18439
30592
12565
14667
6906
31589
11370
14973
9490
32341
24884
32657
22210
25798
16544
6479
4285
4974
18461
19644
3083
1797
18960
2295
2141
6476
11977
29793
13470
5966
16822
21760
1482
3302
24279
22566
28675
27009
5234
32077
13794
25125
3336
10310
16907
13491
21895
7827
16132
12393
21441
29713
24903
10154
285
10970
6037
12034
15757
2665
5518
19813
20160
29183
27775
439
24472
10822
9851
16786
5086
31284
6061
21827
1077
819
23020
13589
13900
10367
9872
19411
25944
1487
644
17032
11970
14647
28829
14729
30492
1101
7722
4789
7002
2187
15821
12540
16959
8948
1161
20766
25109
11002
32027
24501
20129
6304
9614
28790
25430
21980
2826
15028
7625
16191
22509
16165
15461
6103
2076
31465
13664
29781
14236
19400
6637
24939
16220
27068
14772
18808
5205
6575
6783
23911
7381
32133
6198
1236
28696
9565
16653
6513
13337
17940
16892
29097
3495
14603
30576
32387
22203
10539
30272
200
3849
4390
8418
6504
15061
28415
7391
14618
9224
20684
15492
13123
12675
7867
12506
30745
18611
18003
6105
14856
28006
11004
15065
597
5085
32706
4425
30977
22818
28246
23459
25584
5532
12117
27295
8522
32224
30669
26280
8482
17866
24574
11148
8789
31181
10077
3191
14005
647
31199
5154
21095
1688
6771
5448
27274
7861
5840
8026
26393
4088
26738
11123
27667
122
9951
5518
15833
23076
12079
13815
17623
20418
25803
12031
29798
14425
28533
17140
6385
13499
6793
18000
20823
21336
14722
561
14225
9815
13759
6921
31893
32742
10632
20375
31610
18638
11340
9238
2012
9546
13356
19892
31618
23577
12478
29253
18238
13266
17162
4153
2837
14968
14041
8907
31136
11086
8496
22140
2738
26348
18455
25024
16700
12691
14238
22007
2157
11198
10274
31902
27677
14585
6605
5319
12395
18678
18780
1222
3237
14046
25125
21550
3433
13029
4440
508
25098
27169
24197
2833
6453
24732
27998
13542
4309
12712
3263
28795
7475
10866
14059
27024
11106
29402
26393
5656
25306
14466
26671
23019
2659
4133
205
4795
13365
299
8333
8265
30045
28538
29321
15576
11362
22414
31006
14818
6953
4300
5872
29963
22550
2579
10542
6483
23156
13461
5912
143
9751
4325
31422
18714
23103
4688
18186
29640
10176
19569
3840
7707
29280
7936
21061
11450
8577
21483
29406
31262
25600
25512
14395
23951
27484
21449
884
7759
25115
25553
6354
10005
8553
31814
8849
3516
27139
5127
20708
17213
9299
32736
15162
32731
27612
24668
26304
16285
27097
8666
5671
25345
17185
17123
18087
18415
7502
21691
32324
28396
32542
27190
20304
144
4122
26829
13617
18234
31605
28657
11876
28930
31286
19104
14274
11759
18586
7989
3330
32363
2739
20868
21120
17907
25686
19238
3132
30227
18484
7698
1574
26002
16967
13677
4505
10218
16752
2212
15397
30970
9310
1207
25489
4351
3505
8152
19232
29889
17247
19252
5652
5642
7511
14097
19313
22620
18277
7449
18179
19939
23126
1269
15266
16553
4188
14110
10933
23561
6324
20976
29941
2662
20101
13569
26740
23325
22284
14000
28637
1207
27382
22529
18173
22372
20237
27304
22658
13221
16407
23907
10499
22856
22011
8845
29505
8857
8742
25841
22957
32727
3373
32476
20778
18149
14260
26486
10515
11074
25230
2641
21632
29243
8742
15683
22725
14175
24861
18545
1340
21812
30260
13485
22597
17960
20845
21506
13706
4554
1133
14476
20872
6714
10789
3469
30283
24030
29105
1726
1400
343
20608
23011
23441
13748
8118
30370
30837
20197
10446
28821
4390
7794
25988
20382
28367
26221
30450
14971
16134
30885
6137
12186
14670
22044
3810
16430
15840
25275
25157
386
20907
325
21802
10381
7065
11146
28271
968
18196
23261
3946
18236
28617
21703
24014
24287
31403
12285
1235
15136
59
9616
4497
19393
11271
612
28333
7397
13681
19683
17208
19050
21938
29426
14548
15736
24351
5156
27929
26714
22954
15406
4663
29837
18603
8604
732
5911
32225
15554
19800
32538
7603
19188
31231
4777
14524
4602
4302
28122
7815
30654
8786
22557
19863
16968
22470
9164
9387
5100
20092
11267
14656
30658
17022
25777
30550
4695
19572
12527
28279
19106
14024
29585
28662
32570
11785
3579
25205
7110
20621
16695
28329
8884
24923
9540
26978
32558
8775
10928
7877
13129
6495
23145
25308
13952
17798
18384
2898
6242
1631
26895
13943
15239
15213
18860
906
15560
24184
19295
8248
23215
7474
26913
20320
28973
13850
12422
19737
23947
7329
25932
13302
24227
10379
820
18313
17744
21657
4624
18469
2339
20581
30
13288
5464
27021
30356
6393
25096
4115
23676
23823
11680
31236
31682
7731
27281
10840
31884
4294
13641
24346
10953
32453
26211
10953
14861
19532
5402
15613
31644
9561
7684
7757
15045
14547
509
25457
13169
9419
12640
7076
22267
30721
6014
32332
21314
27818
31304
7133
4093
16496
591
5627
5711
19899
32495
8927
5788
18991
15046
24571
154
20086
29803
14305
25003
2879
20317
24417
32106
20358
20794
11761
21635
17430
16178
21843
3529
77
28602
15473
30082
23584
25733
396
1797
9054
16560
26517
13448
3641
28477
13019
24883
8962
3522
14567
16761
25908
28514
10148
5543
30132
19453
18372
29373
2135
28580
15966
3454
21157
32336
4572
15299
22493
8147
30228
8212
13881
10254
9141
13177
22898
3941
16101
8590
13959
20336
4392
10966
29883
30707
6788
337
10204
4113
15843
21329
32715
6076
3256
30857
4409
15728
30181
30055
7087
7201
23517
18596
28881
5490
22021
14105
24803
7207
8545
2516
20620
733
1132
29291
23514
8952
10823
2448
10887
28638
14614
7142
22907
19043
10152
14611
7569
10371
5718
14615
926
25943
12077
11228
29104
19778
20815
26381
