10000
5
10
11
17
17
34
35
42
50
54
59
59
59
60
64
68
68
70
73
74
85
86
91
96
100
115
115
116
127
130
134
136
139
139
140
142
143
144
145
147
148
149
151
156
157
159
163
163
165
166
172
173
179
179
179
180
187
190
192
193
196
197
206
217
220
220
221
223
229
236
241
241
242
244
245
246
247
250
250
251
252
253
258
259
262
265
270
275
275
281
282
289
293
294
297
299
302
309
311
312
314
323
330
333
336
339
340
341
343
354
360
364
365
373
384
388
390
396
397
404
404
406
406
407
412
417
420
424
430
438
441
442
447
449
458
458
469
470
471
472
474
478
482
482
494
502
504
505
506
507
508
510
510
510
511
516
525
529
536
545
545
545
546
548
548
556
557
560
562
563
565
571
577
580
586
590
594
595
596
597
600
604
613
616
626
632
639
639
642
649
650
660
664
679
680
684
685
691
692
694
704
706
708
723
726
727
727
727
731
732
741
743
744
746
746
751
753
756
756
756
758
760
762
762
766
771
772
775
781
782
785
786
786
788
789
790
790
791
795
798
801
801
804
817
818
820
820
826
828
832
846
847
854
856
865
869
872
875
878
887
888
888
892
894
895
897
898
902
907
911
913
915
917
917
920
924
933
935
937
938
945
951
954
957
957
961
962
966
966
969
972
974
976
981
982
985
986
986
989
996
997
1002
1004
1006
1007
1007
1009
1015
1018
1022
1022
1023
1026
1029
1031
1042
1047
1047
1054
1061
1065
1072
1075
1084
1084
1085
1090
1096
1099
1101
1101
1102
1103
1103
1112
1113
1114
1117
1117
1119
1123
1125
1128
1131
1135
1136
1138
1139
1143
1144
1148
1148
1149
1150
1153
1154
1155
1156
1157
1159
1159
1163
1170
1170
1174
1176
1178
1181
1181
1184
1184
1185
1190
1191
1191
1195
1199
1206
1206
1207
1210
1216
1216
1218
1223
1224
1225
1231
1241
1243
1247
1254
1255
1256
1259
1259
1259
1259
1261
1262
1265
1269
1276
1277
1279
1284
1285
1288
1290
1297
1311
1313
1320
1322
1324
1325
1330
1331
1335
1343
1344
1357
1358
1360
1360
1363
1364
1368
1368
1369
1369
1372
1378
1379
1380
1384
1391
1393
1400
1404
1407
1409
1424
1426
1432
1435
1436
1441
1443
1447
1450
1451
1454
1454
1462
1464
1465
1466
1473
1485
1486
1487
1487
1489
1492
1493
1493
1494
1494
1495
1498
1499
1504
1509
1514
1516
1520
1521
1524
1524
1537
1538
1541
1546
1552
1552
1553
1569
1577
1580
1584
1587
1587
1588
1601
1605
1611
1614
1615
1623
1625
1636
1638
1640
1647
1650
1650
1661
1662
1667
1669
1686
1688
1693
1694
1701
1708
1713
1717
1721
1721
1722
1726
1733
1733
1734
1734
1747
1749
1750
1756
1760
1764
1781
1783
1795
1798
1811
1817
1825
1825
1826
1832
1833
1835
1835
1844
1846
1850
1854
1861
1869
1870
1874
1877
1878
1879
1880
1885
1888
1897
1898
1901
1907
1909
1915
1918
1918
1924
1927
1928
1929
1930
1939
1942
1952
1954
1954
1955
1958
1963
1965
1966
1969
1969
1973
1976
1977
1978
1981
1988
1993
1995
1998
2004
2014
2015
2017
2020
2021
2021
2021
2024
2025
2027
2030
2032
2033
2038
2045
2048
2051
2055
2055
2056
2064
2065
2065
2067
2072
2077
2079
2083
2092
2094
2095
2100
2102
2110
2110
2116
2122
2126
2138
2147
2156
2160
2164
2166
2167
2167
2178
2181
2185
2186
2186
2197
2198
2207
2207
2215
2223
2230
2231
2232
2237
2241
2243
2249
2253
2258
2264
2265
2266
2266
2269
2269
2272
2274
2277
2279
2284
2284
2290
2290
2291
2298
2305
2306
2306
2308
2311
2313
2315
2316
2317
2321
2327
2328
2330
2331
2344
2345
2347
2360
2361
2365
2366
2367
2376
2398
2403
2403
2409
2409
2411
2413
2413
2418
2424
2431
2441
2442
2452
2464
2467
2469
2471
2475
2482
2487
2496
2500
2500
2503
2505
2512
2516
2516
2516
2518
2520
2520
2521
2522
2524
2525
2526
2532
2534
2534
2541
2550
2551
2553
2554
2556
2558
2559
2561
2567
2569
2570
2573
2575
2583
2589
2592
2598
2599
2604
2606
2609
2609
2611
2612
2617
2617
2619
2619
2619
2621
2624
2633
2633
2637
2640
2647
2651
2655
2666
2670
2671
2675
2690
2691
2692
2693
2694
2696
2696
2699
2699
2700
2702
2704
2705
2709
2719
2721
2722
2725
2727
2729
2730
2739
2746
2755
2761
2769
2770
2771
2778
2779
2781
2782
2787
2789
2794
2794
2796
2802
2804
2806
2811
2812
2816
2819
2821
2823
2834
2839
2840
2840
2840
2842
2843
2843
2852
2856
2857
2859
2860
2866
2869
2870
2875
2882
2883
2884
2888
2889
2890
2891
2893
2894
2899
2899
2899
2912
2915
2917
2934
2941
2945
2949
2950
2951
2955
2956
2956
2958
2960
2962
2963
2967
2969
2970
2970
2970
2972
2978
2980
2980
2982
2986
2987
2991
2996
2996
2999
3000
3016
3021
3023
3025
3027
3028
3029
3030
3034
3037
3038
3051
3057
3063
3088
3088
3093
3094
3103
3119
3122
3123
3127
3129
3129
3135
3138
3144
3144
3148
3148
3150
3151
3152
3154
3155
3156
3163
3166
3171
3175
3176
3184
3185
3185
3186
3192
3193
3199
3202
3210
3217
3222
3224
3226
3227
3236
3236
3237
3248
3249
3250
3254
3262
3274
3276
3286
3292
3293
3297
3297
3304
3305
3307
3308
3309
3315
3320
3321
3328
3329
3331
3331
3335
3343
3354
3358
3360
3363
3364
3367
3370
3375
3375
3382
3382
3384
3394
3394
3401
3412
3414
3416
3418
3431
3434
3440
3443
3444
3444
3447
3447
3448
3448
3452
3452
3453
3457
3457
3458
3458
3459
3463
3463
3465
3465
3475
3477
3477
3479
3485
3488
3492
3493
3495
3498
3500
3504
3518
3519
3522
3524
3528
3529
3531
3562
3564
3567
3571
3572
3574
3577
3579
3582
3582
3583
3585
3586
3587
3600
3601
3602
3604
3606
3607
3611
3611
3613
3618
3618
3626
3628
3630
3631
3635
3637
3639
3640
3642
3644
3648
3650
3650
3655
3657
3661
3670
3674
3678
3680
3681
3685
3686
3688
3688
3693
3695
3698
3699
3700
3707
3708
3709
3709
3710
3711
3712
3712
3713
3719
3720
3723
3729
3737
3741
3749
3749
3749
3752
3753
3754
3759
3760
3768
3773
3777
3779
3781
3782
3784
3789
3791
3797
3797
3797
3801
3802
3802
3802
3804
3808
3813
3814
3818
3823
3824
3827
3835
3841
3843
3847
3848
3848
3848
3853
3856
3856
3858
3862
3863
3864
3867
3868
3872
3873
3886
3887
3888
3892
3894
3896
3900
3901
3904
3906
3907
3917
3920
3921
3922
3922
3927
3929
3930
3934
3935
3937
3949
3951
3952
3953
3953
3959
3963
3963
3968
3971
3972
3975
3979
3982
3987
3991
3992
3998
3998
3999
3999
4001
4003
4005
4013
4018
4021
4026
4026
4027
4027
4027
4037
4042
4058
4059
4060
4062
4063
4064
4071
4074
4077
4083
4083
4085
4089
4092
4093
4096
4096
4105
4109
4112
4118
4118
4121
4124
4126
4127
4130
4134
4139
4140
4148
4150
4154
4155
4156
4157
4159
4160
4163
4164
4165
4167
4169
4171
4177
4181
4187
4198
4202
4203
4209
4211
4213
4213
4215
4216
4217
4218
4221
4223
4227
4228
4233
4235
4236
4241
4241
4243
4244
4247
4252
4255
4258
4264
4268
4269
4271
4272
4279
4283
4283
4285
4287
4288
4291
4295
4297
4300
4301
4306
4312
4315
4316
4318
4331
4333
4338
4345
4346
4346
4346
4347
4348
4352
4362
4364
4366
4368
4385
4389
4389
4390
4390
4396
4398
4400
4402
4402
4407
4407
4412
4418
4428
4433
4438
4443
4446
4446
4450
4450
4457
4458
4460
4465
4477
4482
4487
4492
4501
4502
4507
4510
4517
4519
4519
4526
4535
4544
4545
4547
4548
4550
4562
4564
4565
4576
4581
4581
4584
4588
4589
4591
4594
4594
4597
4600
4614
4614
4617
4621
4621
4629
4630
4647
4651
4654
4660
4663
4669
4672
4673
4673
4677
4677
4677
4679
4681
4688
4690
4693
4694
4696
4696
4709
4710
4711
4712
4715
4718
4719
4723
4723
4724
4724
4734
4740
4747
4748
4749
4750
4770
4771
4772
4778
4779
4785
4787
4793
4796
4799
4803
4805
4806
4811
4813
4814
4823
4823
4824
4824
4824
4825
4828
4834
4841
4846
4855
4856
4864
4865
4866
4868
4870
4871
4873
4875
4875
4878
4879
4885
4885
4886
4900
4901
4901
4901
4904
4917
4919
4922
4922
4923
4924
4924
4925
4925
4926
4930
4934
4936
4937
4948
4953
4954
4959
4959
4961
4963
4966
4981
4981
4984
4992
4992
4995
4996
4996
4999
5004
5005
5008
5008
5008
5010
5012
5018
5020
5022
5031
5031
5035
5042
5043
5045
5048
5053
5055
5057
5061
5062
5062
5065
5073
5075
5088
5089
5091
5092
5103
5106
5107
5108
5117
5119
5121
5122
5122
5124
5127
5128
5130
5131
5133
5133
5134
5135
5136
5137
5137
5142
5149
5153
5157
5157
5158
5158
5159
5166
5167
5174
5180
5181
5183
5184
5184
5186
5186
5189
5192
5196
5199
5206
5208
5209
5212
5217
5219
5220
5226
5239
5240
5240
5240
5240
5241
5241
5245
5247
5252
5253
5270
5271
5274
5274
5278
5278
5281
5286
5290
5314
5316
5321
5324
5325
5329
5342
5345
5349
5350
5352
5352
5355
5355
5361
5364
5365
5366
5368
5371
5374
5382
5384
5390
5391
5405
5410
5413
5414
5419
5423
5426
5431
5433
5438
5444
5446
5448
5451
5456
5457
5464
5466
5479
5480
5485
5485
5486
5491
5494
5512
5513
5523
5531
5539
5544
5547
5548
5549
5551
5557
5559
5560
5561
5562
5565
5566
5569
5573
5575
5582
5588
5591
5596
5600
5602
5602
5606
5612
5614
5618
5634
5644
5646
5647
5649
5652
5655
5659
5666
5670
5671
5672
5674
5674
5674
5686
5687
5689
5694
5695
5706
5707
5710
5713
5717
5722
5725
5728
5731
5731
5737
5739
5742
5742
5742
5745
5750
5754
5757
5758
5761
5765
5767
5777
5789
5789
5792
5796
5798
5801
5801
5817
5818
5842
5848
5853
5862
5862
5867
5868
5872
5873
5876
5878
5886
5888
5888
5888
5890
5891
5896
5896
5902
5903
5910
5928
5933
5944
5944
5944
5945
5947
5954
5955
5956
5960
5965
5971
5972
5972
5977
5978
5978
5981
5983
5986
5988
5989
5990
5991
5996
5998
6005
6009
6013
6024
6030
6037
6037
6038
6042
6042
6048
6049
6059
6061
6063
6072
6077
6079
6080
6081
6082
6083
6085
6086
6088
6092
6097
6107
6109
6115
6116
6119
6119
6120
6121
6124
6125
6130
6131
6132
6133
6133
6137
6143
6144
6146
6150
6153
6154
6154
6159
6166
6167
6179
6180
6184
6190
6191
6191
6193
6194
6200
6203
6205
6205
6211
6217
6218
6218
6220
6221
6222
6224
6224
6225
6227
6244
6245
6246
6248
6253
6253
6253
6256
6263
6263
6269
6272
6279
6284
6291
6291
6292
6294
6296
6298
6304
6314
6331
6331
6334
6346
6346
6346
6348
6352
6355
6356
6358
6360
6364
6368
6369
6373
6375
6380
6383
6388
6395
6400
6407
6412
6414
6415
6416
6417
6425
6426
6432
6437
6445
6450
6450
6456
6456
6462
6464
6465
6467
6467
6473
6477
6477
6479
6481
6484
6495
6499
6501
6503
6508
6509
6515
6546
6550
6552
6554
6558
6560
6563
6565
6566
6571
6578
6582
6589
6597
6597
6599
6602
6602
6605
6611
6613
6615
6615
6625
6627
6627
6633
6635
6637
6644
6646
6647
6654
6655
6665
6666
6671
6678
6679
6679
6682
6682
6688
6688
6688
6689
6696
6701
6703
6712
6714
6716
6718
6723
6724
6732
6734
6736
6738
6739
6740
6743
6744
6747
6747
6747
6748
6749
6755
6756
6757
6758
6758
6761
6761
6765
6771
6774
6779
6781
6784
6796
6796
6796
6800
6806
6806
6811
6813
6816
6818
6820
6824
6826
6827
6830
6832
6835
6842
6845
6849
6854
6856
6857
6859
6862
6866
6868
6874
6877
6880
6882
6883
6883
6884
6887
6890
6890
6892
6898
6899
6901
6914
6922
6922
6925
6927
6930
6934
6938
6938
6949
6950
6953
6954
6955
6957
6962
6963
6965
6966
6968
6978
6983
6984
6991
6998
7012
7016
7019
7020
7026
7028
7030
7039
7042
7042
7043
7047
7048
7054
7055
7058
7064
7067
7069
7075
7078
7090
7092
7097
7107
7108
7111
7130
7130
7137
7144
7145
7154
7155
7155
7159
7159
7161
7164
7166
7168
7168
7171
7171
7175
7183
7189
7194
7195
7202
7203
7203
7205
7206
7208
7214
7217
7219
7220
7226
7229
7236
7236
7236
7241
7242
7245
7247
7247
7250
7251
7256
7257
7272
7273
7276
7279
7279
7282
7283
7285
7288
7290
7303
7304
7305
7306
7308
7311
7318
7319
7319
7323
7326
7326
7331
7332
7341
7341
7343
7350
7353
7356
7366
7368
7370
7370
7370
7379
7384
7385
7386
7387
7393
7394
7402
7405
7408
7409
7414
7416
7427
7430
7431
7431
7435
7439
7439
7442
7443
7445
7451
7452
7453
7456
7460
7460
7467
7468
7476
7482
7482
7483
7492
7492
7496
7498
7501
7501
7513
7513
7521
7521
7527
7527
7530
7538
7541
7541
7549
7557
7559
7568
7569
7570
7570
7573
7575
7582
7594
7594
7598
7602
7609
7614
7620
7620
7621
7623
7626
7633
7635
7640
7640
7660
7660
7661
7664
7665
7670
7674
7674
7678
7680
7684
7684
7684
7685
7690
7700
7703
7708
7710
7711
7713
7719
7722
7727
7728
7728
7729
7736
7738
7746
7749
7750
7753
7755
7763
7764
7768
7768
7771
7775
7776
7792
7793
7794
7795
7798
7798
7804
7804
7806
7807
7809
7809
7812
7814
7814
7816
7821
7827
7829
7835
7836
7837
7837
7840
7842
7845
7850
7852
7852
7855
7856
7857
7857
7860
7862
7867
7876
7876
7889
7897
7897
7902
7907
7908
7916
7916
7921
7927
7929
7936
7939
7942
7943
7949
7953
7953
7956
7957
7967
7967
7967
7970
7972
7975
7981
7981
7981
7984
7986
7987
7992
7993
7995
7997
8001
8001
8003
8006
8007
8009
8013
8015
8018
8018
8023
8026
8027
8028
8031
8037
8039
8044
8045
8046
8046
8052
8062
8080
8092
8102
8116
8121
8128
8131
8135
8137
8139
8144
8145
8154
8156
8169
8176
8178
8179
8180
8183
8184
8186
8188
8189
8190
8193
8197
8201
8202
8206
8207
8207
8208
8211
8216
8220
8221
8225
8226
8226
8231
8231
8242
8243
8246
8249
8249
8252
8260
8262
8265
8272
8283
8284
8286
8290
8296
8296
8300
8307
8312
8312
8314
8316
8319
8320
8331
8333
8333
8338
8339
8339
8347
8348
8354
8356
8358
8358
8358
8367
8371
8375
8377
8387
8389
8395
8396
8397
8397
8399
8401
8405
8407
8408
8418
8430
8434
8435
8439
8440
8440
8444
8447
8448
8450
8455
8467
8476
8481
8484
8487
8488
8493
8497
8501
8501
8502
8503
8504
8505
8510
8514
8518
8521
8522
8523
8525
8528
8530
8531
8542
8542
8543
8549
8550
8552
8553
8553
8554
8555
8558
8558
8559
8562
8567
8568
8569
8571
8572
8574
8577
8583
8584
8584
8586
8588
8592
8602
8602
8609
8610
8610
8615
8616
8616
8617
8620
8624
8627
8634
8635
8640
8647
8655
8657
8664
8665
8665
8668
8669
8676
8678
8684
8685
8687
8687
8693
8694
8695
8698
8705
8707
8709
8710
8714
8715
8716
8719
8720
8724
8731
8733
8734
8736
8744
8747
8756
8757
8760
8764
8775
8780
8780
8781
8783
8783
8783
8784
8790
8793
8799
8799
8802
8802
8803
8805
8807
8812
8812
8813
8813
8814
8814
8819
8819
8820
8825
8826
8829
8835
8835
8842
8845
8849
8856
8857
8857
8860
8863
8864
8866
8867
8871
8876
8883
8885
8888
8889
8891
8894
8895
8897
8902
8903
8906
8913
8922
8924
8925
8925
8937
8941
8943
8943
8947
8951
8972
8976
8980
8984
8987
8991
8992
9004
9006
9006
9006
9008
9020
9020
9023
9032
9035
9035
9036
9044
9045
9048
9050
9051
9061
9062
9063
9066
9068
9069
9071
9072
9075
9079
9079
9079
9082
9082
9083
9095
9097
9099
9100
9102
9105
9111
9112
9117
9122
9127
9132
9140
9144
9144
9146
9146
9148
9159
9160
9161
9171
9173
9180
9181
9192
9193
9197
9198
9203
9204
9207
9208
9211
9213
9221
9222
9224
9227
9229
9233
9238
9245
9247
9251
9256
9256
9261
9263
9264
9267
9268
9273
9276
9277
9278
9278
9282
9291
9292
9296
9298
9301
9302
9305
9307
9310
9312
9313
9316
9319
9326
9332
9333
9339
9342
9349
9350
9350
9360
9362
9365
9370
9377
9378
9380
9383
9393
9393
9394
9403
9405
9407
9410
9413
9417
9418
9421
9421
9430
9433
9439
9447
9452
9454
9455
9462
9465
9467
9475
9485
9489
9489
9489
9491
9493
9494
9496
9497
9507
9507
9513
9513
9524
9537
9537
9539
9542
9545
9546
9548
9552
9555
9556
9558
9558
9566
9567
9575
9579
9581
9586
9587
9590
9593
9597
9602
9602
9605
9611
9615
9630
9632
9643
9649
9652
9663
9663
9665
9672
9674
9674
9677
9677
9678
9678
9679
9680
9682
9683
9683
9689
9692
9703
9704
9705
9711
9721
9724
9725
9725
9728
9752
9753
9761
9762
9762
9763
9765
9766
9768
9772
9780
9782
9793
9796
9798
9801
9802
9807
9808
9814
9814
9814
9815
9819
9821
9832
9834
9844
9845
9848
9852
9853
9861
9862
9863
9867
9873
9877
9877
9888
9892
9898
9905
9929
9929
9935
9945
9947
9949
9950
9953
9955
9956
9958
9960
9962
9965
9966
9970
9971
9972
9973
9977
9979
9994
10003
10004
10012
10013
10014
10023
10026
10026
10034
10036
10041
10042
10043
10044
10047
10048
10049
10049
10051
10055
10058
10059
10061
10065
10069
10076
10082
10087
10089
10090
10091
10092
10095
10109
10109
10111
10116
10116
10117
10124
10126
10130
10130
10132
10133
10138
10142
10148
10151
10152
10152
10153
10153
10154
10155
10159
10161
10168
10177
10179
10181
10183
10187
10190
10192
10195
10196
10201
10208
10208
10210
10211
10215
10220
10221
10223
10224
10231
10231
10232
10233
10238
10245
10248
10250
10250
10252
10254
10256
10256
10256
10257
10258
10258
10266
10272
10277
10278
10279
10280
10282
10289
10292
10298
10304
10306
10306
10308
10311
10312
10321
10322
10327
10328
10336
10337
10339
10340
10340
10341
10342
10347
10350
10351
10356
10358
10361
10366
10370
10372
10373
10374
10375
10377
10377
10381
10383
10385
10386
10395
10400
10400
10401
10408
10409
10410
10414
10418
10423
10423
10423
10430
10433
10434
10434
10435
10447
10451
10451
10456
10465
10466
10468
10468
10473
10481
10483
10485
10492
10495
10500
10502
10510
10514
10520
10520
10522
10524
10527
10529
10532
10534
10537
10538
10542
10546
10546
10551
10553
10559
10563
10564
10567
10569
10573
10573
10581
10582
10585
10588
10592
10594
10596
10598
10600
10602
10606
10606
10611
10613
10615
10616
10616
10617
10618
10624
10625
10625
10627
10638
10638
10641
10643
10644
10644
10649
10651
10651
10652
10653
10661
10672
10672
10679
10684
10687
10690
10693
10697
10698
10704
10709
10711
10711
10712
10717
10720
10722
10726
10727
10730
10732
10732
10734
10736
10750
10751
10765
10775
10775
10777
10778
10783
10783
10785
10786
10790
10797
10798
10800
10801
10802
10803
10805
10805
10813
10813
10819
10823
10823
10825
10830
10831
10841
10842
10845
10848
10850
10852
10852
10858
10864
10867
10867
10867
10873
10874
10880
10886
10889
10895
10899
10906
10907
10910
10918
10919
10919
10919
10922
10931
10935
10939
10950
10951
10958
10958
10964
10966
10967
10969
10971
10975
10978
10980
10980
10981
10981
10982
10985
10986
10990
10991
10998
11000
11003
11004
11005
11007
11009
11012
11013
11014
11014
11019
11019
11020
11023
11026
11027
11034
11034
11035
11039
11041
11043
11043
11046
11051
11053
11056
11075
11075
11077
11077
11079
11079
11086
11098
11099
11100
11100
11104
11106
11107
11107
11108
11110
11114
11117
11118
11120
11123
11126
11128
11134
11134
11139
11140
11155
11156
11157
11157
11166
11174
11174
11175
11180
11189
11190
11190
11195
11201
11204
11208
11209
11210
11211
11211
11217
11231
11243
11244
11249
11252
11255
11256
11259
11268
11274
11274
11279
11280
11281
11282
11284
11286
11287
11292
11299
11311
11314
11316
11317
11333
11335
11339
11342
11343
11345
11347
11348
11348
11350
11351
11351
11353
11358
11363
11363
11364
11366
11371
11375
11375
11381
11388
11389
11396
11398
11404
11405
11407
11408
11413
11416
11417
11417
11418
11418
11421
11421
11421
11422
11425
11426
11433
11437
11441
11445
11447
11456
11456
11457
11459
11465
11472
11475
11477
11482
11483
11483
11483
11488
11490
11490
11493
11494
11496
11496
11499
11499
11501
11510
11516
11517
11519
11519
11523
11526
11532
11534
11538
11558
11559
11562
11564
11565
11568
11569
11571
11571
11572
11574
11577
11582
11589
11589
11589
11592
11593
11594
11596
11602
11602
11612
11616
11618
11623
11625
11626
11628
11636
11642
11646
11648
11649
11652
11653
11656
11659
11661
11665
11685
11689
11689
11692
11692
11693
11694
11696
11700
11702
11703
11703
11705
11706
11706
11709
11711
11718
11722
11728
11729
11739
11743
11745
11746
11748
11748
11749
11749
11751
11751
11765
11767
11768
11770
11776
11784
11787
11787
11789
11790
11797
11804
11811
11815
11815
11821
11824
11829
11830
11832
11839
11843
11843
11850
11856
11862
11864
11878
11880
11884
11884
11890
11895
11896
11905
11905
11908
11910
11910
11915
11918
11919
11928
11931
11934
11938
11938
11941
11949
11950
11953
11954
11958
11963
11967
11969
11971
11971
11974
11980
11983
11987
11989
11991
11997
12003
12010
12016
12024
12026
12029
12037
12038
12038
12041
12043
12045
12048
12050
12050
12051
12052
12058
12059
12059
12060
12060
12061
12065
12075
12077
12079
12081
12081
12083
12088
12088
12088
12088
12095
12100
12111
12114
12116
12119
12120
12134
12136
12136
12137
12142
12144
12145
12148
12152
12154
12156
12161
12167
12167
12169
12174
12178
12179
12181
12183
12185
12186
12189
12192
12194
12196
12197
12201
12209
12212
12213
12216
12216
12217
12217
12224
12229
12232
12232
12233
12234
12234
12240
12242
12243
12246
12247
12255
12256
12261
12263
12269
12271
12275
12280
12287
12287
12288
12293
12297
12297
12309
12310
12312
12321
12324
12333
12337
12337
12338
12345
12345
12355
12356
12365
12366
12367
12368
12369
12372
12373
12374
12377
12379
12380
12380
12384
12388
12394
12395
12399
12405
12410
12411
12419
12420
12424
12426
12436
12436
12438
12443
12445
12450
12461
12463
12464
12464
12464
12465
12472
12480
12481
12482
12488
12491
12493
12495
12499
12501
12502
12503
12507
12517
12521
12521
12524
12528
12532
12533
12536
12543
12543
12545
12552
12558
12562
12563
12564
12568
12568
12573
12575
12587
12588
12590
12592
12593
12604
12609
12609
12612
12613
12613
12615
12617
12618
12623
12624
12624
12624
12627
12628
12630
12630
12633
12633
12637
12638
12638
12639
12645
12646
12648
12652
12656
12656
12660
12662
12665
12667
12667
12671
12676
12679
12683
12686
12688
12692
12696
12698
12699
12705
12724
12727
12732
12734
12736
12737
12738
12750
12751
12758
12771
12774
12777
12783
12784
12784
12784
12786
12791
12795
12797
12798
12799
12800
12800
12805
12807
12807
12808
12808
12816
12819
12823
12823
12823
12823
12828
12829
12835
12839
12839
12839
12854
12857
12862
12863
12865
12874
12877
12879
12880
12886
12888
12894
12900
12901
12904
12905
12905
12908
12915
12915
12915
12918
12918
12922
12931
12932
12934
12934
12936
12944
12948
12953
12953
12954
12959
12961
12964
12972
12974
12980
12985
12988
12996
12997
13003
13006
13008
13009
13009
13012
13012
13014
13014
13022
13025
13026
13027
13029
13029
13047
13050
13051
13053
13063
13070
13074
13083
13084
13092
13100
13106
13111
13113
13119
13126
13129
13130
13132
13146
13148
13152
13153
13167
13169
13182
13184
13186
13187
13187
13189
13189
13197
13197
13206
13212
13213
13214
13215
13215
13217
13218
13223
13228
13228
13228
13230
13231
13232
13233
13233
13236
13237
13237
13241
13241
13248
13249
13255
13255
13261
13274
13276
13277
13278
13284
13287
13287
13290
13290
13294
13300
13301
13302
13304
13304
13306
13309
13309
13312
13316
13317
13322
13322
13326
13326
13328
13331
13344
13345
13346
13351
13353
13355
13359
13367
13367
13378
13387
13388
13394
13395
13396
13398
13400
13409
13411
13423
13436
13453
13458
13471
13472
13476
13477
13477
13478
13481
13489
13494
13498
13500
13503
13507
13510
13516
13517
13520
13521
13523
13523
13527
13532
13533
13536
13554
13556
13557
13559
13560
13564
13567
13569
13572
13579
13580
13581
13589
13591
13604
13605
13609
13609
13609
13610
13615
13615
13617
13618
13625
13627
13628
13629
13633
13635
13638
13642
13644
13644
13645
13649
13650
13659
13659
13663
13667
13667
13668
13668
13669
13670
13671
13679
13689
13691
13692
13696
13698
13698
13699
13700
13702
13702
13709
13710
13721
13721
13725
13726
13729
13730
13731
13735
13738
13739
13743
13745
13747
13750
13751
13756
13756
13759
13760
13761
13762
13764
13769
13771
13774
13780
13786
13787
13788
13791
13794
13795
13801
13803
13819
13830
13832
13836
13836
13838
13843
13847
13848
13848
13852
13853
13858
13860
13862
13865
13867
13872
13873
13880
13881
13885
13886
13888
13891
13894
13900
13905
13917
13917
13920
13922
13926
13926
13929
13931
13931
13932
13935
13938
13946
13947
13952
13955
13955
13956
13957
13959
13962
13964
13966
13971
13972
13975
13976
13978
13979
13981
13986
13988
13991
13993
13998
14003
14004
14005
14012
14013
14017
14017
14018
14018
14019
14023
14025
14028
14029
14032
14040
14042
14042
14042
14045
14052
14052
14053
14054
14055
14056
14059
14060
14062
14071
14073
14075
14077
14079
14079
14080
14080
14091
14093
14094
14096
14098
14100
14115
14129
14131
14131
14133
14140
14143
14145
14158
14168
14170
14173
14173
14178
14180
14186
14191
14195
14200
14200
14201
14203
14204
14209
14223
14232
14234
14240
14244
14245
14251
14252
14255
14257
14259
14262
14262
14266
14269
14270
14283
14283
14288
14294
14295
14300
14301
14304
14305
14306
14312
14316
14317
14318
14319
14319
14319
14323
14327
14331
14333
14336
14336
14342
14346
14351
14353
14355
14357
14365
14367
14368
14373
14374
14374
14380
14383
14383
14390
14391
14392
14396
14398
14399
14399
14409
14411
14413
14419
14422
14429
14433
14434
14437
14441
14442
14452
14457
14463
14476
14478
14479
14492
14497
14497
14500
14501
14509
14514
14515
14517
14525
14526
14529
14536
14537
14543
14544
14544
14547
14552
14553
14556
14559
14561
14566
14567
14568
14570
14573
14575
14581
14582
14585
14588
14589
14592
14595
14603
14603
14610
14617
14624
14624
14625
14627
14631
14631
14642
14644
14646
14652
14661
14663
14663
14665
14673
14676
14677
14678
14686
14692
14694
14699
14709
14712
14721
14724
14725
14725
14725
14726
14727
14733
14734
14735
14735
14739
14740
14742
14747
14754
14758
14765
14768
14769
14771
14777
14784
14787
14788
14788
14792
14801
14802
14809
14809
14812
14812
14813
14814
14816
14826
14827
14839
14840
14841
14844
14848
14850
14853
14855
14866
14868
14869
14872
14888
14893
14898
14899
14901
14915
14924
14941
14947
14952
14953
14957
14957
14960
14961
14970
14970
14974
14975
14978
14979
14984
14985
14988
14990
14992
14993
14996
15001
15003
15004
15004
15006
15018
15021
15021
15022
15031
15031
15036
15037
15040
15043
15048
15050
15050
15052
15055
15057
15062
15063
15065
15069
15072
15072
15077
15086
15087
15090
15093
15094
15098
15108
15110
15110
15111
15119
15120
15122
15123
15123
15128
15129
15134
15135
15136
15138
15141
15146
15150
15150
15153
15153
15154
15155
15157
15159
15161
15163
15163
15164
15171
15181
15183
15191
15193
15197
15198
15200
15200
15203
15204
15205
15213
15214
15214
15215
15217
15222
15222
15231
15231
15235
15237
15239
15240
15240
15241
15243
15245
15249
15250
15276
15280
15280
15290
15292
15293
15294
15297
15306
15306
15308
15313
15314
15317
15319
15321
15322
15326
15327
15336
15337
15339
15340
15341
15344
15347
15354
15358
15364
15368
15373
15374
15375
15375
15387
15388
15390
15390
15395
15400
15402
15404
15409
15412
15413
15414
15417
15420
15420
15423
15425
15434
15438
15439
15440
15442
15443
15444
15446
15451
15454
15458
15462
15463
15466
15470
15478
15481
15486
15487
15493
15498
15502
15503
15507
15508
15510
15511
15513
15513
15514
15516
15517
15517
15522
15522
15526
15527
15529
15530
15533
15536
15537
15538
15540
15542
15549
15553
15554
15558
15560
15568
15571
15574
15577
15579
15582
15584
15587
15589
15592
15598
15608
15609
15609
15610
15611
15611
15617
15618
15619
15620
15622
15626
15626
15628
15629
15632
15633
15634
15641
15644
15657
15660
15660
15662
15662
15664
15674
15677
15677
15680
15683
15693
15695
15697
15702
15708
15719
15724
15725
15732
15732
15735
15742
15747
15749
15750
15750
15757
15758
15760
15760
15777
15779
15790
15790
15794
15797
15799
15802
15804
15806
15807
15809
15814
15819
15820
15828
15830
15847
15849
15850
15851
15855
15858
15863
15867
15868
15871
15873
15876
15877
15878
15882
15882
15883
15886
15887
15890
15895
15896
15897
15901
15904
15910
15911
15913
15918
15923
15924
15934
15935
15937
15937
15938
15938
15938
15940
15943
15948
15952
15954
15965
15970
15972
15972
15975
15978
15982
15987
15990
15997
15998
15999
16002
16008
16016
16018
16018
16025
16027
16028
16033
16033
16036
16040
16042
16051
16051
16052
16060
16064
16066
16067
16070
16076
16082
16094
16096
16103
16104
16107
16108
16110
16116
16118
16119
16124
16125
16125
16127
16128
16129
16129
16134
16135
16135
16135
16136
16140
16141
16143
16145
16146
16150
16156
16158
16173
16178
16179
16185
16188
16188
16193
16201
16201
16202
16205
16209
16213
16216
16218
16220
16223
16226
16229
16232
16234
16236
16238
16242
16244
16244
16245
16255
16256
16261
16262
16263
16264
16265
16265
16266
16266
16268
16272
16273
16278
16279
16283
16284
16285
16289
16294
16295
16296
16302
16311
16312
16317
16317
16318
16318
16323
16331
16335
16338
16345
16348
16349
16350
16356
16358
16360
16361
16361
16362
16362
16369
16369
16370
16374
16377
16381
16382
16385
16395
16399
16402
16405
16407
16416
16417
16420
16424
16426
16430
16431
16434
16438
16440
16448
16449
16454
16455
16457
16464
16466
16469
16471
16471
16472
16473
16473
16474
16490
16490
16492
16493
16498
16506
16511
16511
16513
16518
16521
16523
16526
16531
16532
16536
16538
16542
16544
16544
16547
16556
16558
16561
16564
16566
16568
16570
16571
16572
16573
16578
16579
16579
16582
16584
16586
16591
16597
16597
16597
16597
16603
16603
16604
16606
16608
16609
16610
16621
16625
16626
16626
16627
16638
16639
16651
16661
16662
16663
16675
16676
16682
16682
16687
16695
16695
16697
16699
16699
16703
16706
16706
16708
16713
16721
16723
16724
16726
16726
16730
16733
16740
16743
16749
16751
16772
16772
16774
16780
16780
16788
16790
16793
16793
16798
16800
16803
16807
16809
16814
16818
16819
16826
16830
16833
16833
16844
16846
16855
16856
16857
16858
16858
16863
16863
16874
16881
16881
16885
16885
16890
16893
16894
16896
16897
16898
16901
16904
16905
16907
16909
16913
16918
16919
16919
16922
16924
16928
16933
16945
16947
16954
16967
16970
16972
16975
16981
16983
16985
16998
17002
17004
17004
17004
17012
17016
17017
17017
17020
17021
17024
17036
17039
17039
17041
17044
17045
17051
17053
17057
17060
17063
17065
17067
17069
17070
17072
17075
17076
17078
17084
17087
17094
17095
17103
17110
17121
17123
17131
17136
17140
17140
17141
17147
17150
17152
17156
17158
17160
17164
17169
17170
17173
17176
17181
17184
17185
17186
17197
17206
17211
17211
17216
17219
17221
17225
17226
17227
17229
17233
17242
17246
17247
17252
17256
17266
17268
17278
17278
17282
17286
17287
17287
17289
17298
17306
17319
17320
17329
17333
17334
17344
17344
17345
17351
17370
17375
17376
17378
17380
17394
17397
17398
17399
17406
17410
17411
17411
17413
17414
17415
17416
17417
17417
17419
17421
17427
17429
17431
17433
17450
17450
17453
17459
17466
17473
17476
17477
17480
17485
17486
17498
17499
17500
17502
17503
17504
17507
17510
17513
17516
17525
17526
17526
17527
17527
17531
17531
17532
17538
17544
17545
17545
17547
17547
17550
17557
17558
17562
17562
17569
17573
17577
17581
17584
17585
17586
17590
17590
17598
17602
17605
17605
17610
17612
17613
17615
17625
17629
17633
17633
17638
17645
17649
17649
17650
17660
17660
17662
17662
17665
17666
17667
17668
17677
17678
17684
17684
17685
17686
17694
17697
17701
17702
17706
17711
17712
17718
17721
17722
17722
17724
17725
17726
17727
17734
17742
17743
17743
17743
17746
17751
17751
17752
17755
17761
17761
17764
17764
17764
17767
17772
17773
17779
17783
17789
17793
17795
17796
17799
17803
17803
17804
17807
17807
17810
17818
17818
17820
17825
17829
17831
17833
17834
17835
17835
17837
17843
17843
17844
17845
17845
17848
17849
17858
17867
17874
17877
17878
17878
17883
17884
17886
17894
17899
17900
17907
17908
17910
17910
17911
17919
17920
17924
17926
17927
17927
17932
17935
17938
17941
17941
17944
17946
17951
17955
17964
17968
17972
17975
17975
17978
17980
17982
17990
17993
17993
17994
17999
18000
18001
18001
18002
18003
18004
18006
18006
18008
18009
18021
18024
18028
18029
18033
18037
18037
18038
18039
18041
18041
18042
18045
18047
18051
18051
18052
18060
18061
18067
18068
18068
18073
18074
18077
18081
18095
18100
18100
18104
18105
18111
18112
18113
18115
18124
18129
18132
18134
18141
18142
18146
18154
18162
18162
18166
18169
18171
18174
18176
18181
18184
18198
18199
18203
18203
18205
18206
18208
18210
18215
18215
18216
18216
18217
18223
18223
18225
18234
18234
18235
18236
18247
18251
18257
18259
18260
18261
18269
18270
18285
18286
18287
18288
18289
18290
18292
18292
18294
18297
18299
18301
18307
18307
18308
18317
18319
18321
18326
18330
18330
18332
18335
18335
18335
18355
18359
18359
18361
18366
18370
18371
18377
18379
18380
18383
18385
18390
18393
18393
18394
18400
18406
18412
18413
18415
18420
18422
18423
18425
18429
18430
18431
18432
18433
18436
18442
18446
18447
18448
18449
18454
18460
18464
18465
18470
18471
18471
18479
18481
18482
18484
18488
18494
18498
18499
18500
18504
18509
18511
18512
18512
18520
18524
18525
18529
18531
18532
18534
18539
18540
18542
18543
18548
18550
18551
18559
18565
18567
18569
18569
18575
18577
18581
18584
18585
18597
18597
18600
18603
18612
18614
18619
18623
18630
18631
18632
18632
18658
18664
18667
18670
18672
18674
18678
18682
18687
18691
18691
18693
18693
18701
18710
18716
18718
18721
18725
18725
18726
18726
18727
18729
18731
18749
18753
18757
18758
18760
18762
18766
18767
18767
18774
18775
18776
18779
18784
18789
18790
18795
18797
18799
18806
18806
18815
18824
18826
18828
18835
18837
18837
18841
18846
18846
18856
18871
18874
18875
18877
18880
18882
18884
18893
18895
18896
18898
18902
18902
18905
18913
18917
18917
18918
18924
18933
18934
18941
18948
18948
18948
18949
18950
18957
18966
18967
18969
18975
18975
18976
18976
18977
18978
18986
18988
18989
18996
18998
19004
19004
19006
19007
19010
19015
19021
19022
19024
19029
19032
19037
19040
19049
19054
19057
19058
19058
19062
19066
19066
19070
19071
19079
19082
19083
19085
19086
19088
19092
19097
19100
19102
19106
19111
19116
19120
19121
19124
19127
19130
19137
19145
19154
19154
19156
19162
19167
19172
19175
19178
19181
19186
19195
19199
19203
19204
19205
19207
19213
19214
19216
19219
19227
19243
19244
19246
19252
19256
19257
19258
19260
19261
19261
19268
19269
19280
19284
19288
19293
19298
19298
19303
19305
19306
19313
19313
19316
19320
19322
19323
19330
19332
19337
19346
19347
19348
19354
19356
19360
19365
19366
19375
19376
19377
19379
19388
19389
19390
19391
19391
19396
19398
19399
19407
19407
19413
19417
19422
19422
19430
19432
19432
19436
19437
19439
19441
19449
19460
19461
19462
19466
19469
19474
19477
19480
19481
19484
19488
19488
19489
19489
19493
19499
19502
19503
19509
19516
19520
19520
19526
19526
19530
19530
19532
19534
19535
19536
19540
19546
19547
19553
19557
19564
19565
19565
19567
19590
19597
19597
19618
19620
19625
19631
19632
19635
19640
19641
19645
19648
19651
19654
19660
19660
19665
19668
19669
19673
19676
19678
19679
19682
19682
19682
19691
19691
19691
19692
19694
19696
19699
19702
19702
19704
19710
19711
19712
19715
19715
19717
19722
19726
19731
19732
19736
19738
19740
19743
19743
19743
19744
19745
19746
19752
19753
19759
19762
19764
19764
19766
19769
19771
19772
19774
19778
19785
19786
19792
19794
19797
19797
19797
19798
19801
19804
19810
19822
19824
19828
19830
19831
19834
19834
19838
19842
19843
19848
19850
19853
19856
19862
19884
19893
19893
19895
19896
19907
19911
19912
19913
19914
19917
19918
19918
19918
19921
19922
19924
19926
19927
19928
19931
19932
19933
19933
19933
19945
19946
19947
19951
19967
19967
19967
19968
19970
19972
19975
19978
19979
19980
20000
20002
20004
20008
20011
20013
20014
20014
20015
20018
20018
20020
20021
20029
20038
20040
20044
20045
20045
20047
20049
20053
20053
20060
20065
20065
20066
20067
20067
20072
20077
20078
20079
20081
20087
20089
20091
20092
20094
20097
20097
20097
20099
20101
20110
20113
20122
20142
20146
20153
20156
20158
20164
20164
20165
20166
20169
20171
20172
20175
20177
20179
20180
20180
20184
20188
20192
20196
20208
20215
20216
20217
20220
20221
20221
20230
20238
20238
20239
20244
20244
20246
20246
20256
20268
20268
20283
20286
20293
20295
20298
20301
20304
20307
20308
20311
20318
20319
20319
20338
20354
20356
20356
20357
20358
20365
20367
20370
20374
20374
20375
20376
20377
20383
20387
20390
20395
20410
20417
20418
20420
20420
20421
20422
20425
20428
20428
20428
20433
20438
20443
20445
20454
20459
20460
20461
20465
20466
20470
20470
20473
20474
20474
20479
20481
20481
20483
20487
20490
20493
20495
20500
20505
20515
20518
20526
20529
20531
20532
20534
20544
20546
20548
20549
20550
20550
20555
20556
20559
20561
20566
20567
20570
20579
20583
20587
20592
20598
20601
20604
20608
20610
20612
20612
20614
20617
20617
20623
20626
20634
20635
20638
20639
20646
20649
20653
20658
20658
20668
20677
20681
20686
20688
20692
20692
20693
20694
20697
20698
20700
20702
20702
20710
20711
20712
20714
20716
20720
20723
20724
20726
20730
20731
20732
20736
20736
20736
20744
20758
20759
20761
20763
20763
20768
20771
20772
20773
20778
20781
20784
20785
20793
20794
20797
20798
20804
20809
20819
20823
20829
20834
20836
20836
20837
20838
20838
20839
20841
20843
20843
20844
20845
20849
20849
20855
20859
20861
20861
20861
20864
20865
20867
20870
20876
20886
20893
20893
20895
20901
20918
20924
20927
20937
20938
20942
20943
20947
20948
20958
20963
20971
20973
20976
20979
20982
20986
20998
21001
21006
21008
21008
21009
21012
21012
21014
21016
21022
21024
21026
21031
21043
21044
21044
21048
21060
21061
21061
21062
21063
21070
21070
21070
21072
21076
21078
21081
21088
21090
21091
21094
21096
21102
21106
21106
21115
21116
21119
21127
21128
21133
21135
21141
21146
21147
21147
21148
21151
21153
21153
21159
21160
21160
21161
21167
21170
21171
21172
21181
21181
21191
21192
21193
21196
21197
21197
21199
21200
21203
21207
21208
21214
21218
21219
21227
21228
21234
21236
21237
21238
21239
21245
21256
21261
21262
21266
21270
21272
21273
21280
21281
21292
21295
21308
21308
21309
21316
21322
21323
21325
21326
21329
21334
21335
21337
21340
21342
21344
21347
21353
21355
21355
21360
21368
21370
21370
21374
21377
21391
21392
21392
21396
21396
21403
21405
21408
21411
21417
21418
21423
21426
21430
21435
21451
21455
21458
21464
21467
21471
21471
21475
21475
21475
21481
21483
21492
21493
21509
21510
21525
21527
21530
21532
21533
21535
21540
21541
21545
21547
21549
21549
21551
21551
21553
21554
21557
21558
21561
21562
21565
21569
21578
21584
21584
21587
21588
21589
21590
21594
21595
21601
21602
21603
21605
21605
21605
21605
21606
21606
21608
21611
21619
21620
21621
21629
21630
21631
21631
21634
21634
21635
21641
21651
21657
21659
21661
21664
21666
21668
21668
21675
21676
21677
21678
21680
21683
21689
21702
21707
21707
21711
21712
21716
21720
21723
21730
21731
21733
21738
21739
21740
21744
21746
21749
21750
21751
21755
21760
21764
21770
21770
21773
21775
21784
21788
21790
21793
21804
21811
21816
21827
21829
21838
21841
21844
21854
21856
21858
21860
21862
21863
21863
21871
21872
21873
21875
21875
21876
21877
21880
21889
21891
21891
21892
21898
21901
21902
21910
21911
21914
21915
21916
21917
21919
21922
21926
21927
21930
21935
21938
21940
21941
21941
21947
21952
21955
21960
21961
21967
21972
21972
21973
21974
21978
21981
21983
21985
21988
21993
21996
22000
22001
22012
22013
22013
22013
22016
22022
22022
22028
22030
22041
22041
22043
22043
22047
22048
22052
22052
22055
22075
22076
22078
22081
22086
22087
22095
22097
22104
22105
22108
22121
22130
22130
22132
22137
22138
22139
22144
22145
22150
22150
22155
22162
22163
22163
22168
22172
22173
22193
22196
22204
22206
22213
22217
22218
22218
22219
22232
22233
22234
22234
22234
22240
22243
22247
22256
22262
22263
22265
22269
22271
22272
22273
22277
22280
22281
22281
22285
22290
22293
22293
22295
22305
22314
22318
22318
22319
22320
22325
22326
22329
22332
22334
22344
22347
22347
22348
22358
22365
22365
22365
22372
22372
22376
22387
22390
22390
22392
22394
22398
22399
22399
22405
22405
22410
22411
22414
22416
22420
22422
22432
22433
22433
22434
22434
22434
22434
22435
22436
22439
22445
22450
22450
22450
22451
22453
22454
22462
22464
22465
22470
22474
22478
22481
22483
22487
22489
22496
22497
22498
22506
22509
22514
22514
22515
22518
22521
22522
22524
22527
22530
22533
22549
22549
22556
22559
22566
22568
22571
22585
22586
22589
22590
22593
22594
22597
22602
22603
22603
22604
22612
22612
22615
22626
22627
22633
22635
22636
22646
22646
22648
22653
22653
22667
22668
22671
22678
22678
22679
22683
22689
22689
22689
22690
22690
22696
22709
22710
22718
22720
22721
22722
22724
22727
22728
22734
22737
22738
22746
22749
22750
22753
22759
22762
22766
22768
22772
22774
22775
22776
22778
22781
22781
22782
22782
22786
22792
22794
22800
22802
22806
22807
22813
22824
22825
22832
22836
22843
22844
22844
22850
22859
22862
22862
22866
22868
22870
22872
22874
22887
22888
22888
22891
22894
22896
22897
22900
22908
22910
22910
22913
22915
22917
22926
22936
22946
22951
22953
22957
22959
22968
22976
22977
22988
22989
22990
22991
22992
22992
22993
22993
22998
23006
23015
23018
23026
23027
23031
23036
23042
23043
23044
23046
23046
23046
23048
23048
23054
23058
23064
23064
23066
23068
23073
23079
23082
23091
23091
23091
23097
23099
23102
23103
23107
23130
23131
23134
23136
23140
23143
23147
23148
23148
23152
23159
23164
23164
23168
23175
23178
23181
23183
23184
23192
23203
23206
23208
23208
23210
23216
23218
23219
23220
23224
23225
23228
23236
23237
23239
23240
23241
23245
23251
23253
23253
23253
23261
23263
23263
23274
23277
23278
23279
23280
23293
23295
23297
23297
23301
23307
23312
23312
23321
23322
23323
23327
23328
23344
23344
23344
23351
23352
23354
23355
23356
23358
23360
23361
23361
23367
23368
23370
23374
23378
23378
23379
23382
23393
23400
23404
23412
23416
23424
23428
23431
23433
23437
23438
23440
23444
23451
23455
23456
23458
23462
23464
23466
23467
23470
23475
23480
23480
23481
23488
23495
23495
23497
23498
23500
23502
23515
23517
23518
23520
23522
23524
23524
23524
23530
23542
23551
23554
23563
23568
23573
23576
23581
23583
23584
23588
23588
23590
23591
23591
23592
23593
23603
23603
23607
23610
23623
23627
23636
23636
23640
23649
23650
23653
23654
23659
23660
23667
23668
23668
23668
23679
23680
23688
23691
23694
23695
23696
23701
23707
23708
23710
23712
23728
23730
23736
23736
23736
23744
23745
23747
23753
23754
23756
23758
23761
23772
23776
23779
23785
23787
23787
23789
23791
23793
23797
23797
23802
23806
23818
23824
23827
23827
23829
23841
23846
23847
23849
23859
23864
23870
23870
23875
23880
23881
23882
23883
23888
23890
23895
23896
23896
23900
23909
23910
23913
23914
23921
23927
23933
23935
23943
23950
23951
23953
23961
23967
23969
23970
23980
23984
23985
23993
23994
23995
23996
23996
23996
23997
24002
24011
24016
24017
24020
24020
24024
24026
24026
24027
24032
24033
24035
24040
24048
24048
24052
24059
24064
24073
24078
24079
24079
24080
24089
24094
24094
24097
24102
24105
24105
24112
24115
24117
24118
24120
24121
24122
24122
24124
24130
24134
24137
24141
24148
24154
24154
24157
24163
24165
24168
24169
24175
24177
24178
24203
24219
24220
24223
24223
24228
24234
24237
24238
24238
24241
24241
24243
24245
24251
24253
24253
24267
24273
24275
24282
24283
24285
24285
24287
24289
24289
24291
24292
24296
24299
24300
24301
24302
24303
24306
24314
24314
24315
24316
24318
24319
24326
24328
24329
24335
24337
24338
24343
24347
24348
24350
24350
24354
24354
24357
24363
24365
24366
24369
24372
24374
24377
24378
24381
24383
24387
24390
24391
24402
24406
24417
24419
24419
24422
24423
24424
24430
24434
24436
24442
24447
24454
24456
24460
24466
24467
24468
24472
24478
24480
24481
24497
24500
24508
24510
24516
24518
24519
24522
24522
24524
24525
24525
24526
24532
24532
24534
24534
24535
24537
24539
24542
24545
24555
24556
24557
24566
24568
24575
24577
24585
24589
24591
24591
24599
24601
24603
24608
24615
24619
24621
24639
24640
24645
24648
24650
24659
24664
24678
24683
24685
24686
24692
24693
24694
24695
24697
24698
24701
24701
24706
24708
24709
24715
24715
24718
24722
24727
24730
24741
24744
24744
24747
24752
24759
24764
24766
24767
24769
24771
24775
24788
24796
24799
24805
24806
24815
24815
24816
24830
24833
24833
24835
24838
24843
24845
24855
24863
24865
24868
24870
24872
24876
24878
24878
24881
24888
24900
24901
24906
24914
24916
24921
24924
24928
24932
24932
24933
24941
24945
24946
24947
24951
24957
24957
24962
24962
24976
24982
24982
24983
24987
24987
24989
24992
24994
24995
24998
25007
25008
25010
25013
25014
25017
25017
25018
25020
25024
25026
25029
25033
25034
25037
25046
25055
25060
25061
25062
25063
25075
25076
25077
25079
25086
25086
25088
25093
25097
25097
25097
25102
25102
25103
25105
25108
25109
25118
25120
25131
25139
25141
25144
25148
25152
25160
25165
25167
25174
25181
25183
25193
25195
25198
25204
25204
25206
25210
25213
25213
25214
25217
25218
25224
25228
25230
25230
25231
25231
25234
25240
25242
25245
25247
25249
25251
25252
25252
25261
25261
25262
25263
25268
25268
25269
25271
25273
25275
25283
25283
25286
25288
25288
25297
25298
25298
25300
25305
25310
25317
25317
25321
25323
25327
25330
25332
25337
25343
25345
25349
25350
25352
25362
25364
25366
25367
25375
25377
25378
25378
25379
25380
25381
25381
25384
25386
25389
25397
25397
25398
25405
25407
25410
25411
25412
25415
25422
25423
25424
25424
25425
25425
25430
25430
25431
25433
25435
25437
25438
25440
25442
25442
25446
25447
25463
25467
25469
25470
25472
25473
25479
25482
25482
25482
25492
25493
25495
25507
25508
25508
25512
25513
25514
25514
25522
25522
25528
25530
25531
25532
25534
25537
25537
25542
25542
25551
25554
25554
25555
25556
25560
25563
25565
25570
25577
25589
25590
25593
25595
25601
25610
25615
25616
25620
25628
25629
25631
25634
25635
25636
25638
25638
25648
25654
25654
25661
25668
25671
25674
25675
25680
25682
25684
25686
25689
25691
25694
25698
25698
25705
25707
25708
25711
25713
25717
25717
25720
25729
25735
25736
25739
25740
25740
25742
25744
25749
25750
25752
25759
25763
25769
25770
25774
25774
25776
25778
25779
25782
25792
25793
25800
25802
25809
25814
25817
25819
25822
25823
25824
25825
25829
25834
25843
25844
25848
25856
25858
25859
25867
25868
25871
25871
25872
25876
25877
25878
25884
25889
25890
25895
25896
25898
25899
25901
25903
25912
25921
25922
25930
25934
25935
25935
25945
25946
25949
25978
25983
25987
25992
25992
25995
25997
25999
26001
26003
26003
26004
26006
26007
26010
26011
26016
26018
26019
26026
26027
26031
26033
26045
26050
26050
26051
26055
26059
26071
26073
26073
26087
26090
26090
26091
26091
26093
26093
26099
26105
26105
26109
26111
26111
26112
26120
26125
26126
26127
26130
26130
26131
26134
26135
26139
26141
26143
26144
26148
26148
26151
26157
26157
26159
26163
26165
26170
26173
26173
26177
26178
26180
26181
26182
26182
26183
26184
26185
26187
26192
26199
26199
26200
26201
26202
26203
26203
26208
26214
26217
26225
26229
26229
26233
26234
26235
26236
26237
26243
26247
26252
26254
26259
26261
26264
26267
26269
26275
26281
26286
26293
26293
26303
26305
26310
26313
26317
26318
26321
26325
26327
26328
26333
26338
26339
26340
26340
26346
26350
26355
26358
26365
26370
26371
26375
26376
26377
26378
26382
26387
26388
26389
26391
26394
26400
26405
26408
26418
26419
26420
26424
26430
26442
26445
26449
26453
26456
26462
26468
26468
26469
26470
26480
26480
26480
26486
26486
26486
26491
26496
26498
26498
26508
26510
26521
26522
26522
26523
26523
26524
26526
26527
26527
26530
26533
26536
26536
26537
26537
26537
26537
26539
26539
26541
26555
26564
26565
26567
26572
26572
26577
26578
26581
26584
26585
26587
26595
26600
26604
26607
26608
26612
26622
26631
26632
26635
26642
26646
26647
26650
26650
26654
26658
26658
26661
26662
26662
26663
26664
26667
26670
26673
26675
26676
26677
26678
26681
26695
26700
26705
26706
26712
26715
26718
26722
26738
26740
26741
26742
26745
26756
26757
26757
26757
26768
26773
26773
26776
26778
26778
26781
26781
26782
26788
26788
26795
26798
26802
26803
26806
26810
26815
26819
26823
26824
26832
26834
26837
26839
26840
26841
26843
26844
26848
26850
26856
26858
26861
26861
26865
26866
26868
26868
26870
26871
26871
26872
26872
26875
26880
26880
26882
26890
26897
26903
26913
26915
26918
26924
26927
26927
26930
26930
26934
26942
26943
26945
26948
26950
26951
26952
26952
26962
26967
26971
26971
26972
26975
26985
26985
26987
26992
26993
26996
27005
27010
27012
27013
27014
27023
27028
27030
27035
27038
27039
27047
27050
27065
27072
27079
27086
27087
27088
27090
27092
27093
27097
27099
27103
27103
27105
27106
27106
27108
27108
27110
27118
27119
27122
27122
27123
27124
27131
27131
27144
27146
27147
27156
27164
27166
27168
27170
27173
27175
27178
27179
27179
27182
27183
27186
27187
27195
27196
27199
27202
27202
27206
27211
27218
27218
27222
27228
27229
27238
27241
27245
27248
27248
27249
27250
27252
27253
27256
27259
27266
27267
27273
27275
27276
27278
27279
27282
27285
27287
27289
27291
27292
27295
27300
27302
27303
27303
27304
27307
27314
27318
27322
27326
27330
27334
27339
27339
27340
27341
27343
27344
27362
27364
27365
27365
27365
27367
27369
27370
27373
27375
27390
27391
27394
27394
27395
27399
27400
27400
27405
27408
27409
27412
27415
27416
27429
27432
27438
27443
27444
27445
27446
27446
27452
27453
27454
27454
27461
27462
27465
27469
27469
27472
27474
27476
27480
27482
27482
27490
27492
27495
27496
27503
27505
27514
27514
27516
27519
27520
27523
27523
27525
27526
27532
27533
27536
27542
27548
27548
27550
27550
27550
27551
27553
27553
27554
27560
27562
27562
27565
27570
27573
27575
27578
27581
27591
27591
27592
27603
27603
27606
27607
27613
27615
27618
27624
27624
27630
27630
27635
27644
27650
27652
27662
27663
27666
27667
27672
27674
27677
27679
27685
27692
27700
27702
27704
27712
27719
27720
27720
27721
27723
27729
27731
27740
27741
27743
27745
27756
27760
27764
27765
27768
27768
27769
27786
27788
27797
27800
27806
27807
27811
27814
27830
27833
27838
27843
27843
27845
27863
27864
27866
27866
27870
27872
27874
27874
27877
27878
27881
27884
27887
27892
27896
27896
27897
27897
27899
27904
27906
27906
27909
27912
27914
27919
27925
27931
27932
27933
27936
27937
27942
27945
27948
27950
27950
27956
27956
27956
27959
27961
27963
27972
27972
27978
27982
27985
27985
27988
27989
27990
27991
27992
27992
27992
27994
27996
27997
27998
28001
28001
28003
28004
28013
28018
28019
28019
28020
28022
28025
28028
28030
28032
28034
28040
28043
28046
28051
28051
28051
28054
28054
28055
28056
28059
28062
28068
28069
28073
28073
28073
28074
28074
28084
28086
28087
28091
28096
28097
28099
28104
28113
28114
28118
28121
28123
28124
28124
28127
28128
28131
28135
28137
28141
28143
28143
28149
28152
28152
28153
28159
28164
28164
28168
28172
28172
28177
28182
28182
28185
28188
28191
28192
28195
28195
28199
28202
28207
28208
28208
28213
28219
28225
28227
28232
28232
28233
28235
28237
28240
28242
28248
28250
28251
28252
28253
28253
28262
28264
28267
28270
28282
28287
28289
28292
28294
28298
28300
28301
28307
28314
28315
28315
28318
28319
28319
28331
28333
28334
28336
28341
28341
28345
28355
28359
28364
28365
28371
28375
28379
28386
28397
28399
28404
28405
28405
28406
28407
28412
28421
28423
28424
28425
28437
28438
28438
28441
28442
28444
28445
28452
28457
28460
28466
28468
28468
28470
28476
28480
28490
28491
28493
28494
28495
28500
28502
28510
28514
28515
28525
28547
28549
28550
28552
28558
28563
28563
28567
28570
28570
28570
28572
28574
28575
28577
28578
28582
28586
28590
28591
28595
28595
28600
28602
28605
28606
28607
28608
28608
28614
28614
28633
28636
28639
28640
28648
28656
28656
28659
28661
28661
28662
28663
28663
28671
28676
28678
28685
28685
28689
28690
28690
28691
28695
28696
28704
28706
28706
28723
28724
28725
28725
28726
28729
28736
28736
28740
28741
28743
28747
28747
28748
28753
28758
28759
28764
28765
28769
28769
28771
28775
28777
28779
28782
28793
28795
28796
28799
28802
28803
28806
28808
28813
28818
28821
28821
28825
28828
28829
28844
28845
28847
28850
28858
28858
28864
28866
28875
28875
28882
28883
28888
28893
28897
28899
28904
28907
28911
28912
28914
28917
28921
28923
28924
28924
28935
28938
28940
28941
28943
28945
28949
28952
28954
28964
28967
28968
28969
28973
28974
28975
28977
28977
28994
29001
29006
29010
29011
29012
29015
29020
29023
29025
29032
29035
29047
29048
29055
29059
29065
29067
29070
29072
29073
29073
29080
29080
29080
29081
29083
29086
29087
29089
29091
29094
29096
29097
29099
29113
29120
29121
29128
29129
29158
29161
29162
29163
29165
29178
29182
29182
29187
29187
29192
29195
29201
29205
29205
29206
29208
29213
29214
29214
29216
29217
29219
29225
29229
29230
29231
29231
29232
29232
29236
29238
29242
29243
29247
29251
29266
29269
29273
29275
29280
29283
29286
29288
29289
29290
29290
29300
29301
29307
29307
29309
29310
29314
29315
29321
29322
29326
29329
29329
29334
29336
29340
29341
29350
29351
29358
29363
29367
29367
29374
29375
29376
29379
29379
29381
29383
29391
29401
29404
29408
29415
29421
29428
29439
29442
29445
29447
29448
29451
29454
29457
29457
29462
29464
29467
29468
29470
29471
29472
29472
29472
29475
29477
29481
29482
29483
29483
29484
29485
29487
29501
29502
29504
29505
29515
29516
29539
29539
29543
29553
29554
29558
29562
29564
29572
29574
29576
29581
29582
29587
29589
29590
29590
29592
29596
29600
29602
29605
29608
29609
29611
29614
29620
29620
29621
29622
29624
29624
29630
29631
29635
29639
29643
29653
29653
29660
29665
29668
29678
29679
29681
29685
29686
29689
29689
29690
29692
29692
29692
29699
29700
29706
29707
29711
29715
29717
29721
29725
29733
29739
29742
29743
29744
29745
29746
29752
29753
29753
29755
29755
29756
29757
29758
29759
29763
29765
29767
29768
29768
29771
29775
29776
29778
29786
29790
29790
29792
29795
29795
29795
29797
29797
29799
29803
29808
29809
29809
29812
29813
29815
29816
29823
29825
29826
29827
29828
29829
29830
29832
29832
29833
29835
29843
29847
29847
29853
29854
29855
29856
29867
29869
29873
29879
29879
29880
29885
29889
29890
29892
29895
29896
29899
29901
29901
29904
29906
29910
29915
29920
29925
29931
29940
29942
29947
29947
29947
29948
29949
29955
29956
29959
29966
29966
29966
29967
29972
29973
29974
29974
29975
29981
29985
29991
29999
30003
30003
30004
30005
30007
30008
30013
30016
30016
30020
30020
30022
30024
30025
30030
30037
30037
30039
30039
30039
30042
30044
30058
30062
30067
30068
30086
30092
30094
30095
30097
30101
30105
30107
30108
30111
30116
30120
30122
30124
30127
30131
30135
30141
30147
30148
30149
30149
30149
30150
30159
30162
30164
30168
30172
30178
30181
30184
30188
30193
30194
30197
30201
30205
30206
30207
30217
30219
30223
30223
30228
30237
30237
30243
30244
30248
30255
30260
30264
30264
30267
30272
30277
30278
30283
30286
30287
30295
30296
30297
30297
30305
30307
30307
30312
30313
30314
30316
30330
30334
30339
30340
30341
30342
30343
30345
30349
30350
30350
30355
30357
30364
30364
30365
30366
30367
30367
30370
30387
30391
30393
30396
30407
30409
30410
30413
30417
30417
30420
30420
30420
30421
30423
30424
30429
30430
30433
30433
30434
30438
30438
30446
30446
30450
30458
30459
30460
30464
30471
30476
30482
30483
30494
30499
30502
30504
30512
30516
30522
30523
30527
30532
30535
30539
30543
30547
30548
30549
30551
30553
30558
30559
30564
30567
30570
30572
30572
30574
30576
30579
30580
30586
30600
30605
30607
30608
30611
30622
30624
30630
30636
30636
30637
30637
30638
30645
30649
30652
30657
30659
30660
30660
30663
30666
30666
30673
30689
30690
30692
30693
30693
30695
30695
30702
30706
30707
30708
30711
30712
30715
30716
30717
30718
30721
30726
30726
30735
30736
30736
30737
30741
30741
30741
30745
30759
30762
30763
30766
30770
30770
30774
30777
30778
30782
30785
30786
30792
30794
30795
30797
30797
30799
30802
30808
30812
30813
30814
30821
30823
30825
30825
30828
30829
30829
30829
30839
30840
30842
30852
30853
30855
30858
30862
30865
30875
30877
30878
30879
30880
30882
30894
30895
30898
30900
30905
30905
30907
30913
30913
30917
30925
30941
30943
30944
30949
30952
30953
30955
30955
30958
30959
30959
30961
30965
30969
30972
30973
30974
30983
30986
30990
30992
30996
30998
31000
31001
31003
31006
31008
31011
31014
31016
31021
31024
31031
31031
31032
31034
31034
31035
31035
31036
31041
31042
31045
31046
31047
31047
31050
31050
31057
31062
31074
31075
31077
31078
31080
31080
31081
31083
31089
31092
31092
31093
31106
31110
31114
31117
31117
31127
31131
31133
31140
31140
31140
31143
31147
31149
31150
31150
31156
31157
31163
31165
31165
31167
31170
31177
31181
31189
31192
31193
31201
31203
31206
31207
31209
31210
31211
31214
31214
31215
31218
31219
31225
31229
31230
31232
31235
31236
31236
31236
31244
31246
31246
31247
31250
31253
31255
31258
31259
31262
31271
31290
31303
31305
31305
31309
31312
31312
31319
31319
31321
31332
31332
31337
31339
31339
31340
31343
31345
31347
31349
31357
31360
31361
31364
31365
31365
31367
31369
31373
31375
31385
31386
31388
31390
31400
31405
31408
31412
31412
31420
31425
31428
31438
31449
31455
31457
31460
31463
31483
31488
31490
31492
31492
31493
31501
31501
31503
31512
31513
31525
31527
31527
31531
31531
31532
31534
31552
31553
31558
31562
31566
31572
31579
31581
31582
31585
31586
31586
31586
31588
31597
31614
31614
31616
31617
31618
31618
31628
31628
31629
31630
31631
31632
31633
31633
31639
31640
31641
31642
31644
31649
31661
31665
31666
31671
31671
31673
31673
31676
31681
31682
31686
31692
31693
31693
31695
31695
31696
31699
31702
31704
31709
31712
31714
31717
31720
31725
31726
31734
31734
31748
31752
31752
31757
31757
31758
31762
31762
31763
31768
31769
31770
31771
31772
31772
31773
31777
31778
31779
31780
31783
31787
31800
31800
31801
31806
31809
31814
31815
31817
31820
31820
31822
31823
31827
31828
31832
31832
31834
31837
31841
31841
31842
31843
31844
31845
31848
31852
31854
31856
31857
31859
31860
31860
31870
31875
31877
31877
31881
31881
31881
31882
31890
31890
31896
31900
31900
31904
31906
31914
31914
31918
31925
31925
31927
31930
31934
31936
31937
31940
31944
31959
31960
31963
31970
31975
31991
31991
31996
32000
32002
32006
32007
32010
32010
32011
32016
32017
32018
32018
32023
32024
32027
32029
32030
32033
32035
32040
32041
32043
32053
32070
32075
32078
32081
32090
32108
32109
32110
32117
32120
32126
32129
32134
32135
32136
32152
32157
32160
32161
32162
32168
32173
32175
32183
32188
32189
32191
32197
32197
32200
32205
32206
32214
32218
32219
32227
32233
32250
32253
32263
32264
32268
32273
32282
32287
32297
32298
32309
32309
32318
32320
32320
32322
32325
32328
32332
32332
32335
32336
32337
32340
32341
32351
32352
32355
32355
32361
32361
32363
32369
32370
32373
32375
32377
32379
32379
32381
32382
32383
32386
32386
32393
32395
32399
32404
32407
32409
32410
32411
32411
32420
32422
32423
32429
32430
32432
32433
32439
32443
32446
32451
32452
32455
32467
32469
32469
32470
32478
32492
32493
32496
32497
32499
32502
32506
32517
32519
32526
32528
32528
32530
32534
32536
32537
32543
32544
32545
32546
32549
32551
32552
32555
32555
32561
32564
32565
32566
32566
32567
32569
32573
32574
32577
32594
32601
32605
32605
32617
32620
32624
32627
32627
32630
32634
32643
32644
32653
32658
32664
32667
32678
32685
32686
32689
32691
32692
32693
32716
32717
32718
32720
32721
32721
32723
32724
32725
32729
32733
32733
32735
32738
32742
32743
32752
32755
32756
32756
32757
32759
32759
