100
183
211
2055
2878
2922
3790
4263
4540
4617
4777
4778
5040
5349
5993
6159
6488
6681
7610
8309
8388
8922
9272
9278
9299
9323
9691
9840
10277
10597
11349
11400
11636
11847
12135
12467
12517
12837
13206
13258
13467
13856
14365
14775
14803
15082
15141
15567
15920
15959
16059
16749
16972
16984
17096
17130
17237
17588
17625
18524
18831
18936
18970
19006
19516
20389
20841
21270
21513
21860
22399
23304
23575
23629
23865
24102
24152
24663
25051
25404
25972
26428
26660
26988
27848
30316
30500
30585
30748
30989
31082
31189
31367
31683
31711
32051
32087
32173
32470
32474
32532
