1000
53
55
124
128
196
274
372
374
393
410
445
495
495
507
513
640
642
644
676
692
699
719
762
777
851
880
895
947
948
1010
1146
1159
1169
1211
1231
1274
1317
1332
1400
1430
1432
1434
1459
1480
1529
1573
1614
1693
1704
1775
1838
1887
1939
1980
1995
2014
2015
2021
2051
2060
2089
2118
2140
2150
2156
2251
2264
2272
2274
2301
2310
2317
2324
2338
2353
2374
2399
2417
2418
2422
2463
2472
2480
2676
2702
2724
2864
2941
2943
2996
3018
3052
3133
3181
3200
3305
3348
3397
3409
3415
3420
3452
3457
3516
3534
3535
3575
3616
3643
3654
3663
3667
3700
3706
3709
3715
3738
3747
3797
3824
3839
3853
3894
3913
3941
3950
3994
4050
4061
4093
4144
4268
4292
4294
4304
4317
4352
4391
4392
4437
4446
4499
4565
4602
4603
4664
4670
4690
4696
4705
4714
4716
4732
4732
4767
4787
4829
4859
4938
5026
5061
5089
5133
5154
5181
5206
5209
5235
5261
5326
5340
5411
5448
5463
5478
5535
5579
5631
5690
5705
5706
5718
5719
5797
5808
5889
5911
6002
6025
6060
6099
6137
6178
6260
6265
6321
6395
6400
6402
6416
6481
6495
6597
6602
6605
6610
6627
6667
6695
6751
6767
6769
6796
6822
6846
6914
6938
7023
7024
7049
7073
7091
7241
7257
7263
7287
7313
7387
7406
7412
7422
7490
7492
7630
7641
7649
7667
7670
7694
7782
7858
7871
7938
7946
7949
7986
8067
8099
8131
8170
8172
8183
8198
8295
8333
8342
8442
8607
8620
8634
8642
8658
8841
8844
8901
8914
8986
8995
9014
9015
9025
9050
9083
9085
9099
9114
9224
9261
9325
9381
9389
9413
9418
9421
9451
9569
9659
9697
9752
9784
9789
9848
9850
9866
9890
9914
9996
10045
10092
10134
10154
10200
10222
10246
10259
10358
10424
10451
10453
10488
10560
10608
10628
10665
10701
10729
10729
10735
10762
10786
10860
10877
11003
11028
11039
11081
11125
11175
11177
11185
11198
11249
11304
11309
11323
11375
11485
11491
11491
11528
11536
11621
11629
11646
11665
11688
11707
11762
11821
11822
11837
11867
11909
11967
11977
12011
12115
12202
12215
12241
12271
12329
12333
12378
12389
12419
12455
12558
12582
12661
12664
12858
12864
12870
12908
12932
12943
12944
12959
13061
13103
13181
13199
13220
13266
13357
13360
13391
13455
13469
13473
13493
13495
13638
13646
13650
13683
13735
13761
13795
13878
13881
14090
14108
14115
14122
14165
14244
14259
14324
14341
14398
14452
14465
14524
14551
14559
14594
14627
14693
14701
14701
14720
14738
14756
14758
14788
14897
14904
14925
14966
15006
15086
15113
15147
15198
15215
15222
15238
15346
15396
15425
15493
15514
15518
15578
15614
15654
15669
15718
15726
15732
15741
15749
15757
15776
15777
16013
16103
16161
16189
16305
16313
16370
16376
16413
16474
16476
16519
16573
16603
16605
16619
16620
16623
16624
16633
16642
16660
16691
16749
16808
16812
16813
16895
16913
16926
16932
16940
16967
16984
17008
17024
17053
17067
17103
17186
17202
17207
17250
17315
17353
17380
17415
17437
17445
17534
17641
17643
17674
17676
17706
17708
17726
17728
17752
17762
17798
17800
17829
17856
17874
17876
17895
17922
17931
17935
18030
18033
18034
18048
18072
18130
18162
18189
18193
18288
18348
18359
18370
18373
18388
18408
18493
18538
18567
18612
18660
18696
18722
18755
18756
18768
18769
18771
18853
18861
18933
18980
18993
19033
19086
19150
19154
19176
19192
19217
19217
19250
19283
19283
19307
19316
19373
19421
19425
19514
19535
19540
19607
19613
19659
19674
19709
19754
19760
19890
19893
19942
19969
20011
20040
20051
20081
20103
20128
20144
20149
20342
20347
20355
20379
20419
20427
20438
20468
20475
20501
20505
20534
20659
20664
20681
20685
20773
20821
20834
20915
20933
20940
20973
21023
21025
21096
21111
21122
21132
21187
21218
21331
21333
21377
21398
21406
21435
21476
21511
21525
21529
21547
21565
21581
21669
21673
21693
21700
21716
21721
21786
21818
21828
21864
21904
21906
21984
21997
22015
22021
22050
22120
22140
22167
22171
22236
22241
22292
22303
22506
22521
22575
22675
22678
22715
22721
22735
22788
22824
22864
22894
22941
22941
22946
22965
23009
23096
23128
23160
23191
23191
23235
23245
23265
23265
23284
23340
23348
23386
23401
23402
23444
23454
23464
23470
23499
23515
23534
23609
23651
23701
23707
23711
23770
23789
23823
23834
23842
23849
23883
23884
23924
23970
23970
23974
24046
24136
24152
24207
24220
24286
24319
24331
24332
24393
24396
24504
24610
24656
24657
24684
24700
24707
24761
24761
24780
24794
24886
24965
24983
24986
24994
25001
25013
25103
25108
25134
25144
25177
25184
25226
25346
25365
25403
25410
25421
25442
25492
25512
25562
25576
25589
25591
25599
25629
25640
25641
25652
25673
25751
25787
25804
25825
25848
25858
25895
25904
25929
25941
25996
26007
26051
26080
26134
26151
26190
26200
26220
26229
26284
26370
26378
26400
26426
26437
26520
26616
26659
26669
26711
26721
26723
26812
26821
26832
26961
26970
26976
27016
27061
27176
27191
27210
27217
27281
27299
27318
27412
27422
27457
27484
27500
27561
27570
27598
27633
27653
27681
27689
27754
27833
27894
27909
27941
27957
27986
27990
28002
28013
28020
28030
28084
28155
28241
28249
28271
28299
28310
28338
28340
28357
28416
28418
28510
28537
28562
28569
28648
28687
28768
28777
28794
28883
28904
28943
28948
29075
29108
29114
29122
29161
29167
29203
29205
29218
29236
29240
29251
29353
29419
29439
29465
29473
29477
29481
29541
29583
29599
29687
29694
29699
29746
29747
29755
29766
29773
29799
29852
29933
29977
30072
30077
30147
30193
30223
30272
30309
30311
30321
30330
30348
30397
30407
30442
30447
30458
30497
30500
30540
30557
30561
30571
30688
30709
30717
30771
30775
30838
30846
30859
30889
30930
30994
30999
31009
31017
31049
31149
31175
31179
31185
31216
31230
31246
31341
31474
31481
31521
31533
31594
31655
31668
31676
31710
31710
31774
31837
31840
31846
31872
31909
31919
31924
31982
32010
32027
32089
32097
32140
32148
32167
32189
32202
32272
32306
32321
32335
32344
32426
32440
32478
32495
32569
32587
32647
32651
32687
32688
32690
32705
32707
32736
