1000
15
43
79
134
139
151
169
192
319
321
325
369
412
413
415
425
460
472
497
504
505
567
591
606
649
660
688
694
719
753
782
815
896
936
959
960
987
1000
1004
1061
1061
1070
1081
1113
1146
1197
1197
1198
1228
1255
1282
1328
1336
1362
1482
1550
1621
1666
1710
1726
1739
1741
1747
1777
1816
1816
1875
2179
2212
2213
2310
2335
2352
2412
2499
2504
2512
2513
2534
2578
2612
2637
2641
2667
2732
2751
2861
2868
2894
3008
3065
3103
3125
3135
3167
3177
3223
3246
3310
3334
3526
3530
3531
3564
3580
3650
3652
3665
3740
3751
3782
3823
3938
3997
4003
4060
4078
4176
4179
4201
4245
4296
4313
4320
4369
4382
4456
4498
4556
4567
4584
4624
4632
4637
4705
4722
4790
4812
4820
4843
4850
4874
4915
4989
5004
5037
5042
5082
5171
5179
5243
5289
5323
5447
5454
5536
5560
5590
5647
5672
5693
5709
5754
5795
5803
5828
5889
5895
5921
6063
6072
6080
6113
6156
6178
6241
6253
6291
6296
6298
6314
6328
6460
6473
6523
6527
6533
6563
6687
6731
6773
6832
6865
6871
6895
6916
6983
7006
7035
7037
7056
7059
7076
7081
7085
7101
7122
7184
7251
7359
7468
7473
7488
7544
7588
7635
7729
7750
7825
7891
7919
7944
7945
7993
8024
8035
8055
8152
8157
8171
8261
8302
8348
8397
8420
8476
8477
8490
8521
8634
8639
8666
8684
8720
8781
8835
8881
8917
8983
9024
9147
9176
9179
9259
9261
9272
9311
9404
9444
9484
9551
9561
9564
9592
9648
9651
9678
9742
9776
9801
9804
9884
9958
10038
10083
10089
10128
10141
10188
10238
10242
10253
10264
10273
10283
10372
10412
10438
10468
10500
10528
10569
10580
10609
10653
10700
10721
10755
10771
10784
10832
10897
10922
10989
11025
11044
11078
11132
11135
11153
11159
11163
11169
11172
11185
11190
11247
11296
11363
11364
11372
11392
11421
11537
11624
11627
11636
11663
11665
11684
11741
11744
11748
11764
11773
11808
11833
11860
11873
11954
11994
12039
12048
12080
12116
12123
12225
12229
12261
12263
12314
12326
12358
12359
12444
12455
12482
12566
12568
12609
12632
12668
12717
12730
12741
12783
12789
12808
12809
12941
12960
12981
12990
13097
13130
13179
13253
13265
13272
13276
13298
13310
13334
13334
13402
13433
13518
13523
13529
13538
13576
13595
13605
13627
13641
13723
13726
13786
13794
13808
13830
13837
13868
13920
13943
14019
14046
14072
14116
14125
14153
14159
14168
14175
14223
14267
14273
14309
14344
14364
14408
14414
14431
14470
14496
14521
14537
14543
14570
14575
14609
14679
14744
14787
14806
14822
14830
14848
14858
14888
14961
14980
15000
15046
15047
15086
15093
15119
15144
15146
15189
15206
15216
15222
15234
15236
15236
15262
15263
15316
15328
15364
15404
15429
15462
15468
15484
15486
15491
15589
15608
15633
15651
15690
15740
15762
15770
15776
15777
15811
15819
15849
15908
15919
15939
15946
15977
16010
16083
16102
16147
16152
16246
16252
16256
16285
16292
16327
16401
16441
16481
16505
16529
16572
16592
16604
16659
16659
16674
16766
16770
16789
16802
16817
16841
16844
16906
16952
16980
17010
17036
17116
17134
17147
17179
17236
17263
17287
17291
17300
17331
17338
17346
17363
17405
17407
17444
17482
17537
17547
17597
17647
17651
17709
17744
17750
17752
17771
17834
17840
17875
17894
17929
17969
17994
18084
18103
18157
18158
18201
18218
18221
18223
18232
18253
18277
18288
18305
18443
18445
18464
18499
18503
18505
18575
18601
18633
18633
18640
18642
18651
18684
18694
18707
18722
18750
18829
18830
18858
18937
18953
18966
18970
19008
19047
19148
19167
19174
19243
19296
19309
19455
19477
19484
19541
19567
19599
19631
19634
19668
19672
19710
19757
19806
19816
19821
19831
19844
19847
19900
19902
19903
19918
19932
19933
19987
20018
20043
20064
20084
20135
20170
20567
20573
20623
20626
20639
20653
20692
20788
20851
20853
20927
20936
21008
21014
21017
21121
21124
21149
21161
21167
21187
21196
21208
21228
21240
21273
21282
21287
21354
21354
21370
21400
21503
21573
21584
21615
21671
21675
21693
21726
21734
21737
21771
21777
21788
21800
21807
21808
21857
21950
22071
22144
22158
22197
22245
22285
22299
22310
22371
22373
22380
22397
22422
22439
22442
22471
22502
22583
22593
22598
22600
22647
22652
22657
22665
22666
22675
22788
22888
23032
23065
23068
23106
23121
23143
23181
23262
23264
23321
23328
23353
23400
23508
23591
23594
23598
23636
23666
23709
23766
23802
23810
23871
23872
23907
23956
23956
23983
24017
24030
24032
24049
24115
24120
24124
24135
24154
24178
24210
24236
24313
24317
24378
24385
24566
24574
24613
24689
24698
24711
24767
24774
24783
24794
24794
24797
24813
24820
24830
24846
24881
24965
24998
25119
25124
25190
25207
25250
25359
25362
25387
25517
25531
25559
25613
25634
25643
25712
25797
25800
25868
25885
25936
25939
25956
26002
26008
26047
26059
26151
26213
26325
26343
26353
26361
26386
26417
26418
26432
26453
26458
26497
26534
26538
26539
26566
26601
26644
26646
26680
26805
26865
26891
26920
26953
26962
26987
27112
27124
27125
27142
27220
27305
27330
27410
27471
27493
27514
27549
27611
27644
27650
27650
27656
27668
27671
27683
27684
27719
27752
27765
27781
27830
27843
27946
28180
28185
28204
28268
28385
28419
28421
28536
28555
28591
28708
28714
28723
28751
28753
28922
28953
28991
29013
29024
29062
29155
29176
29188
29221
29247
29249
29257
29262
29306
29334
29337
29356
29362
29384
29403
29420
29499
29514
29553
29600
29630
29682
29690
29704
29805
29825
29903
29925
29997
30022
30071
30084
30225
30274
30296
30313
30414
30455
30514
30519
30547
30598
30603
30609
30613
30626
30633
30672
30728
30743
30750
30784
30803
30840
30860
30889
30893
30900
30917
30940
30977
30991
31053
31069
31113
31140
31161
31165
31190
31193
31269
31319
31331
31383
31411
31454
31461
31511
31567
31585
31595
31601
31609
31680
31701
31713
31780
31795
31838
31862
31887
31907
31931
31995
32031
32063
32064
32077
32089
32136
32139
32146
32161
32172
32244
32265
32277
32297
32369
32370
32425
32567
32567
32570
32585
32633
32634
32639
32686
32700
32710
32726
