100
267
295
438
588
632
1087
2130
2353
2934
3339
3352
4867
4988
4988
6480
6730
6759
6888
7385
7493
8057
8127
8398
8513
8797
9153
9744
10070
10080
11028
11414
11476
11969
12140
12144
12408
12414
12444
12550
13654
14010
14103
14803
15159
15342
16212
16263
16279
16336
16353
16619
16628
16707
17693
18023
18242
18271
18546
18866
19048
19177
19305
19772
20148
20179
20218
20689
20750
20861
20912
22022
22180
22276
22778
22956
23272
23797
24124
24574
24874
25011
25021
25093
25904
25959
26200
26218
26512
26522
26803
27633
27645
28768
29170
29797
29968
31435
31572
31658
31719
