10000
1
4
11
15
16
23
30
32
50
56
59
61
65
65
66
66
69
71
77
77
81
95
102
105
109
112
113
114
114
122
125
125
126
129
134
138
143
143
143
144
144
153
154
155
158
159
160
162
163
164
166
170
170
171
175
176
183
184
189
190
194
200
201
205
206
216
219
221
223
227
229
229
237
247
260
264
268
268
278
281
285
289
289
291
293
293
295
299
306
312
319
322
325
325
337
343
346
353
354
358
358
365
366
368
373
373
375
376
378
386
387
395
396
396
398
402
408
414
414
415
415
427
430
432
434
439
445
449
451
456
460
477
478
479
490
492
493
494
502
503
508
509
509
510
518
520
534
535
536
537
540
547
549
552
561
570
571
575
589
591
594
597
599
612
617
617
620
621
621
628
630
634
637
639
640
641
641
642
644
647
654
655
657
659
660
661
661
669
672
681
685
690
692
693
694
704
705
707
715
728
731
732
733
733
738
739
741
742
743
755
759
763
764
766
769
769
771
773
773
774
779
781
782
784
787
792
799
802
802
804
807
809
812
813
819
820
826
830
830
831
833
833
834
843
845
853
855
864
865
865
866
866
869
870
872
874
874
877
879
881
881
884
884
885
887
888
893
898
901
902
902
903
906
908
912
918
919
922
923
925
926
927
932
937
939
941
948
949
949
956
960
963
968
971
973
976
981
990
997
1000
1002
1005
1006
1007
1012
1012
1015
1016
1016
1019
1021
1024
1024
1026
1026
1030
1033
1038
1044
1049
1054
1055
1056
1060
1064
1069
1070
1072
1074
1077
1080
1084
1084
1086
1093
1101
1110
1116
1120
1125
1126
1127
1129
1130
1132
1133
1136
1161
1169
1175
1176
1180
1183
1186
1190
1198
1207
1207
1210
1214
1216
1218
1219
1222
1225
1227
1231
1235
1236
1240
1242
1243
1247
1250
1254
1260
1263
1263
1269
1273
1278
1279
1279
1280
1282
1288
1290
1290
1294
1308
1309
1310
1313
1320
1324
1329
1332
1340
1342
1347
1349
1349
1350
1350
1353
1354
1360
1362
1364
1378
1378
1379
1387
1388
1390
1400
1401
1402
1402
1404
1411
1413
1415
1423
1425
1425
1428
1431
1439
1445
1448
1448
1450
1453
1453
1459
1463
1464
1465
1471
1474
1474
1475
1476
1476
1479
1482
1484
1487
1487
1487
1500
1506
1520
1527
1527
1528
1530
1538
1539
1554
1556
1558
1559
1567
1569
1570
1571
1574
1578
1582
1582
1593
1598
1601
1601
1607
1608
1610
1612
1618
1619
1619
1622
1626
1631
1637
1640
1640
1644
1648
1650
1653
1654
1656
1664
1667
1671
1678
1683
1688
1691
1692
1697
1699
1716
1725
1726
1727
1727
1730
1732
1735
1739
1740
1740
1741
1742
1745
1745
1753
1753
1753
1755
1758
1759
1761
1761
1762
1765
1765
1769
1770
1772
1775
1781
1786
1790
1790
1795
1797
1797
1810
1821
1821
1826
1826
1836
1841
1846
1847
1854
1856
1859
1860
1860
1862
1866
1868
1869
1870
1874
1875
1880
1881
1887
1888
1889
1896
1904
1904
1910
1911
1917
1922
1923
1924
1931
1934
1934
1942
1950
1950
1954
1961
1964
1966
1967
1970
1972
1972
1978
1981
1982
1983
1987
1991
1992
1996
2001
2003
2004
2012
2016
2028
2029
2030
2031
2032
2036
2040
2040
2053
2057
2067
2068
2068
2073
2073
2076
2076
2077
2083
2087
2096
2097
2099
2100
2101
2107
2115
2116
2118
2122
2124
2135
2137
2140
2141
2141
2141
2142
2143
2144
2145
2150
2154
2154
2154
2155
2157
2157
2157
2158
2162
2166
2169
2170
2173
2174
2175
2179
2179
2185
2186
2187
2189
2189
2193
2198
2212
2212
2214
2220
2221
2226
2230
2230
2231
2233
2235
2236
2240
2244
2244
2247
2254
2256
2275
2275
2275
2277
2279
2279
2280
2281
2282
2282
2284
2287
2293
2295
2300
2303
2310
2311
2311
2319
2324
2332
2333
2339
2339
2345
2347
2352
2356
2359
2364
2364
2368
2370
2373
2390
2394
2397
2400
2404
2405
2407
2408
2411
2411
2418
2421
2422
2435
2445
2447
2448
2449
2451
2452
2457
2464
2478
2485
2498
2500
2501
2504
2512
2514
2515
2516
2517
2517
2517
2521
2526
2526
2532
2533
2534
2536
2538
2549
2555
2556
2566
2568
2571
2574
2578
2579
2580
2583
2583
2583
2585
2586
2586
2587
2593
2599
2600
2604
2606
2612
2614
2614
2619
2624
2626
2627
2629
2634
2636
2641
2644
2645
2650
2651
2654
2655
2659
2661
2662
2663
2664
2665
2665
2669
2672
2677
2680
2685
2685
2687
2687
2691
2693
2702
2722
2723
2729
2729
2731
2732
2737
2738
2738
2739
2739
2744
2750
2756
2758
2761
2763
2764
2765
2765
2767
2770
2771
2772
2779
2784
2786
2789
2790
2799
2806
2807
2812
2817
2817
2818
2819
2820
2821
2826
2826
2833
2833
2837
2853
2859
2861
2869
2870
2872
2874
2876
2877
2879
2887
2887
2888
2894
2895
2895
2896
2898
2904
2907
2908
2909
2921
2928
2934
2935
2938
2940
2947
2950
2956
2963
2966
2966
2967
2969
2970
2980
2982
2987
2991
2994
2997
2998
3005
3013
3014
3018
3018
3022
3022
3024
3029
3037
3039
3045
3046
3056
3057
3058
3060
3062
3066
3067
3068
3073
3083
3090
3091
3091
3094
3102
3102
3106
3110
3113
3116
3121
3123
3125
3131
3132
3136
3145
3148
3152
3155
3156
3156
3157
3164
3166
3170
3171
3176
3176
3177
3179
3180
3180
3184
3186
3191
3192
3196
3197
3200
3211
3217
3217
3220
3227
3228
3237
3240
3240
3242
3244
3247
3248
3253
3256
3256
3263
3263
3267
3268
3268
3271
3271
3273
3274
3276
3277
3283
3283
3286
3287
3288
3293
3297
3298
3302
3303
3303
3307
3310
3312
3314
3323
3326
3327
3329
3330
3336
3336
3340
3340
3340
3346
3347
3356
3358
3367
3373
3373
3373
3375
3375
3375
3377
3379
3381
3390
3394
3400
3404
3405
3409
3416
3418
3421
3424
3428
3429
3430
3433
3434
3441
3450
3454
3459
3460
3466
3469
3471
3477
3483
3489
3490
3493
3495
3498
3504
3505
3506
3510
3511
3513
3516
3521
3522
3522
3527
3528
3529
3529
3533
3533
3534
3534
3539
3542
3548
3553
3557
3559
3560
3562
3564
3567
3567
3570
3572
3573
3574
3579
3586
3588
3592
3594
3595
3601
3604
3606
3611
3611
3626
3627
3634
3634
3641
3642
3644
3647
3667
3672
3676
3678
3680
3681
3683
3683
3684
3686
3687
3688
3689
3690
3692
3695
3699
3701
3703
3708
3711
3714
3714
3715
3717
3718
3728
3734
3735
3743
3753
3754
3755
3761
3764
3765
3767
3775
3780
3782
3782
3782
3787
3795
3798
3799
3800
3803
3808
3809
3810
3811
3813
3820
3821
3822
3827
3831
3839
3840
3841
3844
3846
3849
3849
3854
3855
3861
3867
3869
3878
3879
3884
3884
3888
3892
3892
3897
3899
3899
3899
3901
3903
3903
3904
3905
3914
3915
3917
3935
3937
3941
3945
3946
3949
3950
3951
3954
3960
3961
3962
3963
3964
3965
3968
3970
3970
3971
3971
3977
3978
3983
3986
3990
3991
3992
3998
3999
4001
4002
4004
4012
4021
4025
4027
4028
4036
4036
4040
4040
4042
4052
4054
4062
4070
4075
4075
4076
4079
4081
4088
4090
4090
4091
4093
4105
4106
4108
4110
4110
4111
4113
4113
4115
4117
4118
4122
4122
4124
4133
4142
4143
4150
4153
4155
4155
4162
4163
4163
4165
4177
4180
4183
4184
4188
4192
4194
4194
4200
4221
4224
4229
4234
4237
4237
4243
4244
4244
4244
4246
4250
4250
4256
4260
4262
4267
4273
4279
4285
4285
4294
4296
4296
4300
4301
4302
4308
4309
4309
4316
4317
4321
4321
4325
4327
4330
4332
4332
4333
4337
4346
4351
4351
4351
4352
4353
4355
4358
4360
4365
4366
4368
4371
4371
4375
4375
4377
4377
4379
4381
4382
4383
4390
4390
4391
4392
4392
4402
4405
4409
4409
4412
4413
4424
4424
4425
4427
4428
4436
4440
4452
4461
4462
4463
4463
4470
4470
4470
4472
4474
4478
4480
4489
4497
4497
4498
4501
4505
4506
4511
4514
4524
4525
4526
4530
4538
4539
4540
4540
4542
4548
4550
4552
4554
4554
4572
4575
4575
4576
4577
4579
4590
4592
4593
4597
4598
4599
4602
4607
4611
4624
4624
4626
4631
4632
4634
4639
4645
4654
4658
4663
4668
4669
4669
4671
4674
4680
4680
4684
4688
4688
4689
4689
4695
4697
4703
4705
4709
4710
4710
4713
4718
4718
4721
4723
4724
4725
4729
4738
4740
4741
4743
4754
4759
4765
4770
4777
4780
4782
4782
4782
4783
4789
4791
4792
4795
4797
4798
4803
4807
4808
4821
4825
4826
4826
4828
4830
4833
4842
4843
4844
4849
4849
4850
4856
4859
4860
4861
4862
4863
4864
4876
4885
4892
4897
4900
4901
4903
4906
4907
4908
4909
4913
4921
4921
4922
4923
4923
4924
4927
4932
4932
4937
4937
4938
4938
4942
4944
4956
4959
4962
4974
4975
4978
4980
4982
4983
4987
4989
5008
5017
5019
5025
5031
5032
5037
5040
5045
5049
5050
5058
5067
5067
5069
5071
5077
5077
5080
5083
5085
5085
5086
5087
5092
5093
5095
5095
5100
5102
5107
5107
5111
5115
5125
5126
5127
5129
5131
5134
5138
5139
5144
5147
5153
5154
5155
5155
5155
5156
5157
5160
5161
5166
5167
5171
5174
5180
5187
5191
5194
5196
5202
5204
5205
5206
5207
5208
5209
5213
5214
5214
5216
5219
5228
5234
5237
5238
5238
5241
5241
5256
5267
5276
5277
5277
5293
5296
5301
5302
5304
5307
5311
5318
5319
5322
5323
5323
5324
5325
5325
5325
5334
5338
5354
5354
5354
5359
5368
5370
5371
5375
5376
5379
5379
5386
5389
5400
5402
5402
5408
5410
5414
5416
5416
5419
5437
5442
5442
5442
5447
5448
5456
5457
5462
5463
5464
5468
5469
5469
5476
5478
5479
5479
5482
5483
5486
5487
5489
5490
5502
5506
5509
5510
5518
5518
5522
5525
5525
5525
5528
5532
5532
5534
5536
5542
5543
5544
5545
5548
5549
5550
5551
5555
5560
5560
5561
5561
5566
5570
5570
5577
5579
5579
5582
5585
5589
5593
5595
5597
5598
5599
5602
5604
5613
5622
5623
5625
5626
5627
5632
5633
5635
5637
5642
5647
5652
5652
5652
5656
5656
5663
5671
5674
5684
5684
5686
5688
5690
5694
5696
5697
5702
5703
5706
5708
5708
5711
5716
5718
5719
5719
5723
5724
5726
5728
5744
5746
5747
5752
5762
5770
5771
5775
5781
5783
5788
5793
5798
5809
5812
5815
5815
5816
5816
5817
5817
5820
5820
5821
5824
5829
5832
5839
5840
5851
5855
5856
5860
5867
5872
5881
5885
5885
5887
5892
5898
5900
5901
5904
5909
5911
5912
5913
5914
5915
5941
5946
5947
5947
5950
5954
5955
5955
5959
5960
5966
5972
5973
5980
5984
5993
5993
5994
5994
5995
5996
5997
6002
6005
6014
6014
6020
6026
6027
6029
6034
6037
6037
6042
6058
6061
6061
6064
6066
6067
6068
6074
6076
6087
6090
6097
6098
6101
6103
6105
6107
6114
6115
6118
6119
6120
6128
6132
6134
6136
6137
6146
6152
6157
6158
6161
6162
6180
6184
6185
6190
6194
6198
6200
6201
6204
6212
6220
6226
6228
6230
6231
6231
6232
6233
6239
6241
6242
6242
6242
6245
6256
6257
6258
6259
6261
6267
6271
6272
6278
6279
6280
6284
6294
6300
6304
6310
6310
6313
6319
6321
6322
6324
6327
6344
6354
6355
6355
6356
6357
6357
6358
6361
6362
6364
6366
6370
6370
6371
6375
6378
6380
6383
6385
6388
6389
6391
6393
6395
6395
6415
6418
6424
6435
6436
6438
6439
6442
6443
6443
6447
6450
6451
6453
6453
6454
6455
6458
6465
6468
6468
6469
6471
6471
6471
6476
6477
6479
6481
6483
6488
6488
6495
6496
6497
6498
6504
6504
6508
6513
6517
6517
6521
6528
6536
6540
6547
6550
6553
6553
6555
6555
6564
6570
6574
6575
6576
6578
6579
6579
6580
6582
6584
6587
6588
6589
6592
6595
6598
6599
6602
6605
6608
6612
6613
6614
6622
6623
6623
6624
6625
6626
6626
6627
6628
6632
6633
6637
6649
6654
6656
6657
6661
6664
6669
6679
6681
6683
6685
6689
6694
6705
6705
6713
6714
6724
6724
6734
6735
6739
6740
6742
6752
6759
6766
6766
6766
6766
6771
6773
6778
6783
6784
6787
6787
6788
6789
6790
6793
6795
6795
6800
6810
6812
6823
6827
6829
6831
6835
6839
6839
6840
6841
6843
6843
6853
6853
6853
6853
6854
6855
6860
6867
6877
6879
6889
6892
6894
6898
6899
6906
6907
6908
6912
6914
6917
6920
6921
6921
6922
6926
6926
6931
6935
6946
6949
6953
6953
6960
6961
6963
6965
6967
6969
6979
6980
6982
6995
6996
6996
6998
6999
7000
7000
7002
7012
7014
7024
7027
7031
7033
7042
7043
7046
7047
7047
7048
7052
7062
7065
7076
7080
7080
7084
7087
7087
7090
7093
7096
7096
7096
7098
7103
7104
7109
7110
7111
7114
7115
7118
7119
7120
7133
7133
7138
7142
7143
7145
7148
7154
7155
7156
7158
7161
7166
7166
7172
7175
7175
7176
7180
7183
7183
7189
7194
7197
7201
7201
7207
7213
7222
7223
7225
7226
7226
7237
7243
7247
7249
7252
7252
7254
7255
7256
7256
7258
7261
7271
7274
7279
7287
7292
7295
7297
7301
7306
7309
7313
7314
7323
7324
7328
7329
7330
7335
7340
7341
7347
7350
7350
7354
7354
7359
7368
7372
7375
7377
7378
7381
7385
7390
7391
7394
7397
7398
7406
7407
7408
7413
7413
7416
7417
7418
7420
7422
7425
7430
7433
7433
7436
7441
7444
7444
7444
7448
7449
7451
7452
7456
7457
7467
7471
7473
7474
7475
7475
7486
7492
7493
7494
7495
7497
7497
7499
7502
7503
7504
7506
7507
7511
7511
7513
7519
7526
7528
7528
7530
7533
7543
7543
7543
7546
7553
7555
7563
7567
7568
7569
7572
7574
7586
7587
7594
7602
7603
7603
7603
7606
7610
7619
7620
7621
7625
7625
7629
7629
7632
7634
7635
7636
7644
7645
7647
7653
7653
7653
7657
7659
7661
7662
7667
7670
7676
7677
7680
7684
7686
7689
7691
7692
7694
7697
7698
7705
7707
7708
7709
7710
7710
7710
7711
7717
7722
7722
7723
7726
7730
7731
7735
7742
7745
7753
7753
7757
7758
7759
7759
7759
7763
7770
7778
7785
7793
7793
7794
7800
7801
7815
7815
7815
7817
7821
7825
7827
7827
7831
7842
7844
7845
7847
7850
7857
7861
7864
7865
7865
7867
7867
7871
7876
7877
7885
7888
7892
7892
7895
7899
7906
7909
7915
7917
7917
7918
7923
7932
7936
7939
7940
7945
7945
7945
7946
7947
7947
7956
7965
7967
7975
7986
7986
7986
7989
7991
7993
7996
7998
8001
8002
8003
8007
8008
8015
8017
8019
8026
8027
8031
8032
8033
8039
8041
8042
8042
8061
8064
8065
8066
8066
8076
8078
8079
8079
8081
8085
8103
8104
8108
8109
8113
8115
8116
8118
8121
8121
8122
8125
8127
8128
8131
8132
8133
8136
8136
8138
8140
8142
8145
8147
8150
8152
8158
8159
8163
8164
8166
8171
8174
8178
8180
8181
8182
8188
8192
8193
8193
8195
8206
8208
8209
8212
8220
8222
8231
8239
8243
8243
8248
8250
8251
8254
8256
8264
8265
8265
8265
8270
8275
8279
8286
8287
8287
8292
8293
8306
8307
8308
8311
8315
8318
8321
8322
8329
8332
8333
8336
8337
8341
8343
8344
8351
8360
8369
8375
8390
8391
8393
8396
8397
8406
8409
8413
8416
8417
8418
8421
8430
8430
8432
8434
8438
8441
8445
8446
8449
8450
8451
8452
8455
8458
8459
8459
8463
8470
8475
8481
8482
8484
8487
8487
8489
8490
8491
8492
8493
8496
8497
8504
8521
8522
8525
8526
8527
8537
8540
8543
8544
8545
8549
8553
8555
8559
8565
8569
8571
8571
8577
8580
8580
8587
8590
8593
8593
8593
8595
8602
8604
8610
8611
8611
8615
8620
8623
8634
8641
8645
8646
8646
8650
8660
8660
8663
8666
8668
8672
8673
8676
8677
8679
8684
8690
8693
8694
8695
8699
8706
8708
8710
8711
8711
8714
8720
8721
8727
8741
8742
8742
8744
8748
8756
8762
8763
8764
8770
8775
8776
8778
8786
8789
8799
8803
8810
8817
8825
8832
8839
8840
8845
8846
8846
8849
8851
8853
8853
8857
8857
8860
8879
8881
8884
8884
8889
8890
8895
8898
8899
8906
8907
8908
8909
8910
8912
8913
8927
8932
8935
8937
8940
8943
8944
8946
8946
8948
8952
8961
8962
8970
8974
8975
8983
8986
8988
8989
8993
8993
8996
9005
9007
9009
9036
9045
9047
9047
9053
9054
9057
9059
9063
9065
9068
9072
9072
9082
9089
9099
9104
9106
9111
9114
9123
9124
9126
9129
9139
9140
9141
9143
9145
9149
9150
9153
9156
9157
9164
9166
9166
9169
9170
9176
9177
9180
9181
9182
9182
9184
9188
9191
9203
9204
9207
9208
9209
9209
9216
9218
9222
9224
9229
9234
9237
9238
9244
9255
9260
9265
9266
9268
9268
9270
9273
9274
9275
9277
9281
9288
9294
9297
9299
9304
9308
9310
9315
9315
9323
9325
9326
9333
9335
9340
9340
9344
9346
9346
9351
9354
9357
9365
9365
9367
9385
9387
9392
9393
9400
9406
9408
9408
9411
9415
9418
9419
9420
9431
9434
9446
9449
9460
9462
9474
9474
9478
9478
9479
9489
9490
9491
9491
9494
9498
9506
9515
9518
9522
9528
9529
9540
9546
9546
9550
9553
9554
9556
9561
9562
9565
9566
9568
9569
9570
9573
9578
9582
9582
9594
9595
9596
9599
9600
9610
9611
9613
9614
9616
9619
9621
9627
9630
9631
9641
9654
9655
9656
9658
9663
9668
9669
9670
9680
9687
9691
9693
9709
9710
9711
9716
9717
9717
9725
9726
9728
9740
9742
9745
9745
9746
9749
9751
9753
9754
9756
9763
9765
9766
9766
9779
9780
9786
9788
9791
9804
9804
9809
9809
9810
9813
9815
9819
9821
9822
9824
9826
9830
9836
9837
9850
9851
9852
9864
9869
9872
9873
9874
9875
9885
9887
9890
9905
9908
9914
9916
9920
9920
9923
9934
9937
9937
9944
9946
9947
9950
9951
9957
9960
9962
9968
9974
9984
9985
9988
9994
9997
9998
10005
10006
10009
10011
10011
10015
10017
10024
10027
10030
10036
10041
10048
10056
10059
10060
10073
10073
10073
10074
10075
10077
10085
10085
10089
10094
10104
10105
10111
10116
10119
10125
10130
10135
10135
10140
10140
10141
10143
10148
10152
10153
10154
10158
10166
10170
10172
10172
10174
10176
10181
10181
10185
10189
10190
10193
10193
10194
10197
10200
10201
10204
10218
10223
10228
10228
10228
10233
10233
10234
10239
10247
10247
10248
10254
10269
10274
10278
10286
10294
10308
10310
10312
10313
10323
10328
10342
10344
10345
10348
10349
10350
10357
10357
10358
10361
10367
10368
10371
10379
10381
10386
10388
10389
10393
10395
10395
10403
10405
10410
10410
10413
10415
10417
10426
10427
10435
10436
10437
10438
10443
10446
10448
10452
10452
10454
10455
10456
10457
10463
10469
10486
10487
10498
10499
10502
10504
10508
10515
10517
10517
10526
10531
10537
10539
10539
10539
10542
10544
10552
10564
10570
10582
10586
10590
10591
10591
10592
10600
10604
10604
10612
10618
10619
10620
10625
10631
10632
10641
10642
10645
10646
10648
10654
10656
10659
10670
10679
10686
10686
10687
10687
10690
10698
10700
10701
10705
10705
10709
10717
10719
10720
10722
10725
10730
10735
10737
10738
10741
10755
10757
10764
10766
10771
10778
10779
10780
10785
10786
10789
10791
10791
10794
10801
10801
10806
10809
10818
10820
10822
10823
10827
10833
10834
10839
10839
10840
10842
10843
10847
10848
10850
10851
10852
10853
10866
10867
10874
10879
10880
10881
10885
10887
10896
10900
10913
10917
10924
10928
10928
10933
10934
10936
10938
10940
10943
10945
10947
10950
10953
10953
10954
10965
10966
10967
10970
10974
10980
10986
10989
10996
10996
11000
11002
11002
11004
11013
11017
11017
11022
11027
11034
11037
11038
11041
11045
11045
11046
11052
11053
11062
11074
11078
11079
11083
11086
11090
11096
11104
11106
11106
11112
11115
11119
11123
11128
11130
11133
11135
11135
11136
11139
11140
11143
11146
11147
11148
11153
11155
11160
11168
11168
11176
11179
11179
11198
11198
11199
11202
11208
11208
11211
11212
11213
11215
11216
11221
11225
11227
11228
11229
11233
11233
11242
11242
11250
11253
11258
11266
11267
11267
11271
11275
11275
11276
11278
11281
11284
11288
11296
11301
11311
11313
11314
11315
11319
11321
11324
11324
11326
11327
11328
11329
11329
11331
11335
11337
11338
11340
11341
11342
11347
11356
11358
11359
11361
11362
11370
11372
11382
11385
11391
11391
11392
11392
11395
11398
11400
11400
11404
11406
11406
11416
11418
11423
11425
11430
11437
11448
11448
11449
11450
11452
11453
11459
11465
11465
11466
11472
11476
11479
11480
11483
11487
11487
11490
11491
11494
11498
11502
11503
11504
11504
11518
11524
11528
11531
11535
11537
11537
11541
11541
11552
11555
11555
11562
11569
11573
11576
11582
11583
11585
11588
11591
11591
11593
11596
11597
11605
11612
11615
11621
11622
11622
11626
11629
11634
11635
11637
11638
11652
11656
11657
11659
11669
11670
11670
11677
11679
11680
11680
11691
11693
11695
11698
11704
11704
11708
11712
11720
11720
11728
11731
11742
11743
11744
11749
11749
11753
11755
11759
11761
11762
11762
11780
11780
11785
11798
11800
11803
11807
11810
11814
11816
11817
11819
11819
11820
11825
11829
11841
11845
11848
11849
11856
11858
11860
11860
11869
11869
11872
11876
11877
11878
11879
11880
11882
11883
11885
11893
11893
11894
11895
11897
11897
11897
11900
11901
11904
11913
11916
11916
11918
11922
11935
11940
11941
11942
11942
11946
11946
11949
11953
11954
11956
11958
11960
11962
11970
11971
11973
11977
11981
11984
11985
11987
11999
12008
12009
12012
12014
12016
12031
12034
12035
12035
12036
12036
12045
12048
12050
12056
12059
12060
12060
12062
12069
12074
12077
12079
12083
12085
12085
12093
12097
12101
12104
12105
12107
12109
12114
12117
12119
12123
12126
12127
12129
12131
12134
12135
12137
12138
12144
12161
12161
12163
12166
12173
12173
12182
12185
12186
12192
12196
12199
12208
12208
12211
12222
12228
12230
12232
12233
12236
12242
12247
12248
12249
12254
12255
12256
12259
12269
12272
12280
12281
12282
12284
12285
12288
12288
12291
12293
12298
12308
12313
12324
12324
12326
12329
12331
12337
12337
12339
12342
12344
12345
12348
12354
12355
12355
12359
12362
12362
12363
12365
12368
12387
12389
12393
12395
12395
12400
12409
12412
12412
12415
12416
12420
12422
12423
12434
12436
12436
12440
12443
12453
12460
12461
12462
12464
12465
12469
12474
12478
12481
12484
12487
12490
12493
12494
12495
12502
12506
12507
12517
12517
12521
12527
12527
12527
12528
12530
12533
12533
12533
12536
12540
12540
12551
12554
12555
12555
12556
12558
12564
12565
12569
12574
12576
12579
12590
12593
12593
12598
12607
12608
12608
12608
12613
12620
12621
12623
12624
12637
12640
12641
12647
12648
12652
12666
12667
12668
12670
12674
12675
12680
12682
12691
12694
12701
12710
12712
12712
12716
12718
12720
12720
12721
12723
12728
12730
12733
12736
12739
12749
12751
12753
12762
12763
12763
12764
12766
12767
12779
12780
12791
12795
12796
12796
12797
12799
12803
12808
12809
12810
12812
12815
12826
12827
12827
12831
12833
12835
12837
12837
12837
12838
12839
12841
12843
12846
12851
12871
12873
12875
12879
12879
12881
12884
12888
12891
12894
12902
12905
12906
12910
12912
12913
12916
12920
12923
12927
12933
12943
12944
12946
12947
12954
12954
12958
12959
12960
12980
12988
12993
12994
13005
13012
13019
13019
13022
13029
13033
13035
13038
13038
13040
13045
13048
13063
13064
13066
13067
13068
13072
13077
13081
13083
13084
13089
13090
13091
13092
13099
13111
13111
13116
13116
13119
13120
13123
13127
13129
13130
13135
13140
13144
13145
13146
13150
13155
13158
13159
13167
13169
13175
13177
13179
13183
13184
13191
13192
13197
13204
13214
13217
13218
13220
13221
13225
13225
13225
13225
13227
13231
13232
13236
13241
13242
13243
13243
13244
13245
13249
13249
13253
13254
13256
13256
13256
13257
13258
13260
13264
13266
13268
13274
13274
13275
13279
13281
13282
13285
13285
13285
13288
13288
13288
13291
13302
13305
13305
13306
13307
13308
13315
13317
13319
13327
13337
13345
13347
13350
13356
13358
13362
13365
13367
13368
13375
13377
13377
13379
13380
13381
13404
13406
13406
13407
13408
13412
13419
13429
13433
13438
13443
13447
13448
13450
13456
13461
13461
13470
13472
13474
13484
13485
13488
13488
13491
13493
13495
13499
13503
13515
13516
13517
13521
13521
13525
13531
13531
13531
13533
13538
13542
13542
13549
13550
13552
13553
13569
13570
13579
13580
13584
13589
13595
13606
13606
13612
13617
13622
13629
13637
13638
13638
13641
13643
13644
13645
13651
13652
13656
13657
13660
13661
13662
13664
13666
13667
13671
13672
13673
13674
13676
13677
13677
13680
13681
13682
13684
13689
13691
13691
13691
13692
13693
13696
13697
13701
13703
13703
13704
13706
13709
13714
13719
13720
13722
13729
13736
13737
13739
13740
13743
13744
13746
13746
13748
13758
13758
13759
13760
13761
13764
13764
13784
13784
13785
13785
13786
13794
13800
13803
13803
13804
13806
13809
13814
13815
13821
13825
13836
13841
13850
13851
13854
13856
13867
13879
13880
13880
13881
13887
13889
13893
13893
13900
13900
13904
13907
13907
13907
13908
13909
13912
13912
13917
13920
13926
13933
13936
13943
13946
13949
13950
13952
13953
13954
13959
13959
13960
13960
13966
13971
13971
13974
13981
13982
13986
13986
14000
14002
14005
14005
14006
14015
14020
14024
14024
14026
14027
14028
14030
14034
14037
14041
14042
14043
14046
14050
14051
14053
14056
14059
14062
14063
14064
14065
14066
14066
14071
14074
14076
14079
14082
14086
14087
14092
14097
14097
14098
14105
14106
14107
14110
14113
14113
14121
14132
14133
14139
14140
14140
14143
14145
14147
14151
14159
14159
14162
14164
14170
14175
14178
14182
14185
14193
14195
14196
14201
14206
14206
14215
14215
14218
14223
14223
14225
14230
14233
14234
14236
14236
14238
14239
14241
14243
14244
14256
14259
14260
14262
14262
14264
14269
14269
14274
14274
14275
14277
14279
14284
14287
14293
14295
14296
14297
14299
14301
14305
14306
14311
14312
14321
14321
14327
14328
14331
14333
14334
14335
14336
14337
14340
14341
14342
14352
14355
14356
14357
14361
14371
14374
14374
14377
14379
14385
14389
14391
14395
14396
14398
14401
14403
14409
14416
14419
14419
14424
14425
14425
14430
14432
14433
14434
14436
14436
14437
14438
14447
14448
14453
14453
14453
14456
14458
14463
14466
14471
14472
14475
14476
14478
14486
14489
14496
14499
14499
14504
14510
14513
14515
14518
14524
14528
14529
14530
14531
14533
14546
14547
14547
14548
14558
14561
14567
14569
14585
14586
14588
14588
14590
14591
14591
14595
14601
14603
14603
14611
14614
14615
14618
14619
14622
14622
14628
14628
14640
14647
14647
14647
14649
14650
14655
14655
14656
14659
14659
14662
14667
14670
14676
14679
14684
14686
14689
14690
14691
14693
14695
14701
14709
14714
14718
14722
14726
14728
14729
14729
14730
14731
14732
14732
14733
14734
14740
14741
14744
14746
14750
14750
14753
14761
14761
14771
14771
14772
14774
14777
14782
14787
14795
14805
14806
14811
14814
14815
14815
14817
14818
14819
14821
14823
14829
14831
14838
14839
14843
14843
14846
14854
14856
14856
14856
14857
14857
14859
14861
14870
14871
14871
14873
14884
14885
14889
14891
14902
14905
14906
14909
14912
14918
14923
14939
14945
14949
14958
14958
14961
14967
14968
14971
14973
14973
15001
15005
15017
15028
15031
15034
15039
15045
15046
15047
15050
15055
15056
15061
15063
15065
15069
15073
15076
15076
15078
15084
15085
15088
15092
15093
15097
15098
15098
15102
15102
15105
15107
15108
15113
15114
15128
15128
15134
15136
15139
15143
15149
15153
15161
15162
15166
15166
15168
15168
15168
15173
15179
15179
15183
15184
15188
15192
15205
15205
15206
15213
15213
15217
15220
15221
15225
15232
15234
15237
15239
15244
15246
15246
15261
15266
15267
15269
15273
15275
15275
15282
15283
15287
15290
15292
15292
15295
15299
15302
15307
15315
15315
15317
15320
15320
15321
15326
15328
15330
15332
15333
15340
15349
15354
15354
15355
15357
15360
15364
15365
15365
15368
15378
15379
15390
15391
15392
15396
15396
15397
15403
15405
15406
15409
15409
15413
15413
15414
15419
15420
15421
15422
15426
15426
15428
15428
15440
15444
15450
15451
15451
15452
15455
15461
15463
15466
15470
15473
15474
15482
15486
15492
15495
15497
15499
15500
15501
15502
15502
15503
15503
15503
15513
15515
15516
15523
15525
15527
15531
15540
15550
15554
15559
15560
15565
15569
15569
15570
15570
15576
15580
15582
15585
15586
15588
15592
15594
15594
15595
15597
15602
15603
15603
15603
15609
15613
15613
15619
15619
15629
15631
15633
15635
15639
15641
15643
15650
15650
15652
15655
15662
15667
15670
15674
15675
15679
15681
15682
15683
15683
15691
15692
15694
15694
15702
15703
15704
15704
15706
15706
15711
15712
15712
15715
15715
15716
15718
15721
15728
15728
15729
15733
15734
15735
15735
15736
15736
15743
15748
15757
15763
15764
15764
15766
15775
15779
15783
15783
15788
15788
15790
15791
15792
15793
15804
15808
15811
15813
15818
15821
15825
15825
15829
15833
15835
15840
15840
15842
15843
15843
15845
15862
15864
15872
15872
15876
15879
15882
15882
15883
15893
15893
15895
15897
15898
15899
15908
15910
15913
15913
15917
15918
15923
15928
15932
15934
15935
15939
15945
15966
15969
15972
15974
15982
15987
15987
15995
15997
16000
16009
16011
16011
16017
16017
16022
16025
16026
16030
16030
16032
16035
16043
16044
16048
16051
16051
16051
16056
16066
16068
16082
16084
16085
16089
16089
16094
16094
16101
16101
16105
16110
16123
16124
16132
16134
16135
16141
16142
16156
16157
16159
16165
16171
16173
16178
16185
16191
16197
16202
16203
16206
16217
16219
16220
16220
16220
16226
16227
16229
16233
16240
16246
16247
16248
16250
16255
16258
16262
16264
16269
16272
16279
16281
16283
16285
16296
16299
16306
16306
16307
16307
16309
16318
16326
16329
16329
16337
16342
16342
16347
16357
16362
16362
16362
16364
16366
16368
16373
16374
16390
16393
16393
16395
16398
16399
16406
16407
16407
16412
16414
16422
16429
16430
16430
16439
16442
16442
16443
16450
16462
16469
16478
16478
16482
16484
16486
16492
16496
16497
16500
16502
16502
16507
16516
16516
16525
16530
16531
16534
16539
16539
16541
16544
16544
16550
16550
16553
16555
16558
16560
16563
16566
16567
16573
16577
16592
16597
16600
16605
16608
16609
16610
16613
16613
16614
16620
16621
16623
16624
16625
16625
16627
16628
16630
16633
16633
16633
16649
16651
16653
16653
16653
16660
16660
16668
16674
16683
16686
16687
16691
16692
16695
16697
16699
16700
16705
16712
16722
16723
16723
16723
16725
16725
16729
16732
16736
16736
16740
16744
16744
16746
16752
16756
16760
16761
16764
16767
16771
16775
16782
16783
16786
16787
16795
16796
16798
16800
16813
16819
16819
16821
16822
16829
16832
16832
16833
16836
16840
16840
16844
16851
16881
16884
16885
16885
16889
16892
16897
16903
16906
16906
16907
16912
16915
16926
16931
16936
16937
16942
16949
16951
16954
16957
16959
16964
16964
16967
16967
16968
16973
16975
16975
16977
16981
16986
16991
16996
16998
17003
17010
17010
17015
17018
17019
17022
17031
17032
17032
17034
17039
17048
17054
17054
17058
17058
17058
17061
17063
17063
17063
17064
17064
17065
17074
17078
17080
17082
17087
17087
17090
17091
17092
17094
17094
17102
17104
17106
17106
17110
17115
17121
17122
17123
17128
17130
17133
17134
17134
17136
17139
17140
17140
17144
17146
17146
17152
17154
17154
17157
17158
17159
17162
17169
17175
17178
17185
17190
17191
17194
17195
17196
17204
17208
17210
17211
17213
17213
17216
17218
17219
17225
17225
17240
17241
17241
17247
17263
17265
17266
17268
17274
17279
17281
17286
17286
17300
17304
17304
17307
17308
17309
17315
17319
17320
17320
17323
17325
17328
17329
17340
17342
17347
17348
17351
17358
17363
17377
17380
17388
17391
17391
17395
17403
17418
17424
17425
17425
17428
17430
17430
17431
17432
17432
17434
17437
17446
17450
17453
17465
17468
17474
17475
17479
17484
17490
17492
17492
17493
17494
17496
17497
17506
17508
17510
17514
17524
17530
17541
17543
17543
17547
17549
17552
17555
17555
17559
17560
17566
17571
17573
17575
17586
17604
17607
17608
17609
17610
17615
17615
17622
17623
17623
17624
17626
17627
17629
17630
17631
17642
17643
17652
17660
17662
17663
17664
17666
17666
17667
17667
17669
17672
17672
17673
17675
17682
17687
17687
17692
17697
17700
17704
17711
17716
17720
17721
17732
17739
17741
17743
17744
17744
17745
17746
17756
17757
17757
17758
17763
17763
17769
17769
17773
17775
17784
17785
17786
17789
17792
17794
17798
17804
17807
17807
17811
17813
17813
17814
17814
17817
17820
17824
17827
17831
17845
17850
17854
17866
17868
17873
17880
17894
17897
17898
17901
17902
17907
17907
17908
17919
17921
17924
17928
17930
17930
17931
17936
17940
17952
17958
17959
17960
17969
17973
17974
17978
17981
17982
17983
17984
17987
17987
17993
17995
17996
17996
17996
17997
18000
18001
18001
18002
18003
18009
18015
18025
18026
18026
18036
18040
18041
18045
18049
18051
18056
18074
18076
18087
18088
18098
18102
18107
18107
18117
18117
18118
18122
18127
18132
18134
18134
18142
18148
18149
18152
18154
18154
18154
18156
18156
18158
18162
18164
18173
18174
18177
18178
18179
18184
18186
18186
18186
18188
18191
18191
18191
18192
18192
18196
18203
18205
18212
18217
18221
18222
18222
18227
18228
18231
18234
18234
18236
18236
18236
18237
18238
18239
18240
18255
18261
18269
18271
18272
18274
18275
18276
18277
18277
18280
18284
18286
18289
18291
18302
18310
18313
18317
18326
18331
18337
18354
18360
18362
18367
18369
18370
18372
18378
18384
18386
18386
18388
18395
18398
18399
18401
18403
18409
18411
18413
18414
18415
18416
18419
18429
18432
18437
18439
18443
18445
18450
18455
18456
18458
18461
18467
18469
18473
18476
18480
18480
18482
18484
18484
18486
18492
18503
18506
18509
18520
18521
18533
18535
18535
18543
18544
18545
18552
18552
18554
18556
18557
18558
18559
18564
18569
18572
18577
18580
18583
18583
18586
18590
18594
18596
18599
18603
18603
18604
18609
18611
18617
18622
18623
18624
18625
18626
18636
18638
18638
18641
18642
18644
18647
18648
18649
18651
18661
18663
18665
18666
18667
18669
18675
18675
18678
18679
18709
18714
18717
18724
18725
18731
18735
18737
18744
18745
18749
18750
18753
18754
18754
18756
18760
18761
18762
18768
18768
18773
18780
18788
18789
18800
18806
18806
18807
18808
18811
18816
18821
18823
18831
18832
18836
18839
18844
18846
18848
18858
18858
18860
18867
18868
18872
18874
18879
18884
18889
18901
18903
18914
18915
18915
18916
18917
18917
18921
18924
18926
18927
18934
18935
18936
18939
18939
18943
18948
18950
18955
18958
18960
18961
18971
18975
18976
18985
18985
18989
18991
19003
19005
19006
19007
19009
19009
19010
19011
19012
19012
19017
19022
19023
19025
19027
19029
19033
19036
19040
19041
19042
19043
19045
19047
19050
19054
19057
19059
19062
19062
19065
19069
19071
19074
19075
19082
19084
19089
19091
19092
19093
19104
19106
19111
19112
19115
19117
19117
19118
19120
19122
19134
19136
19138
19140
19145
19146
19148
19150
19154
19164
19167
19172
19172
19187
19188
19188
19191
19197
19201
19202
19203
19204
19205
19217
19218
19230
19230
19230
19230
19230
19231
19232
19233
19235
19238
19239
19239
19239
19239
19240
19247
19252
19252
19253
19258
19263
19264
19274
19274
19280
19283
19288
19288
19289
19295
19296
19303
19305
19311
19313
19316
19317
19319
19319
19321
19322
19323
19323
19324
19325
19328
19332
19334
19344
19346
19357
19369
19374
19376
19384
19385
19389
19389
19392
19393
19399
19400
19404
19410
19411
19419
19421
19422
19437
19438
19439
19440
19441
19442
19444
19446
19446
19447
19447
19447
19452
19453
19454
19456
19459
19461
19462
19467
19467
19470
19478
19481
19483
19489
19502
19507
19507
19508
19509
19512
19517
19519
19524
19526
19532
19537
19539
19541
19544
19549
19550
19553
19553
19557
19558
19558
19559
19565
19565
19569
19569
19570
19571
19572
19575
19578
19580
19583
19584
19586
19591
19604
19606
19608
19612
19612
19614
19622
19625
19638
19641
19644
19644
19644
19650
19651
19659
19661
19663
19663
19665
19674
19675
19677
19680
19680
19682
19683
19684
19686
19692
19695
19698
19701
19701
19713
19715
19717
19717
19727
19728
19729
19731
19732
19733
19734
19736
19737
19740
19741
19741
19749
19752
19753
19755
19758
19758
19764
19769
19769
19778
19791
19792
19794
19795
19797
19797
19800
19800
19800
19801
19805
19809
19810
19810
19810
19811
19811
19813
19815
19817
19845
19849
19857
19863
19879
19884
19890
19892
19896
19899
19900
19901
19904
19905
19916
19919
19925
19932
19933
19936
19939
19939
19940
19942
19945
19949
19949
19950
19955
19961
19964
19965
19968
19970
19973
19975
19975
19976
19984
19992
19994
19994
20003
20008
20010
20015
20015
20016
20019
20033
20038
20040
20040
20043
20043
20044
20045
20054
20056
20056
20060
20067
20072
20072
20073
20078
20086
20088
20091
20092
20097
20101
20101
20101
20105
20109
20114
20129
20133
20134
20138
20145
20148
20152
20153
20157
20160
20160
20163
20163
20174
20176
20184
20185
20192
20197
20198
20201
20201
20204
20213
20214
20217
20217
20218
20220
20223
20224
20225
20237
20238
20241
20241
20241
20247
20250
20250
20253
20253
20259
20259
20260
20263
20263
20263
20265
20267
20271
20272
20273
20275
20282
20285
20287
20292
20292
20295
20298
20301
20302
20304
20305
20305
20311
20313
20317
20320
20327
20328
20330
20336
20343
20344
20345
20346
20358
20370
20374
20374
20375
20379
20381
20382
20384
20391
20403
20404
20404
20406
20412
20414
20415
20418
20425
20427
20431
20433
20434
20437
20439
20440
20446
20451
20456
20460
20461
20461
20463
20464
20466
20466
20476
20478
20480
20484
20484
20484
20485
20486
20487
20491
20492
20494
20496
20509
20511
20511
20513
20514
20516
20518
20522
20523
20525
20537
20540
20544
20546
20547
20550
20555
20560
20561
20564
20568
20573
20578
20581
20582
20585
20586
20590
20594
20595
20595
20600
20608
20613
20615
20619
20620
20621
20628
20628
20628
20630
20630
20633
20635
20662
20663
20664
20664
20678
20679
20684
20689
20689
20696
20703
20703
20707
20707
20708
20718
20728
20731
20739
20744
20747
20751
20755
20766
20769
20771
20773
20776
20778
20778
20780
20780
20781
20782
20783
20790
20794
20800
20801
20809
20810
20815
20820
20823
20823
20824
20828
20829
20833
20834
20834
20836
20839
20842
20843
20845
20846
20856
20866
20867
20868
20868
20872
20872
20873
20882
20885
20891
20903
20903
20907
20912
20913
20913
20914
20918
20919
20920
20920
20922
20922
20923
20925
20925
20926
20931
20931
20933
20935
20941
20942
20945
20949
20950
20959
20960
20968
20968
20969
20975
20976
20978
20980
20983
20983
20987
20993
20999
21006
21007
21012
21014
21018
21023
21030
21031
21031
21034
21042
21047
21050
21058
21058
21061
21064
21065
21067
21068
21074
21082
21082
21087
21088
21090
21091
21095
21099
21103
21106
21110
21111
21112
21115
21115
21115
21118
21120
21121
21123
21126
21131
21132
21141
21143
21143
21146
21149
21157
21165
21165
21168
21173
21175
21176
21177
21178
21184
21196
21201
21208
21208
21212
21217
21220
21223
21224
21226
21228
21231
21235
21236
21238
21239
21244
21245
21250
21253
21259
21261
21261
21262
21263
21266
21268
21272
21273
21281
21286
21288
21292
21292
21298
21306
21309
21310
21314
21316
21320
21325
21325
21326
21329
21334
21336
21343
21343
21343
21347
21348
21350
21354
21354
21362
21365
21370
21370
21374
21374
21378
21384
21385
21390
21392
21395
21398
21401
21405
21412
21418
21421
21427
21428
21429
21429
21430
21430
21431
21441
21449
21449
21456
21459
21460
21466
21472
21474
21476
21477
21483
21486
21491
21495
21503
21504
21506
21507
21508
21514
21515
21519
21519
21523
21524
21533
21550
21551
21558
21559
21564
21566
21566
21572
21573
21576
21576
21579
21580
21582
21588
21592
21596
21615
21620
21620
21623
21626
21632
21634
21635
21640
21640
21642
21643
21647
21648
21657
21661
21663
21663
21664
21674
21676
21678
21682
21686
21688
21689
21689
21691
21692
21694
21694
21696
21697
21698
21703
21706
21707
21712
21715
21720
21720
21721
21726
21736
21738
21739
21740
21741
21742
21748
21750
21756
21760
21764
21764
21766
21774
21779
21781
21783
21790
21795
21796
21798
21799
21802
21808
21808
21808
21810
21812
21824
21825
21827
21829
21829
21830
21830
21831
21836
21843
21849
21851
21854
21854
21860
21861
21866
21869
21870
21874
21877
21879
21885
21885
21887
21890
21891
21893
21895
21900
21902
21903
21911
21914
21914
21916
21919
21919
21920
21927
21927
21929
21930
21934
21937
21938
21938
21939
21940
21943
21944
21944
21947
21950
21951
21951
21952
21953
21956
21958
21962
21968
21974
21980
21983
21989
21993
21996
21997
22000
22003
22005
22007
22008
22011
22017
22021
22022
22025
22031
22036
22038
22040
22044
22044
22045
22046
22051
22055
22057
22059
22062
22063
22064
22065
22066
22066
22073
22074
22077
22078
22079
22080
22081
22093
22109
22113
22113
22118
22121
22122
22122
22127
22127
22129
22136
22138
22140
22144
22146
22147
22164
22165
22167
22186
22186
22195
22203
22208
22210
22213
22217
22221
22221
22224
22225
22234
22235
22241
22244
22245
22246
22249
22251
22254
22262
22263
22266
22267
22267
22278
22279
22282
22282
22282
22284
22284
22288
22291
22298
22302
22302
22304
22305
22308
22311
22312
22314
22315
22316
22318
22329
22330
22332
22352
22356
22365
22370
22370
22372
22372
22372
22375
22378
22379
22379
22381
22384
22384
22385
22388
22388
22389
22390
22391
22393
22394
22401
22407
22412
22413
22414
22414
22419
22435
22438
22440
22441
22442
22443
22444
22445
22446
22451
22459
22470
22471
22471
22472
22485
22486
22486
22487
22492
22493
22497
22497
22499
22500
22502
22506
22509
22511
22520
22521
22523
22524
22527
22529
22531
22531
22537
22537
22539
22550
22550
22550
22550
22551
22553
22556
22557
22563
22566
22568
22572
22574
22578
22579
22579
22593
22597
22600
22601
22601
22602
22608
22611
22613
22615
22616
22620
22622
22622
22623
22624
22625
22630
22637
22638
22640
22642
22645
22646
22651
22653
22654
22655
22657
22658
22662
22665
22665
22667
22669
22671
22671
22674
22675
22675
22676
22677
22677
22677
22681
22690
22696
22697
22698
22704
22706
22715
22715
22720
22724
22725
22725
22736
22738
22740
22741
22750
22757
22762
22766
22774
22774
22778
22780
22786
22787
22787
22787
22790
22791
22794
22794
22799
22800
22818
22829
22831
22834
22835
22838
22845
22846
22847
22848
22849
22850
22850
22853
22855
22856
22859
22867
22872
22879
22880
22883
22884
22887
22894
22897
22898
22898
22899
22905
22906
22907
22907
22910
22911
22913
22914
22921
22924
22927
22930
22932
22932
22934
22934
22938
22939
22939
22940
22941
22950
22954
22954
22955
22957
22958
22960
22961
22961
22977
22982
22988
22991
22993
22996
22998
22999
23000
23002
23003
23004
23011
23012
23014
23019
23019
23020
23021
23034
23034
23041
23042
23045
23053
23055
23071
23075
23076
23083
23084
23091
23092
23097
23097
23097
23102
23103
23106
23107
23111
23114
23116
23117
23123
23124
23125
23126
23126
23126
23129
23131
23135
23136
23145
23153
23156
23156
23160
23161
23162
23164
23164
23165
23167
23167
23170
23179
23184
23186
23190
23190
23191
23193
23203
23205
23208
23215
23216
23217
23227
23237
23238
23241
23247
23248
23249
23253
23260
23261
23261
23263
23263
23267
23281
23282
23289
23301
23306
23306
23312
23312
23315
23320
23325
23329
23330
23341
23343
23344
23353
23357
23359
23360
23365
23370
23376
23379
23379
23387
23388
23392
23399
23400
23405
23409
23410
23412
23412
23418
23420
23424
23426
23427
23428
23429
23432
23441
23443
23459
23461
23463
23463
23468
23482
23489
23489
23490
23491
23499
23500
23504
23504
23508
23510
23514
23514
23517
23524
23525
23527
23528
23530
23530
23532
23545
23545
23546
23559
23561
23562
23565
23566
23566
23567
23571
23572
23572
23577
23578
23580
23584
23586
23588
23588
23591
23604
23606
23606
23609
23614
23615
23616
23617
23621
23622
23628
23629
23633
23640
23641
23651
23655
23655
23655
23659
23661
23664
23669
23669
23671
23671
23676
23684
23694
23695
23695
23702
23708
23732
23741
23743
23748
23752
23753
23757
23759
23765
23772
23783
23785
23788
23788
23789
23789
23791
23795
23795
23796
23805
23817
23823
23827
23828
23828
23831
23838
23847
23848
23851
23855
23861
23863
23864
23864
23867
23874
23891
23897
23898
23907
23907
23908
23908
23911
23935
23940
23941
23944
23945
23947
23947
23951
23953
23966
23967
23976
23978
23978
23979
23982
23983
23990
23996
23998
24004
24005
24009
24014
24017
24017
24020
24020
24030
24030
24037
24042
24043
24044
24047
24050
24066
24068
24071
24072
24078
24078
24078
24081
24081
24087
24097
24100
24100
24102
24114
24116
24116
24125
24126
24127
24130
24135
24139
24139
24141
24145
24154
24156
24160
24161
24161
24168
24172
24172
24178
24181
24183
24183
24184
24184
24187
24189
24191
24195
24197
24205
24216
24224
24225
24227
24227
24227
24229
24229
24233
24235
24236
24241
24242
24244
24244
24249
24255
24261
24264
24275
24279
24279
24284
24284
24284
24285
24287
24289
24297
24301
24307
24314
24323
24324
24324
24328
24329
24332
24339
24346
24347
24351
24354
24356
24357
24357
24359
24360
24363
24364
24367
24377
24377
24379
24379
24380
24386
24390
24392
24392
24394
24395
24395
24398
24399
24404
24408
24409
24417
24418
24423
24425
24426
24426
24435
24436
24437
24441
24444
24447
24452
24457
24460
24469
24469
24472
24472
24476
24479
24480
24481
24483
24494
24494
24498
24498
24501
24503
24503
24518
24519
24524
24528
24534
24536
24540
24540
24540
24542
24550
24551
24551
24551
24553
24555
24560
24566
24571
24571
24574
24575
24575
24587
24588
24591
24591
24597
24614
24616
24618
24619
24620
24630
24631
24637
24640
24641
24648
24649
24653
24657
24657
24658
24659
24660
24662
24663
24666
24668
24668
24672
24674
24675
24684
24685
24686
24691
24691
24694
24700
24702
24707
24712
24715
24719
24724
24725
24730
24731
24732
24734
24735
24737
24737
24742
24746
24752
24754
24759
24765
24766
24767
24769
24770
24771
24778
24783
24788
24795
24795
24803
24805
24808
24814
24819
24820
24826
24836
24841
24842
24842
24847
24851
24853
24861
24863
24863
24866
24867
24874
24882
24883
24884
24890
24893
24900
24903
24911
24923
24927
24939
24940
24945
24947
24954
24954
24955
24959
24965
24965
24965
24966
24970
24975
24979
24987
24988
24989
25002
25003
25010
25014
25017
25024
25024
25024
25025
25031
25032
25046
25048
25049
25052
25057
25063
25063
25066
25070
25070
25076
25080
25087
25090
25093
25095
25096
25096
25097
25098
25098
25105
25109
25111
25112
25113
25115
25115
25122
25122
25123
25123
25124
25125
25125
25126
25132
25132
25136
25142
25150
25151
25153
25154
25157
25164
25166
25166
25166
25170
25175
25175
25177
25181
25184
25185
25192
25196
25200
25205
25214
25217
25220
25223
25227
25230
25234
25238
25238
25240
25244
25251
25252
25252
25252
25255
25258
25261
25267
25268
25271
25272
25273
25275
25275
25277
25278
25281
25281
25286
25295
25296
25297
25303
25304
25306
25308
25308
25315
25315
25316
25316
25322
25333
25334
25340
25342
25342
25344
25344
25345
25345
25347
25358
25360
25365
25377
25379
25384
25388
25391
25392
25392
25398
25399
25399
25401
25405
25406
25408
25413
25413
25418
25418
25423
25423
25430
25434
25436
25437
25437
25438
25438
25438
25441
25443
25443
25444
25445
25448
25450
25454
25455
25457
25461
25465
25473
25473
25475
25483
25483
25488
25489
25490
25499
25499
25503
25504
25512
25523
25524
25525
25529
25530
25532
25532
25537
25544
25550
25553
25559
25574
25575
25576
25583
25584
25586
25587
25588
25598
25600
25600
25600
25606
25610
25618
25622
25634
25636
25638
25640
25643
25648
25649
25660
25660
25661
25663
25663
25665
25674
25676
25681
25684
25686
25687
25694
25695
25705
25705
25707
25707
25710
25715
25720
25724
25732
25733
25734
25737
25749
25750
25752
25755
25758
25758
25762
25763
25769
25769
25771
25773
25774
25774
25777
25782
25783
25787
25789
25790
25793
25794
25796
25798
25802
25803
25804
25806
25810
25811
25820
25825
25827
25837
25839
25839
25841
25841
25847
25848
25851
25852
25853
25858
25859
25860
25862
25864
25869
25883
25883
25884
25886
25888
25889
25896
25896
25898
25906
25906
25908
25911
25913
25917
25921
25929
25932
25932
25935
25938
25943
25944
25949
25951
25951
25953
25954
25955
25962
25965
25967
25967
25974
25988
25993
25998
26002
26002
26002
26006
26010
26017
26023
26029
26030
26034
26036
26037
26040
26040
26042
26048
26052
26053
26059
26070
26072
26073
26077
26087
26087
26091
26094
26096
26099
26100
26109
26109
26115
26115
26116
26117
26117
26118
26118
26119
26119
26121
26131
26131
26135
26135
26138
26138
26142
26143
26145
26149
26149
26150
26153
26157
26162
26182
26184
26192
26211
26212
26215
26216
26221
26230
26231
26235
26244
26244
26244
26249
26253
26254
26257
26258
26260
26264
26267
26268
26280
26285
26285
26287
26289
26297
26304
26304
26307
26308
26309
26313
26324
26324
26324
26327
26329
26330
26334
26335
26337
26338
26339
26341
26345
26346
26347
26347
26347
26348
26352
26359
26360
26365
26365
26365
26366
26381
26381
26388
26388
26390
26393
26393
26397
26404
26405
26406
26408
26415
26420
26421
26429
26430
26436
26441
26443
26446
26448
26456
26459
26460
26469
26474
26476
26478
26483
26483
26486
26486
26491
26495
26495
26500
26510
26510
26511
26511
26511
26513
26513
26517
26518
26524
26525
26534
26534
26537
26540
26546
26547
26549
26570
26572
26574
26574
26574
26575
26576
26579
26588
26590
26592
26593
26596
26602
26607
26617
26617
26626
26628
26629
26630
26630
26635
26636
26641
26642
26642
26645
26646
26667
26671
26671
26673
26680
26681
26686
26692
26709
26714
26714
26717
26718
26723
26732
26732
26735
26738
26740
26740
26741
26743
26745
26749
26749
26758
26769
26777
26778
26788
26793
26794
26796
26798
26800
26803
26821
26822
26823
26828
26829
26836
26838
26840
26848
26848
26851
26855
26864
26869
26870
26873
26873
26884
26886
26887
26891
26895
26897
26899
26907
26907
26912
26913
26915
26924
26926
26938
26940
26940
26945
26953
26954
26955
26959
26963
26967
26968
26972
26974
26978
26993
26997
26998
26998
27002
27004
27009
27016
27021
27023
27024
27027
27029
27030
27031
27035
27037
27041
27043
27045
27047
27047
27050
27051
27052
27054
27060
27061
27062
27066
27067
27068
27092
27093
27097
27098
27098
27099
27099
27107
27107
27118
27120
27120
27121
27135
27137
27139
27146
27153
27157
27157
27158
27158
27158
27166
27169
27171
27172
27173
27177
27181
27182
27182
27189
27190
27190
27194
27197
27197
27201
27203
27209
27210
27213
27214
27214
27220
27221
27223
27225
27233
27235
27236
27237
27245
27245
27250
27258
27263
27264
27266
27267
27267
27270
27273
27274
27279
27281
27281
27295
27296
27297
27300
27301
27304
27307
27309
27318
27319
27320
27320
27321
27323
27331
27345
27345
27349
27360
27365
27372
27377
27382
27382
27388
27391
27391
27392
27398
27399
27403
27405
27413
27420
27420
27421
27425
27430
27430
27434
27444
27446
27446
27446
27448
27451
27452
27454
27458
27462
27464
27468
27470
27470
27470
27471
27478
27483
27483
27484
27486
27491
27494
27494
27496
27498
27498
27503
27507
27520
27521
27524
27531
27535
27539
27540
27544
27551
27554
27561
27565
27566
27573
27574
27576
27588
27592
27602
27607
27608
27612
27614
27616
27620
27622
27623
27626
27634
27640
27650
27653
27654
27663
27664
27666
27667
27671
27674
27675
27675
27677
27677
27680
27690
27692
27694
27694
27694
27695
27705
27709
27717
27717
27718
27719
27724
27727
27729
27733
27734
27745
27746
27752
27762
27770
27775
27776
27778
27793
27794
27795
27801
27814
27818
27818
27821
27824
27827
27828
27828
27830
27831
27837
27838
27840
27840
27840
27841
27841
27845
27847
27860
27862
27877
27878
27878
27884
27886
27891
27894
27899
27908
27911
27913
27913
27914
27915
27916
27917
27919
27921
27921
27925
27929
27929
27929
27945
27945
27952
27961
27963
27966
27969
27969
27975
27982
27982
27982
27988
27996
27997
27998
28001
28003
28003
28005
28006
28006
28007
28009
28009
28011
28022
28023
28028
28029
28033
28033
28037
28044
28046
28047
28049
28054
28056
28068
28072
28082
28089
28101
28102
28102
28112
28113
28114
28116
28117
28122
28122
28123
28126
28133
28134
28143
28152
28157
28158
28160
28167
28168
28173
28187
28192
28196
28198
28199
28201
28209
28210
28211
28216
28219
28224
28225
28231
28232
28238
28238
28242
28242
28245
28245
28246
28249
28253
28257
28260
28261
28263
28265
28268
28270
28271
28271
28276
28279
28281
28300
28304
28311
28312
28312
28318
28319
28324
28329
28329
28333
28334
28337
28340
28343
28355
28357
28360
28362
28363
28363
28367
28372
28372
28377
28378
28382
28382
28396
28397
28399
28402
28415
28416
28420
28426
28426
28427
28431
28432
28433
28434
28441
28442
28447
28454
28463
28473
28477
28480
28480
28490
28493
28495
28497
28499
28507
28508
28514
28514
28523
28523
28532
28533
28533
28537
28538
28541
28543
28549
28554
28557
28557
28559
28560
28568
28569
28572
28580
28581
28590
28591
28595
28602
28606
28608
28613
28615
28616
28617
28618
28627
28627
28630
28635
28637
28637
28637
28638
28638
28640
28646
28657
28660
28662
28666
28673
28675
28675
28684
28684
28685
28689
28691
28692
28694
28695
28696
28708
28709
28715
28716
28718
28729
28733
28738
28741
28752
28753
28759
28761
28764
28770
28773
28778
28779
28780
28784
28790
28795
28795
28796
28800
28804
28813
28816
28821
28826
28829
28829
28834
28835
28844
28846
28849
28852
28852
28856
28862
28864
28873
28873
28876
28877
28880
28880
28881
28882
28882
28886
28887
28889
28890
28890
28894
28899
28903
28909
28910
28911
28916
28916
28918
28923
28930
28937
28940
28944
28948
28950
28952
28954
28955
28955
28957
28960
28962
28966
28973
28973
28973
28975
28976
28978
28979
28979
28985
28995
28999
29001
29002
29003
29006
29007
29010
29010
29013
29020
29023
29025
29032
29033
29034
29039
29039
29046
29059
29063
29069
29070
29072
29073
29074
29077
29097
29097
29103
29104
29105
29105
29108
29121
29126
29126
29136
29138
29140
29141
29144
29145
29147
29147
29149
29153
29174
29176
29179
29179
29183
29187
29192
29195
29196
29198
29209
29215
29215
29217
29228
29236
29242
29243
29243
29252
29253
29253
29259
29260
29262
29264
29267
29274
29276
29279
29280
29284
29291
29291
29292
29293
29294
29298
29307
29307
29311
29320
29321
29343
29347
29349
29349
29353
29356
29357
29358
29363
29365
29367
29369
29372
29372
29373
29373
29379
29394
29394
29394
29394
29395
29400
29402
29402
29405
29406
29407
29410
29413
29418
29422
29423
29425
29426
29427
29433
29435
29436
29437
29439
29443
29450
29454
29456
29459
29460
29462
29465
29467
29469
29476
29484
29496
29502
29504
29505
29506
29509
29510
29518
29520
29522
29525
29534
29537
29539
29541
29549
29552
29558
29561
29565
29568
29568
29569
29569
29570
29571
29571
29575
29576
29576
29576
29578
29578
29582
29585
29585
29585
29587
29594
29594
29595
29596
29599
29602
29602
29603
29609
29614
29615
29618
29623
29623
29629
29629
29630
29632
29632
29640
29640
29644
29650
29656
29662
29662
29665
29666
29667
29673
29673
29676
29682
29682
29686
29690
29690
29690
29699
29708
29712
29713
29714
29714
29714
29718
29721
29721
29722
29725
29730
29732
29736
29740
29741
29743
29747
29747
29749
29755
29757
29759
29759
29761
29762
29764
29765
29765
29770
29770
29773
29775
29781
29784
29786
29789
29790
29793
29796
29798
29801
29803
29804
29805
29805
29807
29809
29812
29815
29816
29818
29828
29837
29841
29841
29843
29853
29854
29854
29856
29867
29868
29870
29870
29870
29878
29882
29883
29887
29889
29896
29906
29907
29908
29911
29915
29916
29918
29922
29930
29931
29933
29935
29940
29940
29941
29941
29942
29944
29947
29949
29952
29958
29963
29967
29968
29970
29971
29971
29984
29986
29988
29995
29997
29997
30001
30001
30007
30012
30017
30018
30020
30021
30035
30038
30043
30043
30045
30048
30050
30051
30055
30066
30072
30074
30075
30080
30082
30084
30084
30084
30087
30094
30094
30098
30099
30100
30102
30118
30124
30126
30128
30132
30133
30137
30140
30150
30154
30159
30167
30170
30177
30181
30184
30185
30186
30195
30198
30203
30208
30208
30214
30217
30219
30223
30227
30228
30229
30229
30234
30235
30238
30238
30240
30242
30244
30254
30259
30260
30262
30263
30264
30266
30272
30275
30283
30284
30290
30293
30296
30296
30297
30299
30300
30304
30305
30305
30306
30307
30314
30320
30322
30325
30335
30336
30347
30354
30355
30356
30357
30367
30369
30370
30372
30372
30376
30378
30386
30387
30397
30397
30399
30402
30406
30414
30419
30419
30420
30421
30429
30431
30435
30435
30446
30449
30450
30452
30454
30454
30463
30463
30464
30467
30477
30480
30491
30492
30493
30497
30501
30509
30512
30514
30523
30524
30528
30535
30535
30539
30550
30550
30556
30568
30570
30572
30574
30575
30576
30578
30579
30581
30581
30582
30583
30587
30592
30599
30601
30602
30604
30618
30624
30628
30628
30633
30637
30640
30642
30648
30650
30654
30657
30657
30658
30660
30661
30666
30669
30673
30676
30677
30683
30689
30691
30691
30693
30701
30703
30703
30704
30705
30706
30706
30707
30709
30709
30710
30712
30713
30720
30721
30728
30730
30733
30734
30736
30736
30745
30747
30750
30754
30759
30773
30785
30791
30793
30798
30807
30807
30819
30821
30822
30825
30827
30828
30829
30837
30837
30839
30845
30845
30845
30850
30857
30873
30875
30879
30883
30885
30896
30896
30903
30904
30906
30910
30912
30917
30917
30918
30920
30920
30921
30925
30925
30926
30927
30932
30934
30937
30942
30945
30950
30954
30958
30959
30960
30963
30964
30966
30966
30970
30970
30971
30971
30972
30973
30974
30977
30978
30979
30980
30980
30986
30989
30990
30992
31002
31006
31008
31009
31015
31018
31025
31039
31039
31041
31044
31049
31051
31056
31056
31058
31058
31060
31065
31069
31071
31080
31080
31096
31097
31098
31102
31108
31112
31112
31115
31119
31122
31123
31127
31132
31133
31136
31137
31139
31141
31149
31152
31158
31162
31164
31167
31173
31178
31181
31182
31182
31182
31186
31187
31191
31192
31199
31205
31211
31212
31217
31223
31225
31227
31231
31235
31236
31238
31246
31249
31249
31256
31257
31261
31262
31264
31265
31268
31268
31272
31274
31281
31284
31285
31286
31287
31294
31294
31295
31299
31300
31304
31305
31317
31323
31323
31325
31325
31327
31338
31338
31341
31341
31345
31345
31346
31348
31349
31353
31353
31357
31357
31359
31365
31367
31368
31370
31373
31381
31385
31402
31403
31410
31412
31414
31415
31417
31419
31419
31419
31422
31433
31434
31436
31437
31437
31440
31441
31449
31458
31460
31461
31465
31466
31470
31473
31476
31478
31478
31478
31482
31489
31492
31493
31501
31512
31512
31517
31521
31521
31523
31523
31527
31533
31535
31544
31547
31548
31558
31558
31559
31560
31576
31581
31581
31583
31584
31586
31586
31588
31589
31591
31592
31595
31597
31600
31601
31602
31602
31604
31605
31605
31605
31608
31610
31611
31613
31618
31619
31627
31628
31630
31630
31633
31634
31637
31643
31644
31649
31650
31658
31659
31662
31663
31663
31664
31665
31669
31672
31677
31680
31682
31687
31692
31701
31701
31707
31711
31719
31720
31721
31724
31725
31729
31730
31732
31734
31736
31741
31743
31748
31751
31752
31755
31756
31758
31762
31765
31767
31778
31786
31788
31789
31792
31798
31802
31803
31806
31808
31810
31811
31814
31818
31833
31834
31838
31840
31842
31844
31845
31846
31849
31855
31858
31861
31864
31871
31874
31882
31884
31887
31887
31893
31902
31913
31913
31929
31930
31933
31938
31938
31946
31955
31957
31958
31960
31962
31972
31973
31977
31987
31990
31990
31995
32000
32005
32009
32010
32011
32012
32013
32019
32019
32020
32022
32024
32027
32031
32036
32041
32048
32050
32051
32053
32056
32057
32060
32077
32079
32085
32093
32099
32106
32107
32110
32112
32112
32114
32116
32118
32126
32127
32131
32133
32143
32150
32153
32156
32158
32161
32163
32163
32169
32173
32175
32176
32184
32188
32193
32208
32217
32224
32224
32225
32234
32240
32242
32242
32245
32246
32251
32265
32265
32267
32269
32270
32272
32274
32275
32275
32281
32288
32290
32296
32303
32305
32306
32308
32321
32322
32324
32325
32330
32332
32335
32336
32340
32340
32340
32341
32341
32345
32346
32347
32349
32357
32362
32363
32368
32372
32373
32374
32380
32384
32386
32387
32390
32400
32402
32402
32408
32409
32411
32415
32421
32426
32426
32437
32439
32447
32450
32451
32451
32451
32453
32455
32461
32463
32475
32476
32478
32480
32486
32488
32489
32491
32495
32496
32497
32503
32506
32508
32518
32520
32522
32530
32531
32532
32536
32538
32542
32543
32543
32547
32557
32557
32558
32560
32563
32570
32572
32573
32577
32595
32599
32599
32601
32604
32607
32614
32620
32621
32622
32637
32649
32650
32657
32659
32666
32666
32674
32674
32675
32678
32679
32687
32688
32690
32695
32701
32703
32705
32706
32708
32715
32715
32716
32725
32725
32727
32729
32731
32733
32734
32736
32738
32738
32740
32740
32741
32741
32742
32743
32745
32750
32751
32753
32754
32755
32757
32757
32760
32763
32763
