100
16672
15354
953
21253
17207
9041
20521
1183
3824
11983
12526
27345
3094
19561
11322
17110
21383
32723
3079
28561
14893
4510
24748
16846
2096
14756
4527
5579
12394
18597
28891
27127
7196
5426
914
21241
24287
12234
30308
28916
26333
8772
28384
18954
32064
15980
12201
11807
10987
16369
17101
2015
21864
17791
7763
16130
10274
25896
30483
4046
7637
24584
13771
31710
15938
14633
17006
14371
25639
13220
6591
15400
8046
31753
24863
22170
1957
257
27811
27399
4782
16178
27498
15590
17336
1123
11822
27608
18030
28129
15384
1325
19053
9761
10713
20138
13052
9638
26358
11913
