1000
16702
13786
30659
8447
11734
11613
15765
7606
21356
22186
11194
27742
5736
4638
14443
9313
601
1942
19556
10907
19329
12766
28810
14442
2451
15981
32464
22788
4027
5455
23131
20750
1503
7522
29413
9322
10021
4293
5983
11856
18869
30094
23514
32672
5056
3771
5799
30582
449
22892
14525
18943
8706
27215
1372
27020
10594
16219
27888
1509
17751
22977
3896
5600
20271
13343
10407
7986
17563
26871
28427
12420
10605
7521
8556
16842
13985
1020
20279
28368
31386
3114
6812
16405
20143
4477
31284
30173
17894
8044
15847
2434
30975
7499
23309
22795
21429
30330
17363
12543
18240
4828
19936
10364
1566
13194
27705
899
11539
1993
16482
3990
32111
3642
18119
11909
3215
5713
8794
901
3238
30216
19324
30338
4798
18389
9761
438
32249
17625
17199
32123
25629
3930
20776
24157
10063
371
9
6516
6431
21514
23666
8945
20165
12803
26118
15094
2730
2995
25877
31915
24363
16024
17273
25486
28313
25927
27837
15114
27780
25509
31109
11340
17465
858
10793
24146
2185
13443
29860
23620
4300
18087
10669
13832
26406
11757
29987
3857
27657
10380
15790
3959
21243
22658
10148
27469
23706
9609
16169
29743
29149
31559
3483
26906
1180
14277
7725
30848
22867
24098
13777
10396
7715
24969
16988
6660
29465
7264
17636
22653
18355
18370
15213
11794
12704
1840
19909
11368
8392
23683
16813
24652
5260
6181
31289
25486
13903
6529
1658
16658
32053
29624
858
24356
16170
19094
21702
25612
21287
31684
31251
18658
10416
26687
410
3748
30882
29192
24486
18822
29483
542
11409
30345
3866
10921
3625
20303
24153
14712
20568
4142
2999
20141
28933
25731
26091
19383
9013
27977
7126
11905
3446
5610
3593
11497
18301
11092
22919
9332
23310
26960
32716
12864
19484
29199
20494
1850
27698
25606
30146
19600
32017
509
20578
11370
26267
8546
30830
21205
1007
21218
5553
31487
19414
31035
27333
23722
22622
16971
14809
3547
4548
13933
26290
11474
151
20998
31216
26175
2843
23899
27027
11187
8684
30374
19133
11861
8163
616
20665
29142
24893
30208
15677
2983
22010
12413
9708
25193
4996
21937
13087
421
10641
24454
15333
21949
15946
22934
25417
25634
13741
31477
6867
21448
26672
4689
11857
22999
11431
30782
15574
24228
14695
31691
17156
28383
8364
32089
6791
19726
27704
11181
4834
14137
7229
5955
1902
13543
3453
4069
5791
330
2736
125
24202
26039
3366
15656
25252
6233
28845
30603
32461
29477
7861
19818
2957
5904
29874
9590
6045
20352
27074
20071
23209
18945
14224
5195
17748
30266
2680
16414
21117
8735
31980
13722
32192
9832
25110
9040
832
14145
9150
30968
19620
11587
14191
6150
12128
23203
28373
29310
24630
16553
10090
3080
16380
14692
7506
4423
26015
27037
25986
31079
2408
3849
21288
26101
13694
32450
19527
13556
24493
26616
20898
31021
20581
12004
15836
19654
31494
29694
32733
12822
11098
7024
21624
30392
11363
26826
17226
19678
19544
759
25317
3816
25066
29808
10286
24886
14027
31663
17667
9786
31601
16359
23073
30929
10264
15858
69
8403
28422
395
27794
13800
9234
32445
13363
25758
15719
8091
29505
2489
20870
23090
23271
6091
13962
25276
27332
31492
9904
19991
22928
28490
3606
14453
28931
31884
26051
17492
24818
3412
16360
1457
19900
21404
26981
11640
7652
28643
17551
2368
19199
3712
16689
11061
14801
28469
5585
20053
23987
2823
7732
19168
11063
19533
804
12041
7695
3336
3952
20466
22059
20338
22069
26327
4130
25818
3676
3722
31955
30382
18276
13599
15436
9690
23393
21992
32747
13392
16965
4004
6082
27880
10847
27379
28480
15723
31265
25869
15630
14058
7974
4788
27192
26709
20084
28519
29837
18249
6654
11481
20552
6952
32621
5793
3312
7791
21535
24115
16764
19012
12912
25359
955
79
19513
19256
28403
1739
18071
32744
32201
2781
750
25218
15200
7460
31021
19912
4037
23697
1875
14158
11147
17273
23090
1326
22194
19176
21362
27646
9934
22585
4314
26879
24676
10467
30923
11415
1944
12438
28685
2306
25605
7559
7375
14660
31725
30472
23272
5218
19090
2651
17763
209
13795
6600
31035
15407
1883
493
30051
19249
27687
18774
15369
9693
16519
20045
6428
29689
10870
1779
12812
28099
18317
1936
17105
13538
29221
17192
11310
14749
25020
14927
14135
75
10906
3133
12817
23306
24755
7717
18937
27572
25040
19651
18055
527
2794
23605
2612
10820
23766
6667
31771
32659
21544
26017
16124
5956
30801
4781
22918
6113
26122
23060
13270
20642
22774
19714
3643
25897
30850
32313
21820
24943
27665
21929
30428
18943
31318
16961
7452
31842
14336
15878
29122
29658
2461
22626
20313
18003
31928
15038
889
28054
15429
23379
1608
12480
9280
21052
19265
16882
14480
1232
3892
25675
817
6960
18318
11795
7570
29724
5851
15161
26940
2827
27273
25600
15285
1146
9711
19445
420
21636
32398
23844
7477
13235
28054
907
959
22038
23212
15567
24229
6291
25578
20526
13178
6271
26407
17077
22376
26988
12409
23475
12754
23874
29177
19821
4664
4754
26822
22035
7515
15654
21325
27891
5538
23773
7367
20461
701
22198
25090
1319
31880
9258
13157
9474
7474
3263
14383
76
24222
7642
5887
30391
26377
21716
18329
4489
2286
12113
12775
13974
31270
5581
15934
1899
1620
21624
15075
16589
16512
5700
15054
11874
30722
5692
20909
1709
29858
31511
20780
17216
15869
4365
27508
18732
29227
21993
24305
30141
28574
2912
3929
25444
22093
17313
12266
31477
9234
7213
25331
9490
28753
6889
29333
12263
2779
24945
1739
15641
530
10928
31912
19448
21581
18094
17120
13308
20606
2216
24458
9071
27154
23398
804
30311
1048
28617
19672
31223
30630
14756
9213
28582
22904
11980
19169
25888
17115
31859
3782
13356
8649
9905
14634
16094
21590
18020
9804
15374
4939
22842
9451
10249
28688
22540
849
11653
27087
1902
28048
6875
24022
13956
268
14192
22333
24599
14649
3444
457
25063
6566
31696
17425
15939
14651
9305
17631
7128
4799
2634
24537
30663
16028
29937
19809
15866
31207
27304
441
15287
7835
22535
1899
8309
28965
14168
22760
239
26406
19531
32111
4216
19316
18412
27952
1166
25442
26833
178
22193
31041
27544
28530
22646
