10000
16757
32669
6669
24307
23242
12832
3140
23378
7141
15973
8680
28490
21649
23782
31262
9149
30523
20259
17910
17611
16784
13798
21918
2618
21326
7372
1494
7963
10067
24321
8611
19626
8955
18763
3144
19575
12200
7498
18290
1475
4770
23038
10675
14893
30498
28041
22833
25998
24233
13366
24224
21793
27542
26811
25709
14823
14840
27067
30268
14921
15009
30863
21653
18176
17532
21830
12506
14130
20512
23530
25981
28637
4516
1797
32367
6777
25781
31588
9692
11993
16103
283
18709
21587
7241
3530
2510
24096
6716
17438
20361
26373
13445
3226
3410
20531
22688
11159
4013
10093
17239
30857
26317
14440
23700
6789
16646
19831
1396
28160
18821
25448
3228
30682
24383
21672
15568
2459
14375
16302
14786
31484
17572
11415
7975
7337
26434
13838
5648
18501
21672
14703
21624
12718
12234
21036
15129
23939
13919
9327
1413
24804
4502
15105
16497
20089
7940
31850
31316
29878
17889
31578
25137
20829
11381
9799
18608
24132
25037
6744
14196
7000
20402
7554
4777
31202
2268
1009
30940
3337
18274
1193
21776
9112
12149
16749
22286
12034
10830
1503
17916
7076
28005
490
24881
32329
484
861
17224
15091
24667
29400
31603
2265
29877
6124
20754
30636
7787
26750
25989
23070
247
26476
10302
14757
14476
22132
20762
14204
18180
16209
21745
32492
19738
6182
2156
11465
25561
1824
25878
20543
10836
2391
9398
26831
23448
246
9949
1428
223
28316
21691
27083
5126
23042
30518
23186
9793
11741
13118
31216
24334
2822
8282
21270
26471
22232
11655
31716
5436
2265
18499
28591
27424
31645
31205
1858
16451
17640
28463
12834
9376
22803
7718
21783
21879
32177
32289
29159
22014
20338
1569
31845
84
24391
25952
170
8886
10950
10797
32419
31989
29649
19190
7884
12839
15218
17831
9274
669
25610
18739
16351
25110
16043
7535
10506
15922
1986
15655
7981
2346
5881
22124
14563
23741
18011
9515
9265
18798
21689
23556
15372
9708
18253
3928
5916
29394
3742
22180
29632
9872
29347
6158
9554
30121
2603
12862
26284
27424
16765
30831
13803
25900
13371
13510
7539
18995
24204
9442
3635
2550
27001
9396
12074
16138
5784
31633
17961
1159
3816
32645
7643
21508
6397
747
3332
32706
31325
16442
774
7463
2089
14370
15785
29550
11008
13784
3099
17054
23072
28078
17206
30392
20942
27110
18178
6965
2297
14792
19835
8879
10778
5874
16020
22239
4958
29936
21883
1223
8711
12044
26399
14640
19727
18535
29168
8535
21263
29257
23269
25572
32608
19638
31684
1563
19072
5442
26270
12630
22967
14374
664
27827
8698
30610
26098
7946
12815
7493
4417
27938
26610
27228
28671
18468
5496
14695
16966
16463
22578
1730
21465
28654
10388
21283
9316
4743
25686
5231
25861
7254
22555
10450
28426
26105
3153
14
6141
16493
22872
28435
1758
1337
1766
25041
28335
30441
31402
24394
21046
1470
14895
5099
13566
19620
17412
22044
23967
23140
1050
22806
3391
6939
26477
500
20569
30187
21222
4877
19645
29424
384
8578
12504
32118
3499
2323
10294
5737
10734
21047
31045
2828
19663
15979
12380
1006
21495
28362
31739
27
25234
22750
7765
4239
32501
32182
6155
26608
13187
5944
28731
4732
14033
12217
15801
27200
24328
22475
21916
7050
25739
28246
17149
19874
14298
12011
27643
17333
28343
31316
2050
2578
3207
3440
19278
921
10746
6718
27562
27503
16366
30519
25214
7927
6545
22753
4104
17406
12742
18849
9194
7990
32715
21456
28389
12006
30488
4626
484
24031
16010
6627
15932
25266
25280
29811
15154
7968
1990
6580
9406
5074
24048
8625
30606
15435
24073
8225
15950
26394
4269
24124
13351
24148
25844
26317
28805
29761
23121
6281
30
18518
441
12959
3888
22627
6663
3984
2313
12814
19359
577
20685
22656
18257
2383
30580
12894
19585
19618
4882
5115
23173
6469
7003
14796
4431
20340
28518
18204
1356
30455
26801
7424
2699
28079
8038
7566
15138
25711
17372
12106
15566
7693
12641
5345
2521
9400
7735
27930
16705
27019
3292
28425
16918
611
25230
13958
5668
31214
18191
13533
28626
26117
12710
6599
16202
14396
18278
18585
8922
31927
28338
11708
13978
31551
15361
2141
1872
28308
7135
31845
11408
17925
24117
172
20008
9535
1737
32105
6331
5731
1800
12014
26027
8795
17668
8338
6716
17261
5049
21486
503
26128
148
26700
10317
27647
6710
22108
30077
25997
5237
5161
4792
30008
28067
13644
22914
4480
30995
23391
21083
6394
29402
2741
1695
27808
211
14152
10667
1131
17638
7667
23873
12836
25737
15842
5422
1655
10630
1606
24105
3145
8191
3149
3071
20043
21936
23889
4845
23247
7797
16720
4173
14811
524
412
18038
2428
14107
2003
4061
13405
20341
26898
3456
30360
31129
12646
5252
9420
31612
899
7964
26992
19080
24761
17582
27751
25828
11555
32049
6356
20470
17442
13274
29999
24614
12553
27895
16793
11749
24602
795
20588
23534
23474
16251
19735
4812
27072
20888
25897
21917
7547
27166
1963
5141
12629
32012
11955
7622
15658
28438
26422
23198
7358
12872
2846
27825
6758
5611
24988
7992
12805
19884
6592
18138
58
29691
21319
30507
12760
2994
10676
12659
1943
17655
30114
28848
16905
2403
14424
14046
2511
4964
26014
32629
10252
5343
32719
15156
8986
12570
14896
14621
4988
19930
5504
8385
17684
32712
10960
25021
30870
5657
6293
15493
22845
2414
17916
18528
31421
20985
28797
6836
29560
26850
14259
29572
26356
30953
7019
4919
5261
588
8187
7579
15975
30187
3285
11817
31911
2986
31067
395
20707
22551
7157
22619
3542
25933
3937
30510
26457
21272
587
26577
16015
16985
1310
24530
32351
4012
27161
28738
7207
8521
27557
25274
4270
19496
3302
26524
23899
5225
26768
31131
29093
19698
25084
6782
1227
23130
27771
19744
14277
7430
23786
28860
4986
18065
31110
24935
14131
7793
15362
478
19280
31192
31191
4738
3130
27353
26332
31137
408
27340
9750
24823
13766
1011
23761
19573
386
15966
31727
3649
16361
21515
13185
15357
32419
28754
17556
2380
32346
32384
9549
11154
6000
19395
11065
11004
22257
70
12254
17601
26566
13212
25494
17063
7212
8290
17053
27592
11109
15136
24680
29334
30637
12401
32056
1053
28784
3684
6640
23688
25786
7457
32291
1255
23023
10960
25714
7727
15036
20150
16661
23938
29261
26529
22199
7601
18369
22919
3463
10752
3547
20074
16524
9769
31482
32382
30008
14243
15691
17294
12609
21539
7997
31644
25260
22884
20533
32456
3627
21028
9604
11379
14248
3183
26518
21411
14626
25887
32619
31401
31672
27812
6219
18946
18179
18689
2486
7804
6825
30999
7579
1689
17967
23846
1738
12088
13071
10385
7082
882
5387
8417
10543
963
29888
19981
29191
6250
18558
32761
11796
25362
3927
19772
7711
21425
8822
28454
1995
1201
12467
7938
11719
8782
6244
22680
6216
24895
4981
9718
16823
18584
27067
22640
31654
21231
7557
21222
8201
10941
18036
18757
25251
1544
3725
6480
22206
25919
1421
8353
32031
14694
15996
13290
28217
13682
27525
7041
29857
20215
27653
14620
11202
12800
226
15065
30418
11326
6942
32641
25605
21350
30892
4109
20480
27348
898
21097
23952
19572
9967
22905
5532
22754
3887
30298
17240
13008
1853
28394
24764
18857
26856
32138
10037
30579
21289
32290
6298
13818
6836
27750
5217
12075
10445
5976
19731
11454
15453
11790
12797
11032
16709
2486
8489
4975
12786
22743
30092
24879
14129
4058
17793
13980
31301
17096
25974
9401
23864
19541
741
10857
3438
26142
27527
11989
9344
5679
21700
31501
19271
5576
14189
30450
4918
5473
5037
11603
31213
491
12605
23382
19212
12121
12248
3866
21573
3167
31727
6554
8118
17273
31645
22485
10357
27952
2013
5932
15724
14233
1531
6411
1639
10014
13640
31179
24427
21632
1298
32471
32330
19485
1747
4110
5748
29295
20649
24681
28432
4566
25606
2526
8011
30103
27817
8324
25840
13860
27597
247
18746
6814
9120
24062
2022
13208
22262
20843
27787
4894
12607
29763
6702
17909
27318
16927
28945
29221
31964
19410
1741
16053
31525
32076
25760
26806
25585
31423
8
10627
32189
22784
8593
21062
5275
13615
11755
16574
11231
28570
1343
4416
30748
3551
27843
12796
13647
2129
13965
15234
11609
1693
7077
12933
691
20398
31837
5854
4957
28877
31461
25555
2071
24589
9242
26010
25556
7654
6815
2073
10092
6688
30767
752
23953
24562
22833
1721
8964
19820
18061
20366
32520
23058
29119
16588
8216
12490
30506
28183
20693
8440
6830
13727
14658
10983
12924
20385
16435
11115
13353
30512
8451
27332
6146
4149
2438
4806
1696
28341
21566
20535
1212
9042
13010
9081
4420
28949
23739
9320
27053
20586
5697
15750
26764
9068
9126
8790
12896
32611
31905
1285
9394
12171
21518
20303
15201
21784
18403
25249
24631
18550
19814
9083
22719
8149
11677
21529
18011
32485
9734
594
27793
5086
393
3264
12710
26052
15787
801
3438
22505
4100
26109
23138
1715
24563
2442
15603
24991
2192
8140
5406
9862
30434
11776
11841
8736
30803
28987
8493
22982
19808
30287
7292
636
21653
26862
1829
26926
25017
24082
12621
12346
5446
7579
1888
1583
18460
12090
31585
14804
24437
11919
6270
20333
7452
10894
29928
31545
16346
5159
30177
9535
2097
38
6679
23115
30029
16472
15920
20019
20024
6127
4006
21342
19277
3879
8661
27527
29679
10794
22866
21951
1147
1841
8575
15793
28794
10221
8284
28714
21788
27173
23712
14553
28642
29600
2569
19795
28058
5445
28656
26969
9616
27009
7712
94
5379
12777
25576
10308
11990
14369
15727
8551
21384
13820
11080
8156
1382
2276
10310
14843
11519
13437
12690
8218
473
30853
5370
412
27490
32255
31116
17195
28201
24464
22116
27201
31054
4393
19394
25069
10296
27366
4704
31956
19589
23350
29954
22646
21575
1085
2126
1458
24685
18550
5342
6796
8063
2717
26516
4399
16527
9420
31789
6190
4716
23268
13849
14351
8984
19502
7050
29194
29564
10306
18124
15374
4955
11048
468
32261
14725
9406
16411
29785
11341
3929
27309
7095
3644
31151
12924
2579
25351
18421
23803
22764
24767
4164
16104
1233
24904
5697
22889
26148
2060
10749
19803
10014
28656
28186
6375
23315
30088
18736
21334
6903
29062
1646
23334
19234
30585
27013
10845
28240
27828
14785
17693
10732
2955
2169
30329
24462
9926
13994
20359
32706
16719
32223
7350
31243
20014
84
17762
28199
11447
9306
18854
661
13570
16125
21106
1109
26780
20965
2013
13295
7036
24698
8636
25526
10553
8268
26227
19278
2682
2225
3083
13420
24237
1456
12165
25821
15868
21021
22126
27082
26492
15622
11956
10298
8104
24142
184
22232
21263
32408
1956
17655
20809
13926
9215
4819
13359
2178
7295
16153
18252
31646
24862
11690
910
30519
1135
2972
29505
26559
24371
13442
4670
28154
4648
31982
32352
7593
23073
1588
3128
3942
27227
32624
5122
18895
16655
30666
2775
17894
10820
9720
15396
4792
25831
18693
14170
23613
7709
1617
17895
22912
14040
26842
32102
26111
1961
26041
16914
19029
5845
2544
19841
30742
29866
13666
3471
15611
12819
1827
28568
12607
9579
24306
27626
25928
29071
6148
25977
4746
823
24836
12757
21417
30854
21847
23898
10205
9951
15268
32678
17819
13051
3476
13393
114
28472
11478
3032
17971
29748
26983
2265
30548
10139
15632
32134
7830
9533
24624
23892
19430
15972
7099
22259
5761
868
31875
19075
2652
2931
19382
28677
1219
28347
28840
16911
17472
9902
8147
196
12222
18586
31517
24836
6382
20093
1881
15328
32234
25114
6927
21073
3609
24140
10880
31017
30290
31387
5349
16713
14404
21773
22264
28693
4373
20030
18101
23589
13129
27571
15458
573
22502
13420
19661
26240
27349
15288
30933
5600
22156
20046
30251
23513
13034
30104
30042
95
23394
17746
2309
8725
12380
10068
4720
191
2008
6572
22339
19450
4437
4848
9354
18987
12529
211
8959
27573
5585
5365
16524
7791
4035
21504
21260
30037
26658
6896
22610
30845
16891
3762
30572
12621
17773
10737
10024
18156
6742
23853
7640
16118
30252
29965
28243
13940
16680
15094
30268
9995
5802
988
391
3187
9433
8536
18232
32299
12169
26875
9070
4459
14947
17891
12961
5979
7743
2187
12840
2946
3541
26855
18942
18049
19861
28337
9157
18689
8915
13310
29451
13034
15911
13844
21197
15061
9492
10367
7225
14789
24295
32354
6840
7953
26850
7692
16684
24741
13722
29387
17526
15211
15262
20741
16188
22531
22361
24708
17129
10170
1082
274
31221
3514
12562
23878
16230
10366
13245
8093
20375
20361
8196
32204
30264
6488
1474
3669
23958
32149
23110
7257
25372
26509
4345
28077
5402
19684
10048
12080
15814
7303
10148
31579
8065
6627
26673
12057
18011
30805
2075
217
4824
19169
28840
3554
25077
7206
23881
20967
30310
17041
12042
15580
1826
17618
3885
23304
5921
25228
9490
17242
31332
5457
25435
16384
11319
7629
12365
25910
23219
28993
28024
2652
19334
6964
8858
22860
32247
26469
20417
26602
11812
26627
10928
4093
7566
11296
19332
31037
17624
14948
3223
2476
21196
9214
8613
12330
7327
17376
10797
15684
25462
32300
17178
15950
4904
5097
23459
3761
24134
24315
20848
4997
23385
2642
6142
21859
1898
6753
28484
27764
20936
22994
28055
29390
5381
32376
24779
28929
8514
6789
19099
30956
15276
11773
31818
25302
14151
27754
5515
24762
2795
2770
27295
23521
2188
10726
5565
20662
6590
12412
14262
7383
9591
10815
11225
29544
791
32421
13076
27564
7847
5154
23133
24022
12894
13212
8272
540
14698
16414
7706
1550
32749
5840
14229
3110
29765
11047
5812
18848
7568
13145
30242
13963
23407
30996
32550
1057
21259
8815
16074
19796
11606
1825
30268
13737
2708
26096
19060
27209
20249
3693
5911
14678
11604
21215
26780
13179
4364
22141
25005
3015
20458
3040
4048
10683
17208
30647
29510
8609
12008
3005
15923
1824
6616
11752
3840
19982
31572
16355
10750
11653
25053
15039
30284
14649
30504
13030
16890
9480
1386
22608
4462
26323
25043
18169
32263
10893
24664
15250
26625
19601
13494
118
32665
20025
25780
9953
26993
30892
12200
24668
565
8695
3900
3196
1407
18528
13682
20172
7160
30710
11238
16648
5313
11885
30804
5516
19985
12585
27225
15883
4383
2457
30334
27268
25922
7110
17010
29810
7766
2860
18071
2628
10851
25032
10432
12044
25209
11634
13370
25211
25310
1901
4873
1293
11884
14909
11379
19585
8500
31160
19651
23692
30311
24928
31303
22478
25975
11504
7067
32005
6777
24373
21289
9345
3534
19231
13297
12760
32514
13080
13190
19930
5876
29332
32089
31943
30007
26090
2874
25792
11449
1122
10012
22652
29602
24719
14873
31292
2687
735
3254
2817
7840
21104
23655
14844
11198
37
27222
2118
8418
10234
26464
5329
19585
7316
24928
25759
21484
4381
5553
31537
14824
5454
19694
22339
14488
6093
9212
10166
29348
25274
26187
19662
16276
18052
23896
31133
6013
26370
14711
2495
25056
24255
30671
24392
11215
11413
27046
23803
2385
8061
16607
20669
9736
13477
17856
25161
18705
7107
6649
23076
20524
21930
11490
21716
26141
8474
17669
13901
30802
10717
17116
29100
12229
11791
220
31015
28964
3518
29874
27204
10288
30899
30156
19018
25187
11918
19739
26357
31957
1305
29207
12142
26976
10454
6404
6522
20226
19418
30324
26354
2436
14046
23566
24435
19545
28820
4749
21078
27849
28471
5388
29923
5967
2150
4480
28865
29759
4914
21126
14001
32683
28790
30303
27005
6280
28007
5944
29994
2829
13419
18607
9845
6748
16431
3732
22142
19812
1267
12524
32446
774
17449
4412
18750
4470
15935
25860
28939
29925
14009
31113
1765
20829
32386
25815
28215
19436
30852
18439
9804
32516
19574
1726
13247
3618
15349
6134
15923
7342
19927
21505
13893
11298
17340
25546
6079
9583
3557
13663
7182
4509
12618
6572
28919
17841
21478
28553
18309
1491
25430
32760
20294
25520
2466
28583
29111
23582
25691
27069
25084
30718
12774
26579
21716
29799
26903
15167
29901
13825
28418
15257
26292
2990
24333
15992
29264
1136
6474
15485
9040
23687
2820
18323
30337
17881
26008
13940
26436
3991
14214
10608
28992
28958
7112
19562
23124
31771
29539
31267
22735
31219
23867
9403
27108
14434
24619
10100
27736
2402
31573
26042
21374
31310
4279
23392
1637
1607
24064
557
16208
18391
30625
12439
32614
28116
31270
21966
27307
30599
26055
14076
8239
31758
22586
4555
25222
255
6348
18473
9335
9294
10928
31048
19960
7537
22935
11240
19803
22977
29825
28120
18626
14372
10962
3258
984
10217
16296
19464
19907
12019
1900
15444
2900
6938
25511
6100
12673
25294
12567
18461
17430
30973
23555
31023
11431
6199
3787
23986
32201
18705
11971
2175
30338
10183
6977
32610
23037
11557
25333
27422
28546
32423
25465
2226
16038
2527
1833
16347
23487
28439
5429
730
22683
32568
18421
23415
11634
20714
7548
18758
11800
12541
5743
21801
24439
29192
22296
32278
16701
24399
24246
25371
24530
22250
18711
20127
17037
20260
20073
1770
2599
19234
30030
2024
21360
709
11054
2601
12864
16848
14033
31533
22705
16974
14637
19167
16011
1582
12412
12895
23808
29745
12690
22532
21146
15366
19310
29858
881
17843
18703
24072
2465
12342
17801
6861
2555
9068
18007
25421
16635
31027
20467
13294
23546
459
10404
21672
29349
26499
15767
31172
13486
30097
24114
25059
8130
17985
16805
5443
20922
7250
2754
10814
19221
27548
15886
13075
13734
21751
24088
14569
906
6489
8713
26641
31325
18494
31357
20876
32429
11597
22673
26061
13231
16696
27453
3263
17201
8676
18149
32522
25040
21962
11050
17555
25451
24221
23302
31809
29656
24364
15128
20743
18389
22667
10812
16415
23105
17005
18527
5267
2444
725
8082
15362
10604
2286
25436
22689
23761
3894
14933
13440
19484
18658
17904
31247
2955
32383
23705
21984
17912
24021
10752
26030
32708
272
10676
6303
1550
28962
12275
25798
24104
10083
29889
30188
18763
21114
21815
14736
12425
25217
16158
27692
3332
8292
31420
3002
8286
21642
18158
21367
4464
16568
31607
9447
16703
28978
9624
537
27691
10531
21217
32044
27498
28222
32326
16658
10933
30630
21365
6036
9793
1035
15463
4246
1265
23318
27957
11933
8906
32264
25134
15502
8103
19358
1062
12473
17966
6967
26384
16661
24322
4920
22224
3277
17466
16048
9802
32508
18707
9784
29887
20149
18913
28702
23897
16455
30796
19394
17668
3007
14264
11327
14976
3246
7685
5710
7348
7980
27769
1384
31558
19996
5370
11307
25960
14002
8065
5119
6901
17715
971
24569
21436
12028
19282
14080
4380
19910
3963
6446
11729
16424
10257
9336
8205
29533
7666
3218
8650
31304
13832
18957
13151
21941
10363
17603
11346
4578
22565
32116
20078
23870
7751
31409
3861
31856
32378
31993
2775
16283
22248
15907
22339
23777
24763
16379
9980
21542
5334
28208
29712
16406
18627
5998
9350
14441
6125
455
23862
10597
27920
7767
30430
17573
16365
8232
18801
28442
23362
31315
16818
20559
16121
2408
29954
26353
29344
27664
10102
18062
23577
20209
30765
25245
28307
12242
10209
2751
17849
23552
11707
31812
296
11760
3692
11505
29735
20005
10617
13056
32146
31572
28886
28265
7192
7623
16055
22368
4775
10751
15779
5663
12579
5789
5834
18405
5470
27011
23192
5439
30789
8246
22410
32134
23383
30598
21313
31657
10844
22130
22997
26668
9555
24646
5995
15473
9900
29190
28682
6967
6583
3855
18858
16992
13661
252
15502
18935
20238
11975
7636
21617
23034
28464
6219
5171
26244
23139
18308
19029
13811
24277
2348
8870
13931
7535
30872
4336
31517
20718
18594
4989
1210
17546
28596
32473
28205
7637
23074
14042
20873
32231
5821
30942
31040
15800
12709
6996
12695
18893
12638
26238
20054
24855
27174
27252
14532
15128
7046
30317
6610
22855
3112
5434
29847
1974
6120
13075
17660
20722
25645
20630
30393
26922
11898
26381
18560
21652
26944
25072
28535
19725
6903
20907
3820
11008
13164
15264
22597
21896
19293
11120
26421
32217
579
26998
11830
10716
28271
31381
1843
21017
21336
19764
15492
5850
4660
14214
7712
20621
2245
11023
30478
32619
21110
16740
30493
24151
8102
1586
25813
7433
5956
8833
11181
1387
30364
19770
6783
4163
25456
9447
26168
11539
9291
22203
17620
16701
13074
14034
13450
8811
24028
11705
17219
4142
27139
7985
27217
28902
28028
11824
21086
21985
21091
553
5026
2759
14554
29069
18010
13365
11028
13714
30581
16808
22445
2867
21904
13981
17981
25976
10788
3830
14892
5367
29438
17056
14280
2203
12272
11379
24468
2980
14535
22617
5091
9455
12156
31923
7334
31608
25263
8952
15747
25629
13392
17311
29223
31909
22688
22848
17628
30720
344
12022
29534
32720
18727
28167
21994
20265
29538
11975
15513
27285
21496
4281
14060
6492
29604
7672
31144
1026
17510
32213
22244
7184
31283
15042
31840
12568
23532
8047
27672
22259
8333
28466
25369
333
11431
32172
8852
30820
17424
27050
20273
2828
984
32585
23205
8695
14464
1374
11143
6195
25703
31252
30559
31988
2693
727
769
8852
4443
4977
15641
7896
21034
4211
26374
8309
10340
28887
16364
15826
5472
8931
26116
8464
19537
14417
25143
13640
14969
7596
4588
14611
24474
24829
25374
23120
2734
19367
5809
16161
20183
21392
32006
8247
17561
10113
24781
22608
27463
23248
5146
3325
16059
29756
21435
21673
21834
25624
29898
32215
6648
9644
4222
23467
30439
4056
8774
15276
1046
6394
19481
26824
3656
4626
13575
24473
2625
7460
13845
6118
18488
25310
18759
1901
31626
19323
28414
16863
27308
16103
32132
23085
23395
12324
3814
26882
3895
30700
258
23696
25637
17048
15328
30096
28052
5440
12870
5508
6538
11812
20614
16960
13856
17482
19867
680
27443
27241
4724
30907
31837
6406
11152
23761
26403
9181
30923
15904
12656
7810
3960
11397
31811
29768
687
12162
11940
14178
1512
11907
19676
27464
7625
11877
20453
20061
21309
2104
4384
26318
7366
32068
7750
22205
29204
19531
2465
15263
15830
11278
2684
7394
8656
20242
472
11731
16686
21668
14176
26304
1304
19227
25247
14681
3974
10077
21617
25692
20566
21925
21687
10866
28828
18307
2127
28756
2105
8996
29508
1585
20911
30675
27457
8276
20531
7104
3660
17154
7172
5888
4528
9633
18684
16342
32059
20768
7012
27697
9898
32146
32525
23669
354
29468
29852
17278
5729
29202
26918
4067
14451
26205
11261
23159
18601
27168
30409
7702
7943
23451
15322
7326
27517
2639
11964
5435
8985
16226
15116
12264
19834
9542
23947
16946
18056
21142
4977
20799
18530
31808
21508
29968
20888
4841
18536
259
15259
20365
13753
5532
5489
29542
19799
32644
5805
16144
22401
2002
16031
25834
27686
6538
29640
31423
11767
24675
14224
11942
15297
17614
16956
17190
19450
26931
6938
5790
9882
3198
254
14820
28972
30170
14066
23085
292
19900
2346
557
10355
2084
7734
30335
12377
17440
26747
12614
30330
17553
19428
16661
24629
26161
19413
3852
6193
14037
21857
20548
19000
4592
31164
9838
20809
26201
11507
13238
3048
2382
23770
9710
19129
15032
29766
31976
3405
16048
7805
4131
316
12355
24299
6058
30580
29042
20759
15418
17360
23677
9429
29347
15085
6754
10940
9840
16953
17056
1242
30666
9804
10304
20391
4250
11132
30742
22328
21742
3243
3141
11445
29342
23652
6401
12301
5167
31783
5785
25064
15095
7680
3252
4574
1154
1118
8922
15590
24373
29731
6711
12305
29233
3320
5276
17272
15483
31715
19655
16754
12121
15387
9188
19979
18431
23067
10324
25266
27754
27893
31148
12850
3981
14825
11777
2276
24747
13878
7267
32034
2564
23344
12455
1022
17075
147
11370
15924
14295
12567
31058
4446
4337
11588
28823
24935
5005
4232
15298
32322
10789
19591
12981
6620
21058
28338
23276
23119
13796
25627
27650
23640
29732
12167
32119
14859
23832
17861
16816
27077
9463
1087
29247
2403
21117
30159
20837
27057
27793
22996
25813
28197
11046
8580
19899
5326
12127
22404
25085
14983
1782
9654
27329
28528
32478
27986
11311
28575
2343
9528
6776
5138
14883
29316
24599
20456
8391
12131
6487
3537
32339
21542
26901
452
8502
30357
19143
17136
26411
21382
17853
16884
10921
5806
26023
28498
8058
21686
7256
9761
25257
27537
28873
12035
16802
15630
8033
28503
31893
30633
3955
6320
2075
24999
16905
27781
4636
23138
7648
26666
19952
1505
15539
27902
19396
22187
7612
14567
24384
27101
24953
17147
22887
27003
29356
20608
6590
26884
16549
22039
15024
28745
28355
31028
23857
10366
7481
17873
22434
24466
12046
27748
19444
21948
12648
7182
26897
2391
18441
19733
23415
29935
17178
3988
12582
29596
16935
12913
13501
16270
2156
22160
992
16106
26191
16966
25820
4821
23597
2321
8078
7373
23129
23430
23937
28224
16994
5002
21846
22103
3477
20677
17769
531
15555
14676
433
25244
30021
12990
6376
19926
28476
10026
21740
3380
6429
10959
6758
20177
5230
5547
27561
11453
28618
25976
4829
16020
16939
31708
14172
26966
2921
3296
25180
24946
32253
20899
14031
4900
5643
21328
24711
25857
8608
25165
32414
2257
7736
3509
3349
20124
3971
12041
4539
11784
13160
24098
4176
31202
14155
24938
2539
29178
21131
28236
2969
10036
27215
19945
4167
26076
8835
14861
14818
6714
29
1633
9660
25446
165
27106
24626
18526
19188
31889
15244
17238
23868
15724
3620
5967
23624
13470
7115
9195
26629
1523
11880
11136
6466
1934
8674
16235
3252
12510
26432
18087
7997
30158
17167
21150
16237
25148
19204
13886
30794
2477
26339
4944
6476
7999
22687
20997
8108
18911
4035
14034
17631
2235
19472
2686
22109
15354
21352
2170
15014
9643
16107
1904
18311
30460
9055
4126
19865
15789
6357
22117
32012
17860
25993
18589
1954
17281
20491
10540
9214
22932
23708
26199
22047
20366
31195
9304
8488
3222
24737
11696
1634
10845
11049
15806
30083
13396
26484
22929
4657
26396
10475
11003
29378
1085
23879
4582
15430
3612
26798
24555
16327
39
19742
29217
31951
22355
24847
7475
11563
32456
22868
8118
15855
29914
10819
3769
22970
15420
1045
28829
26683
28016
28304
31271
9972
31874
18403
8659
16190
1782
10961
32107
32142
15871
17
7641
3574
16626
16117
23866
25071
31737
8523
21299
9045
24332
20097
25480
22707
285
16908
6890
7873
915
28937
19985
6955
18938
29477
12043
3220
23033
12987
19668
7131
30596
26685
12582
21149
20818
25813
4242
23291
20882
28748
16592
27805
26330
15914
26964
2806
22880
15903
8737
30922
108
19361
29922
1262
27661
215
29751
5200
22284
12470
23885
3383
29982
19562
30641
1995
29021
14327
10086
26583
12537
21024
25909
17358
11819
13192
4420
15628
32619
26903
21482
11615
24291
11679
194
19910
17955
26303
12286
14968
29206
26888
510
30760
25397
18271
16674
24200
11770
12706
21980
3084
12184
9871
16649
18160
31465
31969
4225
28540
4520
1979
492
26503
15840
23114
18392
4922
8100
28327
9481
22294
17153
13306
21008
14136
21041
18405
24864
31708
14353
24352
5148
32545
18134
8544
22772
2060
14075
31870
24626
22222
4733
13013
464
17994
24651
10476
25677
9938
9208
13909
6656
13873
1460
32212
10411
22767
13946
4292
12115
30928
25739
25015
7759
11422
21530
19037
13728
3368
28745
10407
15744
23435
26708
22315
11581
23728
11532
1227
13384
3606
25224
12177
22921
6098
6679
18142
9462
8148
26744
14532
1892
25195
11342
28336
29853
13324
6350
32076
25522
20559
22715
2979
10643
6714
23956
13703
25052
12738
12044
27951
23026
655
20154
8229
12879
12288
1042
9056
10778
623
9364
10924
18683
14774
11331
20307
23341
26865
14937
27126
29653
16262
17977
17340
27026
25443
8357
25263
341
16519
5425
30050
15219
29124
16375
8663
30456
9923
27533
15265
24383
11080
2868
9542
22463
29623
9554
24807
23080
21208
16931
5155
31407
15575
12971
824
1701
15247
17391
18283
29007
30727
12900
17579
754
32061
29096
8817
32301
6179
7280
19434
12171
30952
8386
15192
7001
31096
31844
5302
15797
11590
7572
21402
4328
7753
15353
4192
19958
23364
15834
8325
7027
15179
32142
5713
7831
31363
819
25529
8853
5161
1699
9347
18985
32214
19876
21419
32624
10241
14943
28678
5629
26565
7700
21541
21289
11748
9227
17788
20650
12045
26830
32451
28008
24922
4501
14749
16524
29469
30722
31608
17113
7900
15886
10676
8767
154
24132
10503
29613
20568
3117
3104
14120
9692
30987
5514
25114
10673
20681
4308
25580
22383
819
18159
22742
13629
11619
4567
24310
9363
14203
21365
16800
12357
31386
21445
28406
31677
776
18996
27576
14215
17076
5708
14685
16148
18401
27538
25186
17335
19484
29871
8418
10484
12145
12751
21351
30202
13278
5703
13312
110
3336
10618
1427
13418
6189
12029
11125
7622
20570
6649
24376
5782
21214
20433
30916
16115
2046
32261
31913
8703
17386
1879
25780
11299
29680
19500
22209
22171
11248
21044
15823
11317
10256
3917
31066
2901
5808
23461
5861
18749
16033
20255
18902
6795
21905
3577
5510
25859
6858
18603
23961
24207
2589
29458
20619
7556
15128
30413
24716
32295
16512
25832
16014
368
7163
27319
2972
2318
6668
3589
13421
5290
10820
29807
11065
25712
1975
14858
29643
9420
17838
6988
13784
1905
5275
30249
18831
28064
21330
26236
29297
1959
16501
425
15459
3496
24624
30080
12033
30107
27175
3685
19254
19094
21421
26798
1801
2380
18999
20813
15290
9685
12816
6575
14862
7853
32078
25316
30951
16638
28420
9215
4631
546
7865
28608
374
4707
20505
15728
23091
3334
29419
14605
26215
27017
24387
24231
25840
4648
8697
25866
22908
17318
27993
15261
8932
6729
540
8074
19388
28711
9368
3103
18728
28832
29235
2677
7152
1324
11037
9295
2007
32599
17471
32324
21801
9225
21870
23841
20628
31755
14309
6793
32056
3527
26866
19678
11521
25679
1263
9829
29493
1953
28276
20388
9545
18986
30155
16655
24057
3976
5284
24548
13976
28820
4618
25172
10916
24736
8854
16099
22941
14333
22755
11025
6935
18369
31297
27962
6415
23238
2990
1467
25723
18422
11010
29526
14372
31174
2153
5848
23992
3841
5142
31224
26907
30919
13366
32131
15871
14805
5923
12982
5044
11015
30171
25579
27457
26906
23216
4217
11187
20407
16449
24533
22709
9645
7336
20477
5985
24191
11509
8982
30038
5406
5340
20563
9739
9207
9898
31770
10851
32304
26493
15202
5761
11823
9141
9824
27101
7517
10150
32354
11671
2345
28815
27387
19724
18767
27088
4704
23720
19290
2647
4370
17147
26471
26204
5309
30734
29229
2382
7776
20215
12346
11277
12207
32171
3711
7001
26550
22292
17423
25227
21182
27491
16676
3714
29044
680
3939
7393
15176
9631
1889
27512
8212
10445
32613
15359
19710
28108
22384
8202
14495
20196
1658
24889
14949
26843
3327
14767
12597
14093
28858
28870
32085
13759
9649
12289
20874
32432
2161
9283
8061
5105
19867
16190
9059
19703
2719
11565
21213
6639
15304
21190
13085
4433
27513
26474
23115
31672
24246
32672
8231
20977
27365
7105
16879
24913
22742
3829
32131
2636
30978
21085
26567
19780
19728
6290
585
6559
27294
13647
21540
4892
31549
11626
2596
16743
32189
777
25130
24043
11436
4626
26066
13287
11801
4323
14420
18116
28829
2372
31656
12966
22941
23961
4334
31553
10441
11869
14348
15598
13544
13259
21145
29693
26072
24542
19962
20045
4048
23676
30922
15131
5097
14830
18304
11544
27101
24980
19531
17086
30478
8407
26177
18659
22218
24670
27577
19343
30669
23429
21493
10507
13063
27659
9221
23354
16288
15882
8935
27436
10298
45
6387
17137
9590
25629
7799
20907
441
828
15774
13799
27184
31638
27542
25134
20753
22805
7409
28630
17700
7924
31052
5150
25219
1397
29231
27515
16542
16343
16693
3884
385
24194
4461
10516
26202
8582
22527
31177
3381
20291
8211
1257
15371
25449
19950
22445
23803
10788
7518
7616
4055
7056
24409
30801
29922
2931
15073
19303
5336
299
29994
30068
2607
19429
1279
9518
20381
10000
30050
16794
22490
786
23411
6249
21159
17977
25491
18056
17167
6644
14792
3827
19181
6211
20835
5066
20398
28012
20449
9638
23640
16880
7952
7469
25803
189
27251
29412
20040
19877
3046
2373
24879
16399
11141
23826
2061
13804
5835
4072
32725
21229
4855
279
23918
32755
11956
26801
3182
32456
22264
10465
11046
26124
13101
18814
26590
6514
3215
20960
17249
4652
17621
29939
23741
2979
8211
17289
10820
26732
26079
22773
17366
25463
7603
13781
8803
24970
27282
15663
30891
30446
18926
1984
2376
30057
14794
400
7663
5740
2588
1482
1011
5516
23925
27851
12810
20278
7395
16505
31572
14239
25367
2774
29593
15867
8899
29397
26835
28655
3142
7020
5612
29000
30347
30954
29384
7149
20270
4235
17798
23570
21985
22089
22787
7343
9999
7414
31904
22577
22975
19592
12614
8559
13498
21172
10151
14559
16112
446
29638
522
12056
20879
6585
27965
32407
14088
22445
10626
9123
1430
20780
13006
13992
3846
32667
4220
1770
30107
3079
22522
25197
25694
30241
18371
5394
8630
11398
3725
25346
12344
31300
4803
591
29120
28058
20021
22489
193
7168
4623
31599
13273
26471
18183
18231
32681
10434
32219
30288
10979
25541
25595
5813
2212
26605
28802
21093
11525
704
23915
21441
20461
10070
16642
18741
21033
12056
23448
19482
6334
6088
28027
11995
12925
25282
10534
30295
31705
31105
5556
647
13558
15204
30107
10849
15874
6322
1430
20220
28104
24285
10211
10740
13954
6659
20399
23312
3311
12218
16591
31010
17830
5901
30640
10799
23722
20930
19857
1744
23358
2783
11503
19672
20475
32364
27201
9527
3359
3705
5350
287
8488
10595
21596
21093
15778
25940
9650
9001
61
29961
3392
20665
21026
23000
4245
28083
20871
30449
3249
3946
31105
27108
15477
2699
31770
19555
855
25345
676
17225
20570
29461
18509
32476
11582
3546
17139
4175
19955
8392
20025
14476
13396
6311
3290
5168
15378
3503
29757
18646
8942
31469
13898
6040
24876
1256
32125
30931
26180
4997
12088
9515
3546
17192
10334
12239
24816
28956
10269
5630
30555
26421
23819
26571
3443
27315
18549
28189
8719
12906
27635
29177
12465
2080
30016
2308
23549
6455
23625
2883
7280
14988
10116
5670
18254
9118
19075
16581
476
25843
21193
25961
29904
7607
22236
9294
21510
13479
23452
935
3700
6189
9170
20707
14944
18892
7692
10031
4560
14527
25769
16188
4931
12253
1072
27714
6814
23232
31718
27205
1641
9766
11423
24983
15675
32663
10708
17310
10099
14409
8438
25815
28969
3904
19202
30747
10341
9913
7254
20257
2958
26825
9923
1093
7205
8002
25059
29063
18867
17110
19884
6359
18687
17791
9030
24976
27525
23582
2074
20290
2852
2914
30508
5556
24087
31723
21674
11817
18214
22959
24517
20963
30237
17053
30399
32230
27774
2177
24901
25598
14963
18984
5376
27907
2054
10180
10343
12380
16020
5777
26583
1218
26239
6073
16613
3654
3364
22134
30707
28054
18189
29046
23553
29820
8807
29571
27846
935
7606
16227
9983
30126
30407
29437
27400
15186
26086
1470
12713
3332
6482
9787
818
21927
1262
6936
25802
14998
23097
11048
12292
25833
15488
20693
2227
28660
1363
15555
25856
8465
11573
27568
23481
19616
11415
21407
11500
3147
26888
27701
14517
10895
678
5731
22612
26487
5592
10053
19842
31403
17727
6730
15366
30378
8169
11926
24963
29012
14280
29604
32660
5547
31843
2352
11290
730
11724
5716
31701
7287
31698
15345
15154
12293
9591
1616
10596
5053
11429
8713
27062
8846
29212
22564
7968
14690
19887
5503
26136
6563
30384
367
8362
21757
20649
26538
18635
9830
28748
31077
15595
23644
27821
10681
15049
14446
20655
10571
31883
26622
16572
17708
11278
31301
10426
11518
8315
30616
1594
25689
6683
32233
8946
25453
28780
1680
21357
10984
26228
14668
3585
20250
6485
28804
28162
15958
15650
21203
30517
18076
7153
9668
11655
7798
2865
15834
21759
29984
19262
12244
28146
19947
1331
10030
16758
10979
23296
1515
4632
19120
15804
12690
17618
32186
32316
12663
5687
22161
19428
571
12273
14731
5565
17046
12909
4015
456
7508
1749
8401
28306
5278
3391
22783
13065
4731
31524
32028
4238
25239
32275
4811
2891
31042
30374
32655
7367
11195
24502
9008
29879
15791
13771
29024
15384
26621
29398
20126
3706
15548
29219
13403
7583
3199
20617
24667
13124
12503
7396
4959
1343
24602
27845
8961
4042
28259
10599
25311
27167
8154
10469
10491
18757
28726
26539
29026
9513
29568
30250
25868
13296
13337
28369
18436
12172
12798
2104
4808
6541
26443
6046
15091
28986
30206
6037
28441
4065
25342
1788
18931
8043
604
13358
16572
24371
30936
18553
20698
11033
30375
10194
12481
30930
3955
30918
2069
16258
21412
26804
29454
32140
3806
58
21793
20648
20426
7149
16093
21559
7450
23885
27411
14804
31687
10232
5945
20524
10909
32541
15120
27663
14074
22324
25477
26567
20179
12268
13525
11432
29687
2661
22517
31464
29848
4000
22321
25521
19719
31540
11795
10613
22207
7746
4230
31362
26789
3754
11579
14806
19598
22143
28492
18996
11778
14265
800
3959
26176
22570
8846
6695
18817
27060
27717
12618
22913
8888
19051
11900
316
6865
11396
24642
15861
24515
6294
26268
22909
22190
22410
15833
6578
15752
16598
27567
2374
24777
26969
651
15810
22888
14726
28454
16074
26375
11973
17497
29346
14955
19478
31026
13297
17454
32248
19783
29893
23480
30089
18250
4824
21099
16110
478
16658
18206
5877
15017
10830
19917
17401
22443
12641
16270
30215
22222
29272
18119
29246
23486
26882
31647
3452
20474
24751
9394
14903
18732
4406
28681
11688
10678
3389
14409
24623
12173
26036
10794
27891
25930
9891
24107
5321
10622
4390
14981
26711
16454
14005
12637
23929
8992
22953
12093
21475
765
14076
19909
19720
12440
7505
7838
23355
24325
30004
8880
3092
29837
7842
16789
21014
23993
18380
21837
12686
5805
8472
7731
13502
24247
4713
13103
27451
18984
21920
16942
30868
9827
6755
13519
30260
25651
5917
3423
11402
31842
11077
4104
26471
647
30436
3141
27047
23071
2897
23193
17427
16863
6463
25217
4998
10569
16378
15527
27215
1150
25070
17752
26839
4691
8809
13112
18820
18598
28834
1589
25564
23283
17401
25273
27374
3874
28032
11556
27373
21667
8891
31097
18975
20925
9636
9047
20725
23331
11762
8748
32124
2505
30619
28069
9716
25333
6808
1641
11965
18073
4072
30470
22395
6112
2007
24875
25458
21511
30080
27417
8498
2926
29585
8532
5497
28911
26190
8350
19797
29550
32473
7205
7049
5553
944
5116
17714
30834
631
20424
25002
19123
20216
29116
29101
5202
29544
13767
29114
3805
30187
12555
27580
167
5979
9618
19434
19996
28485
15932
31980
13649
2357
18172
3903
26592
26420
13636
28634
30450
3470
5310
29202
17821
31705
11325
12475
30065
14130
28403
2704
333
18890
3556
15829
31351
23458
15770
26426
7148
18578
1051
26627
10229
22416
8984
30566
17403
30511
29287
25396
18076
9062
16052
17340
11263
22675
115
9965
9316
14271
32536
30394
28927
16420
13451
7875
774
16876
1238
13617
4361
28220
7713
10977
5762
10353
5345
18118
29101
31914
4172
28808
5017
24454
6928
3697
30335
6959
27716
31370
20052
3479
15519
21249
10138
7169
31720
10702
26747
32708
31405
22422
26648
20555
23608
30160
4127
28257
25791
17446
15515
13483
30683
32030
19985
4470
23355
24057
8648
28084
4506
26076
25704
1344
25070
4141
29383
5226
24291
3648
15615
32431
647
17459
24516
21192
12871
3350
26612
20455
16154
2639
29808
20541
13820
573
10795
15551
5278
4636
11904
28202
13916
14121
7113
8004
3439
29446
9261
21605
31844
3935
22201
23607
25548
17614
15026
19898
14390
18684
13610
10123
13402
2058
27858
29797
31639
3375
8207
6376
16544
24226
8528
11929
17522
20666
28062
4139
16777
5203
4469
31485
5971
1141
20434
27107
18917
30512
16269
3369
10733
5578
21225
981
14567
29
32106
14893
7572
16186
27622
4473
15528
19282
735
13578
18883
10455
5904
16507
25763
24798
5190
6967
5784
22728
1649
11579
17464
19745
14587
20766
26451
29640
24664
10062
9514
2384
479
11932
5339
19879
3544
17915
18976
13301
24534
31620
30777
18887
6471
19646
16679
6509
2633
15389
1307
2976
7359
24520
17966
3177
30116
19871
29778
30526
16544
2173
13705
3693
23001
21178
32341
446
18956
2549
3695
18515
18652
28688
9659
20948
14698
1403
1404
21193
21797
22710
4549
12359
30948
28433
10032
20175
18482
10935
30929
18547
6888
20970
2669
20026
26882
7056
6888
14534
10411
25839
4861
3124
21146
29877
19506
29508
161
28475
17418
30138
23171
24586
3964
28164
17671
31903
8868
540
1866
1131
16569
9136
23129
25118
10303
23425
5887
29221
20349
25609
30172
4721
17714
22368
5559
24443
2436
29792
15382
17029
29497
16136
1035
13602
29993
30
28496
24056
22515
26648
3478
27333
15344
22845
11803
19360
30565
7432
20347
13186
9469
2253
16840
516
30326
21918
11996
31338
8090
12144
31982
27617
28017
16250
16228
12037
23989
13790
10728
7334
19078
5771
14782
25036
32351
19810
2389
21752
17481
19864
540
12461
18510
16475
24726
22319
23601
1720
16049
907
29788
4796
6228
3031
28954
23513
32311
6331
2054
29324
27383
30257
25028
30525
28266
24968
16366
30823
9008
30895
16209
31736
8842
11952
2650
14331
27247
27003
4043
15988
27101
11493
4530
8331
10094
30448
8348
19693
13867
12621
22278
11632
27812
23583
26900
18422
4673
22018
23686
26259
30419
25932
31975
2802
10350
26259
24583
12532
15227
17519
3756
9371
22793
7296
9605
28455
1892
13747
607
8062
24809
11202
20891
29137
11544
29690
4064
6781
4075
8001
21517
14383
17254
32087
30066
12620
3952
1372
25151
144
29665
10131
14908
13557
14556
27749
443
10454
22879
1193
204
13396
31768
12066
8879
24313
28283
5961
27023
21659
22033
4429
19053
8579
3091
22361
1370
31183
22327
11285
19945
4117
30666
1647
22500
16201
14847
10907
7230
3041
647
21592
27209
16438
2401
22134
6441
10286
14068
21397
28041
12312
22363
29743
1932
27351
6144
15833
27910
17219
876
28613
1005
23756
28509
2188
4362
26465
4377
22826
3828
27280
11267
18762
28991
19438
3692
12485
10225
5305
20651
27237
30517
15036
2672
1006
30548
28787
29269
12127
20704
16496
7094
22901
2355
30717
18115
2417
29464
9475
30419
28187
6087
11050
17148
15367
11287
13378
5344
16663
26095
32738
18889
20801
17917
22094
27129
28818
10667
8862
27195
24179
14671
30749
11198
26156
1698
1776
11811
6310
28532
17400
10197
21365
6302
18425
30873
14613
5431
10747
10854
32372
3595
22768
29814
12721
32072
14488
29853
24100
21115
1442
4826
12702
4795
17684
17196
1778
18724
17132
6566
31156
23432
25607
25798
26432
5984
20291
16899
254
2825
12769
24741
21477
32557
9005
26329
26942
9343
27488
11525
25771
18859
12741
17241
17255
11660
22043
30119
8399
16800
31035
16756
9250
28858
30970
29263
31621
15863
25425
22625
2122
20467
9403
19782
8305
15421
30175
31515
2415
9992
19567
6616
4143
2851
21328
5856
25175
15915
11771
23255
3276
1279
2851
8628
17272
19572
19096
6423
22091
23114
14955
14556
30591
2655
12115
2544
14113
27683
31823
20323
22477
21580
3469
17855
24761
14027
10891
27801
4340
23806
9084
3685
6128
19495
28141
31375
14143
28701
29864
9671
12698
24129
7896
9372
11047
17588
21103
13388
24316
22983
30149
17882
19935
24499
13441
16226
19023
4235
3005
26538
1481
1646
24933
12281
836
29697
10976
20524
4862
16668
26355
26886
15226
24516
28386
8392
13257
27994
25304
28161
21258
29713
13704
1192
6445
24742
6933
6504
13564
75
24367
28475
11099
6884
26240
25402
974
32117
24390
27316
7741
2267
25921
14205
5620
6331
7375
30344
21998
22201
2390
23736
16979
19946
8930
30196
6975
21131
28431
27258
31941
4595
8490
11893
8244
24262
1427
20433
17048
3436
15461
22094
21636
29889
1881
27091
22287
26382
12008
13062
2589
14137
17072
10777
20448
7736
14617
18406
27038
5323
12856
19775
29108
30059
25076
5247
14043
31357
25959
8549
23722
27852
1927
25379
25948
5686
14597
23729
2260
19622
16245
10087
31966
10562
24496
971
4792
16357
1910
27816
19921
27343
14936
24672
22480
32411
17877
21634
30168
31346
196
1951
25354
2175
6642
9562
13388
25250
14859
28863
10569
28521
31934
26838
3769
11068
1308
7031
5603
12759
12609
6751
17760
31742
12599
18052
26401
9579
1303
26022
6068
20236
9841
13863
23234
29035
24814
29980
22749
13166
7732
2724
10872
6464
10506
20601
21559
8079
11197
9924
22634
5880
28098
19254
468
21439
5276
9812
19376
1476
27649
786
2806
19634
31032
25764
15578
23674
24005
28305
7829
17920
19784
4873
29289
14355
6819
31608
5599
19619
8283
24411
19796
13870
2113
15699
26803
24956
13905
10871
9604
24460
23258
11247
29222
11214
28639
20159
30296
8851
9661
29152
1279
15297
783
30357
23331
24011
15311
19196
20538
23776
958
739
23465
31331
24581
29406
5000
30876
15388
406
2213
5805
17899
9060
9164
2247
21807
13343
26694
16541
25120
9010
16288
6681
20305
9713
12974
16462
2775
25645
13262
24239
19117
21253
24177
29310
26711
12800
20440
20615
8134
24153
32028
13069
13692
28826
10865
25605
18416
22636
26539
22402
20532
27310
13826
19057
5589
5572
15122
14726
6659
12338
9510
17526
15857
5481
9397
20839
10367
1248
7981
1188
12055
30567
32496
24726
17876
24249
17564
8688
15082
848
15760
11305
16706
29821
940
6703
3684
16055
10839
18266
3994
23604
15559
25758
31314
5046
29053
28166
15301
14760
14094
5213
3030
1897
32297
28462
10045
31976
25814
2800
29924
113
9980
10106
6801
12486
30758
15037
17606
7538
10886
2993
9702
22874
18235
31120
28824
7061
31695
17219
20848
25213
260
25369
11213
19718
24272
21183
7677
7759
12710
19309
4264
8055
21751
22109
21867
21426
5881
16769
6339
12956
22951
19573
11053
23757
17673
8627
25995
32429
28341
28678
11466
21897
6806
14401
22722
2791
30956
9008
605
23063
1428
29647
31996
13323
27786
27066
32534
21865
6060
10213
15906
733
18880
29581
440
24500
27321
24430
29171
4775
26934
14135
9497
11508
21836
16187
12414
1972
6277
7273
16549
2920
28456
30846
31913
5589
1723
13945
14555
29202
26055
19279
15533
5855
219
3809
8143
7992
8403
6443
663
12586
32346
32702
9638
18150
13998
1904
9417
3604
32164
7762
22813
20841
12523
12770
9847
8316
12436
13698
14338
10709
8402
27945
28714
31559
30975
20569
4025
7297
992
6481
22592
14303
13610
21635
11705
17798
30789
1096
31594
27823
23631
11475
24589
3907
16740
23651
25901
13225
27421
957
17875
16603
7254
13018
2146
16576
8245
3549
28608
7350
25704
3656
1974
2157
2221
25710
20634
3836
1944
3372
20011
30254
23697
28628
32188
27677
19228
6250
30613
13059
11101
25107
16278
16204
24539
9674
2333
31728
22660
16725
29226
10495
18161
2679
31169
2174
26604
616
13712
19825
1583
23938
2770
313
6767
13117
28275
21280
11417
27229
28789
1587
23132
13674
5778
29008
9959
13153
18979
17791
30708
2217
23872
3717
25605
1096
27433
8631
13805
9559
6116
28429
18835
5299
29480
26743
9715
26358
634
29556
30821
15014
13974
6368
21794
1708
20496
26381
24836
11527
30523
14870
18573
9665
2890
24176
10283
22050
27829
16834
18874
26661
18143
9719
23371
13864
7413
2705
804
7911
7705
16448
29960
21931
1216
23219
27832
703
1368
29870
12729
18468
4143
31325
2136
32389
27280
28136
13292
15981
25391
23111
28251
2488
9670
26712
30943
10568
29185
18990
10762
4857
14744
28844
7432
27606
27066
16211
26149
31373
25522
12889
28814
7712
26821
11003
26972
7390
32089
22036
23502
24466
1885
24813
25302
27898
11236
28759
5080
14714
12307
3575
1710
7954
24894
32738
7919
4494
18510
15978
31345
25340
11366
31799
10508
11363
10438
29849
4513
11954
23023
29724
10331
16375
26119
20317
23093
6353
25728
15389
20925
5672
26869
16532
30999
17179
13652
11527
23876
16186
22338
21405
22181
21750
13499
29295
6842
21589
19449
990
6960
1515
10904
26921
22043
18949
24567
9023
31616
14375
28385
3537
3094
21177
621
20652
21837
8957
27170
31558
28304
20804
8543
32406
7111
3426
26106
31017
14625
23391
8744
2419
5136
6255
11677
6755
21909
19492
10740
24122
25021
6627
32336
27548
20588
26261
13892
12519
25433
1694
18416
12741
7514
2067
1389
17149
24290
27943
15724
14479
11207
27367
20249
14847
32329
40
13638
12529
19281
30909
19653
1526
7158
12525
23061
8102
24645
11556
4674
22511
24386
23016
11014
23468
26666
2063
13876
10361
10491
31023
19542
7366
20022
4183
19093
20011
20452
31484
10202
6651
4055
26166
9523
9244
11570
5165
23928
14358
12588
26061
30766
16489
30992
11458
939
18468
392
22944
14971
15027
30492
23137
14339
22009
12278
15637
24676
671
29416
27349
32675
1707
12208
3833
25606
18004
3194
32395
30657
1812
27814
13307
7633
26880
21708
13075
22057
2645
20477
26926
27916
2387
14924
23973
14778
22606
5261
18059
12366
6146
17757
21914
19175
27687
27491
20844
3590
32325
9429
20207
11319
8906
28733
7955
3316
21594
2685
17605
15046
31078
28176
1825
31917
10240
22420
29667
7874
23533
29573
26143
11803
21244
6476
25907
11247
919
14200
28665
31738
24984
21835
2113
4643
25950
19832
4734
9053
2335
9771
23999
24011
12415
10826
26593
27687
11874
10234
12803
18532
23807
30822
14651
8594
31799
13500
26503
22787
18980
15479
4359
23212
2548
28900
20841
21709
27896
18911
23972
4821
4600
10206
7657
32640
3786
1842
9174
4674
14370
30857
20718
11240
7084
694
16710
9853
24664
20917
20096
7274
246
22249
16125
10978
5378
16041
30031
13181
7105
24315
13293
24867
32141
927
18731
29740
14188
15184
14185
6597
25832
2630
11658
21142
7195
9727
25512
11426
20490
7743
12293
21614
11572
5974
26693
16741
9322
31137
25307
379
6112
14931
11458
26641
24197
8565
18285
9240
4496
12588
768
378
22619
4667
18624
22965
9845
10696
27080
30665
8179
15459
17919
29525
6150
16964
24390
18173
24019
20692
11510
9742
19326
15728
17289
21861
19336
23913
9367
2957
18524
1871
19205
7207
14884
14703
18297
29327
18145
2458
272
8124
10427
16936
28244
32616
20117
20541
23144
14449
27365
26443
2694
7296
25795
32216
22444
10984
24384
1922
4241
15057
19192
4160
14302
4245
13803
7402
29339
25194
19848
29948
15079
4162
18187
14743
10989
4847
8713
28104
29715
26251
31049
21517
22132
29719
21974
17685
11409
15970
14418
25544
24387
22060
19597
21127
22005
22924
31575
19893
14095
655
20114
20342
3253
2338
23435
8374
8626
23602
10122
31598
10927
30225
15015
8738
4009
20508
21728
4271
27042
14747
31081
10819
2198
5608
17475
2221
5552
17876
15888
20695
9662
16454
8742
12432
20451
7717
19170
27023
7307
7544
14398
3509
24740
24524
25766
20627
22796
26582
23560
4652
6725
6746
18731
1788
10352
17996
27969
8505
19321
30772
13759
8024
29583
7383
25708
25555
16855
14099
32184
31274
2401
11531
29008
27944
23643
28804
12527
21095
31108
1679
10615
12054
11748
12905
21056
6650
32443
18335
18096
16051
12215
26485
7692
9793
31081
11657
30093
26822
1018
4020
24759
11405
31258
30001
13286
5708
18490
18689
23850
3750
23547
2957
16212
244
30694
10126
17233
30533
28509
3626
5047
14243
24273
24159
13982
18073
13366
7077
31153
29426
7092
14287
25733
20162
9376
29747
9513
14763
12970
24074
11006
24665
3928
27162
25544
21839
12211
29586
20230
9958
576
8757
23423
5778
22833
31674
17182
21864
17629
9331
22783
27101
29294
4910
32202
8913
25305
15449
11840
15308
3604
30825
24595
5767
18051
10620
8443
11694
28851
25660
11270
9444
25418
8199
26928
6664
830
12878
2867
7094
28742
6459
16288
26897
21902
22935
9519
24256
12975
29674
31827
13623
12510
13540
17938
29752
22627
25851
17684
16281
14926
6998
5370
24903
25189
14314
19441
13451
9568
18659
23174
22156
8025
24389
7612
16406
30334
5843
22363
11417
13833
21808
140
29301
21874
1092
10915
12404
16354
19425
25148
29848
28652
3750
18569
16408
29560
11812
22250
3237
27647
23104
190
14065
24318
28632
10106
29298
27300
10922
5368
10852
13006
11889
28689
29709
6710
11088
24429
30276
7143
8564
20122
27188
22773
2038
2396
6494
11882
23294
8516
31965
26499
21806
20868
25070
24605
22590
21762
14255
11114
18659
25259
27175
4840
25078
17418
28295
404
17106
14873
25775
12123
15614
9303
29172
8401
9484
7706
14625
20261
10944
1575
5051
3157
31861
9344
28810
30622
14781
25213
31572
5687
31048
18718
29164
25662
26119
14752
19052
29171
14224
5198
3774
24868
2501
16794
4449
22248
22448
20844
24425
13712
7602
9402
5064
13019
26333
21849
28621
7785
18846
20499
23786
27762
6047
21753
15290
22712
17643
20986
9282
13754
19028
19381
31608
15403
1810
18572
513
28322
26028
29178
16447
26003
18460
24614
29579
6014
32558
17336
24767
29030
20777
25067
12280
21381
21425
5859
13722
17982
7404
21058
19604
31571
4068
16886
9701
28504
18476
8020
12639
16232
26823
21099
938
1814
21061
24466
23949
23206
1071
21316
14441
12670
11685
8238
31750
21719
12614
9093
16786
9912
8272
17309
18407
21797
28936
23736
32013
19860
29789
28700
16640
1184
20168
18792
17843
26113
30838
3623
12372
188
2217
27558
24530
17303
20572
22275
31901
24016
2086
4999
13741
6158
5472
29493
20165
14744
10890
1443
25593
19909
18155
10505
1646
23988
22904
12696
5729
29244
2807
6925
32362
29222
29540
30853
13314
12442
16020
5779
8516
16344
1048
912
23536
23593
22116
29234
19893
788
19761
10848
12720
2772
3871
31813
2864
19978
7839
27044
31164
16304
28176
31083
3671
31566
32552
27018
1538
9584
4502
13061
3459
12375
9445
5192
29285
22767
20900
5564
25920
28673
15812
15511
12602
17322
12353
24568
3278
15628
2053
21555
26572
1603
6665
24681
23201
19610
15037
12893
6873
29439
30378
17538
6370
18613
15957
27225
11027
6217
2407
30457
27116
8903
13580
12783
8608
23341
8601
3657
31952
30240
21361
22510
19610
8670
6953
19249
4562
31348
2282
19109
11151
3633
12055
10034
20202
1626
30768
11880
11266
18463
5111
29460
25668
8654
16337
1041
13801
22599
28270
1377
191
10416
4780
24444
2093
4714
4537
30952
5745
32067
8312
11786
25901
4077
4135
31548
28450
19119
20030
3360
3899
14938
7066
11059
4301
22399
16090
12453
5405
26079
13834
1896
29219
26659
11135
22919
28301
31693
12801
27833
32519
12655
3120
23606
26810
13594
800
9417
27922
23322
4167
14118
25285
25824
24217
1151
24593
4672
26353
14674
23109
21213
11187
6789
24194
11233
22447
14516
18371
9713
17481
28106
5659
22368
10967
22734
19262
24226
1355
19456
28739
24836
25106
24869
10408
24987
12092
10271
30359
1146
16604
9152
5223
4648
5810
2272
1894
20306
9479
29613
20438
31932
9433
1859
23093
4989
12088
11133
5570
4460
10224
23818
21564
27094
15208
17347
22253
28274
29642
827
11495
17558
10596
31128
18062
15018
21071
24738
25174
4574
30030
1306
14030
4120
17400
2125
32222
28208
8218
24553
17740
30304
4183
2062
10373
26358
26641
7080
22427
27980
9869
18173
3978
19706
20817
18562
26559
1866
19921
29683
6363
5869
32331
27554
8372
5100
9712
1040
26524
21473
22596
1466
19175
23142
30663
16693
12455
11726
2005
10621
2234
25619
21963
26763
24327
31760
15723
8741
25348
22256
3202
22778
2172
26087
18887
10734
9615
24608
25351
20915
12794
5366
1663
12441
2968
11878
11146
16551
25641
30660
3708
12778
15443
31918
9165
8461
4070
5183
18042
7210
5988
11396
9640
27104
17089
27188
13706
18086
20839
28827
10118
3166
11133
26072
11667
30766
24681
1864
3302
651
28307
25154
17357
32150
14444
1285
18139
28076
19120
15342
6469
20536
22504
12015
17548
17612
3378
29500
29532
19569
9284
25927
13237
4923
22191
24303
9288
30752
5729
7668
4388
18185
12142
28335
17297
22826
14096
28416
2364
3983
27628
32135
13973
23544
27542
10519
10358
19431
24920
13415
2309
18935
4655
523
23515
2415
27159
31907
5478
20503
28296
20307
16779
4683
14913
627
32144
5453
26180
20615
18746
3040
1058
18289
29490
24850
3448
2533
9389
9561
27834
17694
20556
20961
815
11983
2113
22053
20541
8029
32692
9149
7655
7243
15205
11382
22164
26358
13714
1704
26642
25474
31003
11204
22490
27668
30692
1325
27798
25665
8315
15177
4320
8391
30459
31447
21325
30587
13616
9347
10154
2947
13819
6839
19845
10693
12280
8629
32752
18847
863
1507
21121
1497
7976
31845
24477
8664
16755
29169
11254
28436
5926
15327
25427
9932
32472
24448
21136
3064
29422
25521
17125
27007
24323
24752
6763
16554
25742
16942
26075
15320
21182
28581
12185
14708
21929
20203
18418
805
8358
21768
25250
1348
6135
6469
11674
6803
15788
7813
17664
16428
26051
18136
10358
17847
30100
9550
5535
19936
12909
8713
27615
13065
25465
9366
32099
9275
19174
14462
29026
3683
14918
24599
7074
9659
17974
2464
27965
9094
23870
23181
25253
3072
17913
17696
4838
4245
18550
7225
17451
25169
1757
6511
10628
2200
18774
2399
11750
4119
16678
4676
28788
9722
1819
18633
22012
29535
22827
1819
21445
19723
23384
14913
22408
2908
24535
6576
28860
7807
31344
32026
7958
13027
25384
17544
27217
31214
27678
1704
10027
27374
3763
31080
3504
4178
21485
18627
1210
13594
7198
20443
18105
1676
2496
26697
17328
32297
5028
17329
25728
10207
588
921
4969
6272
23701
891
11726
10355
1944
2328
17208
18090
7635
20240
17822
30675
16772
7600
3812
21971
28246
26123
24481
9072
3647
4940
15141
18509
21929
1610
17595
18716
10960
28509
555
4111
7275
31345
10115
6543
11150
344
20503
22833
27855
14437
18631
27366
17576
2358
20352
25714
17180
4049
27654
23327
25245
28147
17904
29106
11822
26788
7156
670
4805
1039
16484
14968
24563
4497
16121
13995
15302
25616
4048
31853
3567
7822
31666
23537
9760
20733
5528
5086
8632
22357
28014
18689
21666
12005
24600
9790
14714
13798
10419
14541
11506
2390
5917
23715
30837
29956
4023
19757
28682
10727
14441
11844
10106
11955
30439
8542
693
16046
9267
15105
9586
2752
6500
27774
1558
4298
31141
13787
10199
32057
23936
13329
16417
19163
17245
24440
19256
5361
26949
3711
21536
20357
29676
4256
29626
23038
1775
30099
19247
8177
12890
21698
32145
15418
22893
10494
27840
21068
30368
5232
15755
4549
24804
8402
26392
6214
30252
20447
20870
9601
20268
4103
18384
21907
24672
26984
16629
21909
11345
30458
17494
18029
27412
9
27999
16874
19219
17897
21097
13841
12048
23013
21215
2737
3430
3960
4256
17726
21650
24256
6309
7899
30963
19247
32484
16569
4046
8836
29044
6816
7061
10233
1777
1995
28009
32702
19490
13817
16349
28327
21721
705
28413
16930
21531
17190
29071
29803
32641
10603
30616
24835
16862
15657
21026
7518
290
6558
2109
18907
31615
26184
15684
28410
32714
15794
19553
15050
1315
30351
15699
12960
26072
773
30319
11534
16775
23115
20453
10259
19075
8310
27717
20368
633
144
31298
18427
10836
27883
17333
4439
26973
14772
11749
5732
28583
17867
3845
15379
6058
9682
31998
1340
19246
1413
31087
7827
12139
13129
7922
26329
23662
2567
13218
18255
9150
11578
17626
28784
10816
19271
12351
20191
22872
23054
15872
19615
27473
446
12380
12930
5887
10733
27749
15844
7842
23784
8196
16024
17934
30023
2366
20771
29705
18885
17077
2344
757
19279
14706
8228
1199
18779
12257
31836
32182
20603
29213
9235
23440
22322
8046
28927
10857
11526
11537
6142
19966
24534
1591
22790
16825
2926
27983
27482
9245
18265
648
31236
4453
9974
5010
17535
4456
32719
6309
14260
7360
27173
709
4904
32043
12240
16196
28275
3377
7494
5256
13044
6920
26873
15375
24003
29364
9446
23983
7655
21362
28266
20515
8905
21591
20568
17091
12009
31797
2890
13459
17104
4286
14388
23679
29766
24812
31039
26341
17860
3744
11476
11348
4652
7049
22262
17812
24760
15687
13526
8422
13616
15568
11937
31884
12385
25875
7069
27276
5322
17628
3188
16818
920
18424
4048
8148
1493
27545
9511
24921
13788
4604
20953
12796
7440
14664
3192
6862
6605
6586
29286
12666
24991
28415
31654
19661
29618
28897
8428
25206
3978
16166
10230
29194
1012
17589
2591
8523
27197
22011
10546
28073
8609
3725
18044
5897
7942
12815
28709
10182
25835
5204
22720
15861
14235
19654
19744
31214
24998
14601
15469
13832
7313
4827
1656
27555
29133
7487
1100
26988
10214
11482
32518
16092
4093
3997
2278
258
18296
6052
27813
19587
16888
19806
9993
10463
12171
3311
7864
12533
4900
4818
3658
9418
7496
15299
21665
18566
7945
31708
8061
13503
10552
20734
9291
31738
11223
13426
23358
18799
10701
20432
28833
23821
21725
31008
24684
2238
9689
14912
28693
4844
17683
26502
31400
8772
22293
2469
17178
5818
402
7893
16603
29645
15516
30510
6826
16396
17430
12373
17325
32217
15725
5211
28353
8557
25987
24546
19471
10268
23276
13186
17632
13530
22621
13419
10674
22015
29537
8267
1674
22599
13134
22642
4493
19229
5240
10292
26570
6681
19364
19086
3163
24519
24000
29453
23980
21930
24529
24044
29978
1408
29484
11132
9408
8136
20969
2761
1933
7042
32661
30587
22426
822
29223
3834
32443
4919
18229
16598
5461
3369
22888
24165
17263
25793
18990
19886
14347
10700
21422
25477
10934
21363
30465
10488
7006
20669
23199
4074
17508
597
27927
23294
29426
398
8196
15543
14735
22692
20284
29149
12528
4165
10314
23330
15121
13903
9759
23045
31877
16860
29956
29943
11
30844
21203
1724
14433
14529
16231
32021
21597
19969
4433
27292
6457
12631
17100
28655
14127
23531
2804
16400
19525
3699
5938
17420
2411
12794
30971
8667
11715
13792
7098
10888
19520
3875
22282
29586
3954
15580
28969
8081
28576
30221
9641
6684
3864
25753
1129
19179
12483
4500
15556
1081
31996
26301
10504
12396
2210
26953
11818
760
21100
4579
17336
12417
10877
26096
14350
29248
14393
13847
1229
22695
4694
9729
18313
12616
