100
53
445
547
642
919
983
1156
1377
1493
2064
2393
2429
2625
2735
2875
3267
3284
4000
4177
4281
4406
4612
4741
4753
5062
6036
6328
7442
8233
8926
8960
9452
9694
10184
10268
10665
10905
10973
11391
11905
12186
12232
12250
12312
12635
12790
13199
13273
13755
13769
13855
13901
14363
14612
14627
14630
14632
14666
14750
15054
15168
15199
16201
16678
17208
17337
17767
18837
19092
19122
19278
19459
19520
20865
20985
21565
22711
22914
24177
24207
24633
24926
25491
25788
26289
26506
27239
27299
27511
27734
27785
27824
28920
29216
29993
30338
30562
30622
31008
31647
