1000
1
82
88
121
225
307
332
335
349
354
370
374
424
466
486
521
550
551
557
577
597
598
713
732
756
801
807
810
851
914
920
946
953
956
979
1009
1069
1086
1089
1140
1210
1232
1297
1299
1322
1344
1344
1435
1441
1482
1483
1521
1585
1654
1702
1757
1810
1863
1886
1979
2031
2085
2093
2159
2165
2186
2186
2217
2218
2280
2332
2389
2419
2482
2492
2518
2532
2544
2574
2656
2676
2676
2710
2735
2761
2829
2844
2846
2853
2855
2899
2910
2924
2943
3053
3091
3120
3151
3168
3179
3215
3301
3307
3357
3432
3457
3519
3520
3527
3590
3591
3597
3614
3615
3632
3667
3702
3750
3750
3838
3867
3872
3873
3885
3910
3914
3969
3978
3983
3983
3985
4017
4021
4037
4042
4050
4117
4178
4221
4263
4315
4345
4360
4374
4470
4476
4500
4502
4522
4536
4623
4628
4635
4670
4700
4718
4722
4736
4746
4805
4809
4840
4863
4870
4902
4908
4924
4969
5132
5177
5191
5248
5258
5290
5325
5359
5384
5422
5476
5626
5681
5682
5697
5713
5749
5801
5823
5838
5913
6002
6022
6061
6064
6067
6119
6125
6158
6207
6219
6245
6252
6303
6318
6329
6376
6384
6435
6437
6535
6577
6630
6634
6741
6753
6771
6816
6839
6848
6904
7039
7052
7056
7064
7072
7096
7109
7121
7187
7205
7223
7289
7321
7363
7374
7393
7395
7406
7549
7566
7587
7614
7639
7663
7682
7754
7767
7799
7831
7904
7941
8010
8045
8057
8170
8227
8233
8242
8290
8300
8305
8309
8363
8425
8469
8493
8582
8620
8715
8716
8733
8782
8818
8823
8826
8898
8918
8931
8964
8979
8989
9056
9089
9102
9104
9142
9156
9172
9182
9183
9247
9265
9289
9296
9311
9322
9332
9335
9356
9381
9386
9389
9389
9403
9423
9435
9524
9539
9584
9587
9730
9829
9868
9908
9913
9957
9975
9987
10004
10040
10085
10174
10176
10179
10184
10186
10227
10327
10579
10587
10631
10686
10741
10747
10787
10818
10864
10870
10914
10932
10945
11022
11028
11071
11076
11117
11129
11293
11312
11423
11425
11435
11448
11449
11484
11550
11559
11564
11638
11685
11703
11750
11830
11879
11899
11914
11956
12058
12073
12083
12137
12154
12164
12172
12221
12223
12323
12329
12341
12352
12356
12380
12401
12422
12442
12473
12491
12522
12544
12575
12586
12661
12679
12689
12701
12709
12779
12802
12861
12864
12955
12958
12984
13002
13048
13048
13076
13091
13177
13180
13183
13231
13395
13485
13530
13535
13556
13560
13585
13586
13596
13625
13635
13650
13684
13691
13705
13709
13761
13768
13769
13791
13793
13840
13845
14028
14100
14116
14141
14196
14216
14224
14364
14365
14371
14403
14413
14418
14422
14442
14515
14626
14649
14660
14674
14742
14764
14767
14775
14793
14840
14919
15052
15086
15119
15122
15147
15182
15205
15209
15268
15292
15317
15416
15425
15431
15545
15600
15619
15691
15780
15782
15813
15854
15861
15983
16023
16026
16026
16033
16057
16096
16107
16159
16176
16211
16214
16236
16248
16267
16308
16387
16392
16424
16436
16473
16495
16527
16556
16603
16606
16618
16684
16716
16722
16733
16840
16900
16905
16906
16913
16942
16946
17025
17052
17056
17060
17062
17079
17122
17130
17130
17150
17157
17158
17181
17222
17247
17273
17373
17429
17438
17495
17542
17551
17566
17584
17662
17703
17791
17798
17799
17804
17822
17831
17845
17890
17946
17995
18010
18059
18065
18119
18138
18150
18197
18214
18284
18436
18456
18468
18485
18520
18526
18550
18551
18557
18560
18638
18688
18703
18719
18733
18748
18834
18839
18841
18894
18911
18920
18964
18989
19018
19024
19067
19113
19123
19137
19165
19201
19218
19229
19393
19518
19596
19596
19625
19751
19796
19810
19832
19862
19911
19924
19941
19954
19975
20004
20123
20160
20217
20217
20233
20252
20277
20350
20433
20437
20522
20551
20661
20755
20913
20943
20959
20966
20972
20984
20988
21034
21043
21067
21085
21087
21119
21119
21227
21271
21272
21278
21298
21335
21357
21364
21378
21402
21404
21418
21437
21449
21462
21466
21478
21515
21531
21565
21608
21616
21627
21632
21664
21676
21693
21722
21765
21765
21782
21792
21794
21796
21799
21800
21810
21822
21826
21845
21956
21963
22017
22040
22055
22058
22082
22085
22150
22162
22249
22288
22288
22298
22475
22589
22713
22717
22732
22756
22757
22836
22924
22938
22970
22970
22996
23000
23126
23144
23151
23155
23163
23191
23199
23214
23230
23235
23253
23264
23339
23349
23356
23403
23468
23470
23524
23561
23623
23628
23649
23677
23702
23707
23714
23806
23847
23849
23922
23954
23963
23999
24005
24037
24042
24058
24088
24110
24149
24167
24189
24203
24222
24257
24281
24284
24319
24366
24398
24408
24409
24410
24435
24438
24533
24540
24543
24575
24612
24614
24627
24669
24709
24750
24798
24890
24911
24989
24991
25083
25091
25197
25249
25299
25357
25369
25385
25406
25416
25511
25587
25718
25746
25751
25833
25834
25883
26015
26041
26056
26057
26072
26093
26133
26169
26188
26236
26300
26377
26381
26417
26422
26476
26496
26508
26555
26559
26690
26739
26756
26759
26784
26788
26907
26908
27000
27013
27018
27083
27110
27112
27136
27197
27231
27255
27299
27364
27373
27428
27450
27457
27489
27511
27546
27690
27744
27777
27803
27821
27824
27865
27913
27982
28000
28016
28032
28087
28146
28169
28173
28179
28268
28309
28368
28392
28402
28405
28424
28426
28454
28472
28492
28563
28602
28648
28650
28657
28665
28737
28811
28866
28868
28899
28972
29012
29034
29083
29138
29139
29140
29199
29202
29250
29295
29308
29345
29353
29368
29417
29461
29497
29516
29532
29563
29586
29604
29671
29687
29696
29804
29805
29943
29969
29998
30056
30064
30110
30131
30181
30191
30227
30245
30273
30318
30327
30351
30368
30417
30470
30548
30565
30581
30668
30674
30718
30772
30774
30842
30869
30898
31037
31089
31094
31126
31145
31301
31344
31374
31405
31412
31412
31446
31455
31497
31537
31585
31616
31629
31633
31722
31726
31734
31736
31740
31750
31900
31912
31990
32045
32110
32113
32152
32156
32180
32207
32232
32276
32294
32336
32344
32347
32361
32476
32514
32519
32527
32550
32551
32669
32703
32703
32717
32732
32750
32763
