10000
3
7
7
8
10
16
17
28
31
36
36
39
42
43
48
50
52
53
55
63
70
74
76
77
81
87
90
100
102
104
106
128
137
138
140
141
143
151
155
156
161
162
162
163
168
168
170
173
184
190
194
194
194
201
206
209
216
223
224
225
226
233
234
236
246
247
251
263
267
270
271
276
276
277
278
278
283
283
284
285
287
288
290
294
297
299
302
302
317
321
340
340
340
341
341
342
345
347
351
354
355
357
367
367
375
376
380
382
382
386
387
396
399
412
412
414
415
415
419
419
420
420
435
442
451
456
461
461
461
465
465
469
474
478
483
484
487
490
493
495
497
498
498
499
503
509
510
513
518
519
523
524
525
525
528
536
539
545
552
552
553
554
556
558
561
564
568
571
577
584
584
585
598
604
606
610
611
612
617
618
620
623
636
637
645
645
650
652
652
658
660
661
662
663
665
666
671
681
686
692
700
705
705
714
715
716
718
719
721
723
724
724
732
734
738
742
751
753
759
766
767
770
770
773
775
775
777
782
782
789
798
800
806
808
808
809
820
826
834
839
841
842
846
847
848
848
849
850
850
851
857
858
858
862
862
865
866
867
870
873
874
875
885
888
888
889
889
892
893
893
893
894
895
896
898
899
899
902
910
915
915
919
922
925
926
930
935
936
945
953
954
959
963
966
968
970
986
989
989
990
992
994
998
1003
1004
1008
1012
1015
1022
1027
1028
1028
1029
1030
1036
1041
1050
1052
1059
1059
1070
1080
1086
1089
1092
1092
1096
1098
1102
1106
1108
1112
1112
1113
1118
1133
1133
1135
1137
1140
1142
1145
1145
1155
1156
1165
1172
1173
1179
1189
1190
1199
1201
1202
1203
1205
1209
1210
1213
1215
1220
1235
1235
1237
1240
1248
1253
1254
1255
1255
1256
1260
1260
1264
1266
1266
1268
1269
1270
1272
1272
1272
1274
1277
1278
1282
1282
1287
1294
1315
1317
1321
1324
1325
1325
1325
1327
1328
1338
1339
1342
1344
1351
1351
1361
1364
1366
1366
1371
1374
1375
1379
1381
1385
1387
1388
1394
1399
1404
1407
1414
1418
1419
1420
1421
1425
1426
1433
1436
1436
1436
1446
1447
1448
1452
1454
1457
1458
1461
1467
1471
1474
1475
1477
1477
1479
1481
1481
1481
1486
1492
1500
1502
1504
1505
1510
1514
1515
1516
1516
1523
1526
1539
1539
1552
1556
1557
1561
1564
1564
1572
1574
1576
1577
1578
1582
1589
1590
1590
1597
1597
1607
1608
1613
1614
1617
1623
1630
1634
1635
1637
1638
1640
1642
1643
1643
1646
1646
1648
1648
1650
1652
1652
1653
1653
1656
1673
1677
1678
1685
1689
1694
1698
1699
1714
1717
1718
1721
1721
1722
1723
1725
1726
1727
1728
1729
1740
1741
1743
1745
1754
1760
1765
1767
1778
1781
1785
1786
1788
1790
1792
1803
1805
1806
1816
1818
1819
1822
1822
1825
1828
1829
1837
1840
1849
1859
1861
1862
1870
1883
1883
1885
1886
1891
1895
1901
1901
1902
1904
1906
1912
1912
1915
1916
1917
1922
1923
1928
1929
1932
1934
1936
1941
1941
1946
1947
1951
1958
1962
1963
1964
1967
1971
1982
1983
1983
1987
1987
1988
1990
1994
1997
2005
2008
2009
2011
2011
2012
2015
2022
2029
2031
2032
2032
2041
2041
2042
2046
2051
2055
2058
2059
2062
2065
2066
2066
2069
2072
2074
2079
2090
2093
2094
2096
2098
2099
2101
2108
2110
2122
2125
2126
2127
2132
2134
2139
2140
2142
2143
2144
2144
2151
2152
2152
2163
2174
2179
2191
2195
2197
2200
2204
2207
2211
2213
2223
2228
2231
2234
2236
2237
2241
2244
2244
2245
2251
2252
2254
2255
2257
2260
2264
2266
2267
2267
2268
2272
2276
2277
2281
2283
2283
2289
2295
2303
2315
2317
2322
2322
2323
2326
2332
2334
2337
2338
2342
2353
2356
2364
2368
2371
2371
2377
2379
2380
2384
2388
2394
2397
2402
2404
2410
2413
2416
2417
2418
2419
2429
2432
2433
2433
2435
2439
2441
2442
2446
2447
2450
2452
2456
2458
2464
2465
2468
2469
2471
2476
2477
2481
2488
2489
2491
2493
2494
2496
2497
2501
2506
2507
2509
2510
2514
2514
2517
2522
2524
2525
2531
2535
2538
2538
2539
2544
2546
2549
2550
2551
2552
2557
2563
2570
2571
2573
2574
2576
2577
2579
2582
2596
2598
2599
2603
2610
2610
2611
2626
2628
2632
2635
2638
2642
2647
2652
2654
2654
2656
2656
2656
2660
2661
2661
2662
2665
2669
2673
2678
2684
2690
2691
2691
2692
2693
2696
2698
2700
2704
2707
2710
2711
2715
2717
2721
2723
2723
2725
2728
2736
2742
2743
2748
2750
2750
2753
2753
2754
2756
2756
2759
2764
2771
2777
2783
2783
2788
2790
2790
2790
2792
2796
2800
2800
2805
2807
2818
2818
2837
2851
2851
2860
2865
2868
2872
2873
2874
2878
2883
2885
2888
2888
2896
2898
2901
2909
2910
2911
2916
2917
2919
2926
2927
2929
2931
2936
2945
2959
2965
2969
2970
2973
2974
2976
2982
2987
2987
2988
2991
2992
2996
2997
3002
3002
3004
3005
3006
3009
3016
3018
3026
3029
3033
3035
3035
3036
3039
3044
3044
3044
3048
3049
3053
3055
3055
3056
3058
3060
3066
3068
3068
3069
3070
3078
3078
3080
3083
3083
3088
3092
3092
3103
3106
3108
3109
3113
3116
3117
3122
3122
3123
3123
3130
3130
3133
3139
3140
3142
3143
3143
3146
3152
3153
3156
3157
3167
3173
3173
3178
3180
3182
3186
3186
3187
3191
3193
3199
3203
3204
3210
3212
3218
3223
3230
3234
3236
3238
3240
3241
3242
3258
3267
3272
3273
3273
3275
3277
3278
3279
3283
3287
3293
3295
3296
3301
3303
3303
3316
3321
3324
3326
3331
3334
3336
3341
3341
3344
3344
3346
3347
3349
3355
3356
3359
3359
3361
3363
3365
3367
3372
3374
3378
3382
3384
3384
3386
3387
3387
3390
3391
3392
3393
3393
3393
3394
3394
3396
3397
3401
3405
3406
3407
3412
3413
3413
3419
3420
3421
3423
3424
3427
3432
3438
3438
3440
3449
3449
3450
3452
3458
3458
3459
3464
3465
3471
3473
3475
3480
3481
3483
3495
3502
3502
3504
3511
3513
3514
3517
3518
3527
3530
3532
3535
3545
3545
3549
3551
3556
3557
3558
3558
3558
3561
3562
3568
3569
3570
3574
3576
3576
3580
3583
3584
3585
3587
3590
3592
3594
3600
3601
3603
3604
3609
3613
3616
3617
3622
3622
3623
3629
3629
3632
3633
3644
3646
3647
3654
3669
3674
3675
3678
3679
3679
3692
3695
3696
3696
3696
3701
3705
3713
3715
3717
3719
3721
3732
3732
3743
3746
3748
3752
3757
3757
3758
3765
3767
3767
3773
3776
3777
3783
3788
3789
3790
3793
3795
3796
3801
3806
3809
3810
3812
3812
3814
3818
3821
3822
3824
3824
3824
3830
3837
3844
3844
3845
3847
3852
3852
3855
3858
3864
3867
3868
3872
3873
3876
3881
3887
3888
3891
3891
3892
3900
3901
3911
3913
3914
3918
3926
3928
3934
3938
3940
3942
3942
3943
3946
3946
3949
3961
3964
3966
3966
3967
3971
3975
3976
3978
3981
3982
3982
3982
3986
3987
3988
3989
3990
3997
3998
3999
4000
4004
4013
4014
4014
4016
4018
4022
4023
4024
4034
4036
4036
4044
4045
4055
4056
4058
4059
4062
4067
4070
4072
4089
4090
4091
4095
4105
4113
4113
4115
4115
4116
4120
4126
4126
4129
4129
4133
4140
4140
4143
4145
4148
4150
4174
4175
4175
4175
4185
4187
4189
4189
4190
4190
4190
4191
4194
4194
4196
4199
4202
4206
4214
4217
4223
4223
4224
4226
4227
4227
4229
4230
4231
4236
4238
4242
4246
4249
4249
4252
4254
4255
4255
4259
4262
4263
4264
4265
4269
4269
4272
4272
4274
4276
4279
4280
4282
4285
4285
4287
4290
4304
4305
4311
4312
4315
4316
4325
4329
4334
4338
4340
4345
4345
4347
4348
4348
4353
4353
4355
4361
4362
4367
4371
4378
4382
4385
4389
4390
4396
4402
4403
4404
4404
4404
4405
4419
4421
4422
4424
4426
4429
4430
4437
4441
4444
4447
4460
4462
4469
4470
4474
4490
4493
4501
4509
4509
4511
4514
4517
4520
4522
4522
4523
4535
4540
4546
4551
4552
4554
4556
4558
4558
4565
4569
4572
4573
4578
4580
4582
4582
4582
4586
4592
4593
4597
4603
4619
4622
4624
4627
4628
4633
4634
4636
4637
4640
4652
4656
4658
4660
4661
4670
4673
4674
4675
4675
4676
4676
4678
4679
4679
4680
4681
4684
4689
4690
4694
4695
4696
4699
4701
4702
4704
4704
4706
4708
4712
4714
4714
4718
4720
4724
4726
4727
4727
4729
4731
4736
4737
4739
4740
4741
4745
4747
4750
4750
4752
4758
4760
4762
4765
4768
4769
4769
4771
4772
4772
4775
4776
4783
4784
4785
4786
4791
4791
4792
4792
4797
4797
4811
4813
4813
4817
4824
4829
4835
4840
4840
4847
4848
4850
4852
4853
4856
4858
4859
4859
4862
4863
4864
4864
4870
4878
4880
4881
4882
4883
4890
4900
4900
4903
4909
4923
4929
4931
4935
4936
4942
4948
4961
4963
4969
4978
4983
4984
4984
4985
4986
4999
5012
5014
5017
5018
5019
5019
5020
5021
5021
5022
5032
5033
5038
5039
5052
5057
5067
5070
5073
5073
5077
5078
5079
5080
5082
5082
5083
5085
5086
5088
5089
5093
5095
5100
5100
5108
5108
5108
5109
5115
5117
5127
5133
5139
5140
5142
5145
5147
5151
5152
5156
5158
5163
5164
5164
5166
5166
5167
5175
5178
5180
5183
5187
5192
5192
5195
5197
5197
5197
5206
5207
5219
5220
5222
5222
5223
5226
5226
5227
5233
5237
5242
5242
5242
5244
5245
5246
5252
5256
5257
5258
5259
5260
5260
5261
5262
5275
5275
5285
5291
5292
5294
5297
5298
5298
5299
5300
5301
5305
5305
5310
5312
5313
5315
5321
5321
5323
5330
5334
5334
5334
5336
5338
5338
5341
5346
5350
5350
5350
5351
5354
5355
5356
5359
5359
5364
5371
5376
5376
5378
5380
5386
5389
5390
5391
5398
5398
5400
5401
5402
5404
5418
5419
5421
5424
5426
5429
5439
5442
5446
5449
5457
5457
5460
5462
5467
5467
5470
5471
5474
5476
5484
5484
5489
5491
5492
5493
5494
5494
5502
5503
5507
5509
5511
5515
5516
5517
5521
5522
5525
5527
5528
5529
5530
5530
5531
5539
5541
5541
5544
5547
5550
5555
5560
5564
5565
5568
5571
5573
5576
5578
5582
5582
5592
5597
5599
5600
5606
5606
5608
5611
5611
5614
5615
5616
5618
5621
5624
5624
5630
5634
5635
5635
5636
5638
5640
5643
5647
5648
5659
5667
5669
5677
5680
5682
5686
5687
5691
5693
5697
5700
5701
5712
5722
5722
5722
5727
5728
5730
5730
5731
5734
5735
5742
5750
5751
5753
5758
5762
5768
5768
5777
5785
5785
5787
5789
5807
5808
5810
5816
5818
5821
5824
5825
5826
5829
5832
5833
5833
5837
5841
5843
5846
5848
5853
5860
5862
5862
5864
5868
5870
5875
5876
5877
5889
5893
5893
5893
5900
5902
5903
5905
5906
5906
5912
5912
5925
5927
5940
5953
5957
5961
5962
5963
5979
5980
5987
5994
6004
6005
6013
6014
6018
6021
6037
6043
6044
6055
6057
6066
6067
6070
6076
6080
6081
6082
6085
6085
6086
6087
6091
6094
6097
6101
6102
6108
6115
6118
6125
6125
6128
6132
6134
6138
6139
6139
6140
6140
6141
6145
6145
6154
6157
6160
6160
6161
6163
6165
6166
6168
6173
6176
6176
6184
6187
6202
6204
6205
6207
6209
6210
6213
6213
6214
6217
6218
6218
6223
6223
6230
6232
6233
6236
6248
6250
6256
6257
6259
6261
6265
6267
6270
6278
6279
6281
6283
6284
6284
6285
6289
6290
6293
6294
6295
6295
6301
6301
6303
6307
6308
6308
6310
6311
6322
6325
6334
6336
6337
6337
6338
6341
6343
6345
6346
6347
6348
6352
6352
6359
6360
6360
6364
6364
6371
6385
6386
6386
6389
6390
6394
6395
6396
6397
6398
6399
6400
6403
6404
6405
6405
6408
6410
6410
6411
6411
6413
6415
6416
6417
6423
6425
6431
6432
6437
6437
6451
6456
6457
6461
6464
6465
6472
6473
6474
6478
6480
6480
6483
6485
6485
6487
6487
6491
6495
6496
6497
6503
6503
6504
6506
6516
6516
6529
6529
6535
6537
6544
6551
6557
6558
6559
6564
6564
6571
6572
6583
6590
6595
6595
6599
6601
6606
6612
6614
6629
6640
6643
6648
6649
6652
6653
6653
6660
6661
6662
6663
6669
6670
6671
6671
6675
6678
6679
6683
6683
6686
6687
6694
6700
6707
6708
6711
6712
6717
6718
6722
6728
6729
6730
6732
6741
6741
6746
6746
6748
6749
6750
6751
6755
6755
6758
6760
6760
6763
6767
6772
6775
6780
6783
6787
6790
6798
6817
6821
6822
6825
6828
6829
6830
6835
6843
6848
6850
6852
6853
6859
6874
6877
6890
6899
6901
6907
6913
6922
6923
6924
6928
6943
6953
6954
6956
6958
6963
6968
6969
6971
6977
6984
6987
6992
6997
7001
7005
7007
7007
7010
7012
7014
7019
7026
7036
7038
7039
7041
7047
7052
7052
7055
7055
7061
7062
7065
7066
7067
7068
7070
7073
7074
7083
7083
7088
7088
7095
7099
7105
7109
7109
7111
7114
7116
7116
7117
7119
7126
7130
7130
7130
7138
7142
7143
7145
7155
7162
7162
7169
7169
7172
7175
7175
7184
7187
7187
7187
7189
7191
7196
7201
7202
7202
7209
7209
7211
7213
7214
7214
7215
7216
7221
7221
7226
7229
7229
7232
7236
7242
7246
7249
7250
7250
7260
7264
7264
7264
7265
7269
7269
7275
7278
7285
7286
7288
7289
7292
7293
7295
7297
7297
7299
7299
7302
7302
7305
7309
7310
7315
7315
7320
7322
7323
7324
7325
7326
7327
7331
7334
7335
7335
7336
7337
7345
7347
7349
7355
7359
7369
7373
7377
7379
7379
7381
7386
7391
7392
7397
7398
7399
7401
7401
7405
7407
7408
7409
7417
7418
7419
7422
7423
7424
7426
7427
7432
7432
7436
7438
7438
7451
7451
7455
7456
7462
7464
7473
7474
7475
7480
7483
7487
7491
7491
7495
7499
7499
7509
7510
7511
7514
7515
7520
7522
7527
7528
7534
7534
7534
7542
7543
7544
7546
7551
7553
7558
7560
7561
7570
7577
7582
7589
7596
7598
7599
7612
7614
7615
7618
7624
7628
7636
7638
7639
7639
7649
7656
7660
7662
7663
7667
7668
7675
7679
7684
7687
7690
7694
7695
7696
7696
7696
7697
7698
7699
7701
7702
7707
7709
7710
7712
7718
7720
7721
7723
7724
7725
7725
7727
7729
7729
7731
7738
7741
7743
7746
7750
7757
7768
7777
7777
7779
7786
7787
7802
7803
7804
7805
7811
7815
7818
7821
7832
7833
7836
7836
7843
7849
7853
7863
7863
7864
7864
7870
7870
7873
7874
7877
7885
7887
7894
7898
7899
7903
7905
7905
7906
7906
7908
7913
7916
7917
7918
7918
7920
7922
7927
7928
7931
7936
7939
7941
7942
7945
7946
7947
7947
7947
7947
7954
7954
7963
7963
7967
7968
7974
7974
7976
7978
7982
7987
7992
7998
8001
8005
8007
8010
8012
8015
8022
8027
8032
8035
8035
8039
8040
8042
8043
8053
8054
8057
8057
8058
8059
8060
8063
8065
8071
8073
8076
8080
8081
8083
8086
8087
8093
8095
8098
8104
8105
8107
8112
8116
8117
8120
8120
8121
8122
8124
8125
8126
8127
8128
8128
8129
8129
8131
8154
8156
8156
8156
8163
8170
8178
8178
8180
8187
8191
8192
8192
8194
8206
8207
8208
8209
8211
8219
8222
8225
8230
8234
8235
8237
8238
8239
8248
8253
8256
8257
8264
8265
8269
8269
8271
8276
8277
8284
8289
8290
8291
8291
8299
8303
8304
8307
8316
8319
8320
8332
8335
8337
8337
8338
8344
8349
8351
8352
8356
8357
8360
8362
8364
8364
8372
8381
8381
8386
8387
8388
8395
8396
8404
8407
8408
8408
8408
8413
8426
8427
8430
8432
8436
8441
8444
8445
8446
8450
8451
8456
8457
8464
8468
8468
8469
8470
8472
8473
8484
8493
8493
8497
8498
8506
8506
8510
8512
8516
8520
8523
8525
8529
8533
8547
8548
8551
8552
8560
8565
8566
8567
8568
8583
8584
8586
8595
8597
8599
8599
8609
8614
8619
8622
8623
8624
8626
8638
8639
8643
8644
8657
8660
8665
8665
8666
8669
8669
8672
8675
8677
8689
8697
8697
8698
8700
8701
8705
8709
8723
8725
8728
8736
8743
8746
8749
8750
8751
8756
8756
8757
8760
8761
8764
8769
8771
8773
8773
8774
8775
8777
8780
8783
8784
8787
8787
8790
8792
8794
8799
8801
8806
8806
8807
8814
8816
8819
8821
8844
8848
8850
8862
8867
8867
8876
8882
8885
8888
8890
8898
8899
8904
8906
8910
8914
8915
8921
8924
8925
8928
8936
8938
8940
8943
8946
8949
8952
8955
8957
8957
8959
8961
8968
8974
8980
8980
8981
8994
9004
9007
9012
9017
9019
9019
9022
9023
9023
9030
9030
9033
9034
9036
9037
9040
9041
9049
9057
9060
9062
9062
9063
9064
9068
9071
9077
9079
9089
9091
9091
9098
9099
9099
9102
9108
9111
9112
9113
9114
9114
9115
9123
9126
9127
9130
9131
9134
9137
9143
9152
9156
9156
9162
9162
9169
9174
9175
9180
9183
9187
9191
9198
9204
9205
9212
9214
9218
9220
9220
9220
9228
9230
9232
9246
9247
9248
9249
9254
9255
9259
9260
9261
9264
9265
9270
9284
9288
9293
9304
9306
9307
9319
9328
9330
9335
9338
9344
9346
9349
9355
9359
9360
9365
9368
9378
9383
9386
9389
9394
9395
9398
9399
9406
9408
9410
9411
9411
9413
9414
9418
9423
9424
9426
9426
9433
9434
9435
9442
9442
9444
9446
9449
9450
9456
9457
9458
9460
9467
9467
9470
9470
9485
9495
9495
9498
9499
9500
9501
9501
9503
9505
9511
9512
9521
9532
9532
9535
9535
9537
9537
9540
9541
9550
9551
9553
9553
9555
9560
9566
9569
9574
9576
9580
9581
9583
9584
9587
9591
9594
9597
9598
9600
9601
9607
9607
9610
9614
9617
9622
9624
9629
9639
9640
9645
9647
9650
9655
9657
9658
9665
9665
9666
9669
9670
9672
9675
9676
9678
9683
9684
9694
9700
9701
9703
9708
9718
9720
9722
9725
9727
9728
9728
9729
9730
9730
9738
9738
9741
9742
9750
9753
9753
9756
9762
9766
9770
9772
9773
9781
9781
9781
9785
9793
9803
9812
9816
9820
9820
9822
9822
9825
9827
9829
9830
9833
9833
9837
9845
9851
9865
9867
9867
9868
9870
9872
9874
9875
9876
9883
9887
9888
9895
9898
9906
9909
9910
9911
9914
9918
9922
9926
9927
9929
9930
9931
9940
9942
9943
9944
9945
9950
9955
9961
9970
9975
9983
9984
9985
9986
9989
9989
9992
9992
9998
10004
10009
10012
10024
10025
10029
10033
10037
10041
10041
10045
10045
10046
10049
10050
10051
10052
10052
10054
10061
10065
10066
10074
10081
10085
10085
10095
10104
10106
10107
10109
10111
10113
10120
10121
10122
10123
10126
10127
10129
10132
10133
10134
10147
10151
10163
10175
10177
10177
10178
10181
10182
10187
10189
10193
10194
10200
10206
10208
10208
10214
10214
10217
10222
10226
10228
10228
10237
10248
10252
10255
10256
10256
10257
10258
10259
10264
10268
10281
10284
10286
10288
10293
10293
10295
10299
10300
10301
10310
10322
10323
10328
10328
10335
10353
10355
10360
10362
10366
10374
10378
10380
10387
10387
10389
10390
10394
10396
10398
10399
10399
10399
10406
10409
10410
10410
10418
10422
10422
10426
10429
10431
10431
10437
10441
10444
10446
10447
10449
10451
10453
10454
10463
10465
10468
10468
10469
10471
10471
10472
10476
10478
10478
10478
10479
10479
10480
10481
10482
10483
10484
10492
10492
10501
10507
10508
10510
10515
10521
10527
10528
10530
10530
10536
10536
10541
10549
10555
10563
10567
10571
10578
10588
10599
10601
10602
10602
10602
10609
10613
10620
10621
10625
10628
10638
10639
10640
10641
10646
10651
10658
10663
10664
10673
10679
10684
10685
10685
10685
10686
10686
10691
10700
10702
10703
10707
10710
10711
10716
10722
10725
10731
10734
10735
10741
10746
10748
10749
10758
10759
10759
10763
10769
10772
10778
10782
10786
10786
10788
10790
10790
10791
10793
10794
10796
10803
10809
10819
10822
10824
10833
10836
10840
10845
10847
10855
10857
10857
10859
10860
10865
10868
10871
10877
10878
10884
10888
10889
10891
10899
10905
10905
10913
10916
10919
10921
10923
10925
10926
10929
10931
10939
10945
10948
10954
10956
10976
10979
10981
10988
10994
10995
10997
11004
11007
11009
11012
11016
11019
11019
11025
11026
11032
11036
11039
11042
11044
11044
11048
11050
11057
11059
11059
11061
11062
11064
11071
11074
11080
11085
11085
11088
11093
11095
11098
11098
11110
11112
11114
11119
11121
11123
11131
11133
11134
11141
11144
11145
11151
11156
11157
11157
11159
11163
11165
11165
11171
11171
11171
11172
11185
11189
11204
11206
11207
11210
11211
11213
11213
11218
11219
11225
11226
11227
11228
11234
11237
11243
11246
11250
11263
11268
11268
11271
11273
11277
11279
11282
11283
11283
11287
11287
11290
11292
11295
11295
11297
11306
11306
11309
11311
11312
11312
11314
11315
11315
11319
11319
11323
11325
11335
11336
11337
11343
11343
11350
11357
11361
11375
11380
11395
11398
11408
11417
11418
11420
11425
11426
11430
11431
11434
11435
11435
11436
11443
11447
11448
11449
11451
11453
11454
11457
11457
11467
11467
11468
11470
11472
11473
11481
11482
11483
11485
11487
11496
11496
11499
11501
11504
11504
11505
11506
11508
11513
11518
11525
11528
11534
11537
11543
11554
11561
11562
11565
11567
11575
11580
11583
11593
11595
11597
11598
11600
11601
11609
11618
11626
11627
11636
11636
11638
11639
11642
11651
11651
11652
11654
11654
11657
11662
11663
11663
11664
11667
11667
11668
11677
11678
11679
11685
11687
11700
11702
11703
11703
11704
11706
11706
11710
11714
11731
11734
11738
11747
11749
11750
11752
11758
11760
11760
11762
11763
11768
11777
11779
11782
11787
11789
11795
11797
11801
11809
11810
11829
11830
11830
11831
11834
11842
11842
11853
11855
11865
11867
11868
11872
11877
11880
11888
11891
11893
11897
11899
11903
11904
11908
11920
11920
11921
11924
11925
11932
11934
11937
11939
11942
11945
11949
11953
11954
11955
11955
11956
11958
11958
11963
11970
11977
11983
11991
11993
11995
12001
12004
12004
12005
12005
12010
12014
12021
12038
12042
12043
12044
12050
12056
12062
12063
12063
12065
12065
12069
12070
12071
12072
12074
12076
12078
12079
12082
12082
12085
12085
12087
12095
12095
12104
12104
12109
12109
12111
12120
12124
12125
12134
12135
12136
12137
12137
12139
12142
12145
12150
12150
12153
12159
12159
12160
12165
12168
12174
12174
12175
12180
12181
12186
12186
12189
12189
12195
12199
12200
12202
12208
12210
12211
12212
12218
12219
12219
12220
12221
12229
12230
12232
12236
12241
12246
12248
12250
12251
12251
12254
12254
12255
12255
12257
12263
12268
12272
12273
12273
12276
12278
12279
12282
12283
12283
12283
12283
12283
12284
12289
12295
12295
12296
12305
12305
12311
12320
12321
12321
12325
12336
12337
12341
12345
12346
12347
12350
12350
12351
12352
12352
12353
12354
12354
12362
12366
12369
12370
12373
12373
12376
12377
12377
12379
12383
12384
12384
12385
12390
12394
12401
12402
12404
12408
12411
12414
12419
12420
12423
12428
12434
12435
12436
12438
12438
12439
12447
12451
12453
12456
12457
12459
12468
12473
12476
12479
12487
12487
12493
12493
12500
12505
12506
12507
12508
12509
12512
12515
12519
12519
12520
12522
12529
12530
12532
12535
12537
12537
12539
12539
12541
12541
12543
12544
12561
12561
12563
12564
12567
12571
12574
12575
12584
12591
12595
12603
12603
12607
12612
12612
12615
12615
12618
12618
12621
12621
12623
12630
12632
12632
12633
12636
12640
12645
12654
12655
12655
12659
12661
12674
12677
12681
12683
12688
12693
12698
12699
12700
12701
12704
12706
12711
12713
12713
12720
12728
12729
12731
12740
12740
12741
12743
12747
12747
12748
12749
12755
12758
12767
12768
12770
12777
12778
12779
12785
12788
12795
12800
12801
12806
12807
12807
12808
12810
12813
12819
12822
12827
12832
12833
12836
12841
12841
12841
12842
12844
12845
12848
12850
12852
12857
12857
12858
12862
12864
12865
12865
12872
12878
12879
12882
12882
12887
12893
12894
12895
12897
12897
12900
12904
12906
12915
12918
12920
12933
12939
12942
12954
12957
12966
12967
12970
12972
12976
12978
12978
12979
12981
12983
12990
12993
12998
12998
12999
13003
13008
13009
13011
13026
13027
13031
13034
13035
13051
13061
13066
13067
13071
13073
13076
13076
13079
13079
13079
13085
13089
13089
13091
13094
13100
13104
13105
13106
13107
13115
13123
13129
13141
13152
13153
13155
13174
13178
13191
13195
13197
13202
13204
13205
13206
13211
13220
13225
13228
13228
13231
13239
13239
13239
13239
13244
13246
13248
13257
13257
13257
13262
13266
13269
13269
13271
13271
13279
13283
13288
13290
13290
13292
13302
13302
13305
13311
13313
13316
13317
13317
13327
13327
13328
13334
13336
13337
13338
13338
13347
13348
13353
13357
13367
13378
13378
13378
13381
13384
13388
13389
13394
13400
13402
13403
13403
13405
13411
13422
13426
13428
13429
13431
13445
13450
13451
13454
13455
13460
13460
13461
13462
13463
13465
13466
13472
13476
13481
13486
13493
13497
13506
13506
13510
13518
13521
13521
13525
13527
13530
13531
13535
13535
13538
13546
13546
13561
13564
13565
13567
13571
13572
13574
13574
13576
13578
13593
13593
13597
13601
13601
13606
13608
13616
13617
13619
13619
13621
13641
13642
13646
13648
13654
13663
13665
13684
13684
13685
13687
13702
13704
13706
13706
13707
13714
13714
13715
13715
13715
13724
13726
13728
13729
13733
13735
13736
13739
13744
13759
13760
13772
13784
13785
13791
13797
13798
13800
13810
13815
13819
13820
13821
13834
13835
13837
13839
13839
13841
13844
13844
13846
13856
13858
13863
13868
13872
13874
13877
13878
13878
13879
13886
13889
13893
13895
13902
13904
13909
13918
13919
13922
13929
13931
13935
13940
13941
13946
13951
13956
13956
13966
13967
13971
13971
13973
13977
13978
13978
13989
13992
13993
13995
13995
14000
14001
14002
14004
14015
14022
14024
14029
14031
14032
14043
14045
14045
14051
14056
14059
14062
14063
14067
14077
14080
14083
14094
14095
14095
14103
14103
14104
14111
14119
14121
14122
14123
14126
14129
14129
14135
14136
14139
14142
14143
14144
14144
14153
14162
14162
14162
14163
14164
14164
14167
14168
14169
14174
14176
14177
14185
14187
14189
14192
14193
14200
14208
14210
14212
14213
14215
14215
14221
14224
14224
14227
14232
14234
14241
14243
14250
14253
14256
14258
14259
14262
14263
14264
14264
14265
14269
14269
14276
14285
14287
14290
14291
14292
14297
14299
14301
14305
14309
14321
14327
14327
14329
14330
14330
14331
14332
14333
14346
14346
14348
14349
14350
14365
14368
14369
14376
14378
14379
14381
14387
14390
14397
14397
14399
14401
14405
14411
14411
14412
14412
14419
14420
14436
14438
14438
14444
14449
14451
14455
14461
14462
14473
14473
14480
14480
14486
14490
14491
14494
14494
14500
14504
14507
14508
14523
14525
14530
14537
14537
14540
14541
14542
14545
14547
14548
14552
14552
14554
14557
14558
14558
14560
14560
14560
14568
14572
14575
14580
14584
14585
14585
14586
14587
14588
14590
14592
14592
14593
14602
14602
14606
14618
14622
14635
14638
14639
14642
14643
14648
14650
14653
14655
14656
14657
14660
14660
14666
14669
14672
14672
14673
14673
14674
14684
14684
14685
14699
14707
14708
14709
14712
14719
14726
14731
14731
14731
14736
14740
14740
14741
14742
14745
14746
14753
14754
14756
14772
14772
14774
14778
14781
14782
14783
14783
14786
14787
14788
14789
14797
14799
14808
14811
14817
14817
14824
14828
14830
14832
14841
14847
14848
14856
14859
14860
14864
14869
14870
14873
14878
14889
14891
14897
14898
14900
14902
14902
14902
14903
14905
14907
14908
14908
14913
14915
14927
14929
14934
14938
14940
14944
14946
14949
14953
14953
14954
14955
14956
14958
14961
14965
14967
14976
14984
14987
14995
15000
15000
15001
15004
15012
15024
15025
15031
15035
15037
15039
15045
15049
15051
15055
15055
15063
15067
15068
15068
15086
15088
15098
15100
15102
15108
15111
15112
15114
15119
15119
15127
15128
15140
15146
15149
15156
15158
15163
15164
15173
15175
15176
15177
15177
15178
15178
15180
15181
15183
15183
15183
15183
15184
15189
15193
15196
15197
15200
15206
15213
15216
15217
15219
15226
15227
15228
15228
15233
15233
15235
15239
15243
15244
15248
15267
15268
15270
15274
15280
15293
15294
15294
15299
15310
15311
15316
15319
15330
15334
15338
15339
15345
15345
15354
15361
15372
15373
15375
15376
15376
15378
15379
15380
15380
15385
15386
15391
15398
15408
15413
15415
15415
15415
15416
15417
15418
15423
15423
15428
15445
15445
15450
15450
15451
15465
15468
15475
15480
15482
15488
15489
15492
15498
15502
15506
15508
15510
15512
15513
15514
15516
15522
15523
15525
15527
15532
15535
15535
15537
15539
15545
15546
15551
15553
15553
15556
15566
15572
15576
15577
15579
15582
15585
15585
15586
15587
15589
15592
15592
15593
15595
15595
15599
15604
15610
15611
15613
15615
15617
15625
15625
15626
15632
15638
15639
15641
15647
15648
15648
15651
15655
15656
15662
15663
15667
15667
15672
15673
15674
15675
15675
15680
15685
15685
15696
15701
15702
15703
15708
15709
15711
15713
15718
15720
15729
15729
15737
15737
15748
15757
15759
15760
15763
15764
15768
15770
15774
15775
15775
15788
15790
15793
15805
15812
15813
15817
15818
15820
15822
15827
15829
15830
15832
15837
15837
15837
15840
15841
15841
15850
15854
15854
15860
15861
15862
15866
15869
15869
15870
15872
15873
15879
15885
15889
15892
15895
15895
15896
15901
15902
15907
15919
15921
15925
15926
15930
15937
15945
15946
15950
15950
15962
15963
15964
15965
15969
15976
15983
15985
15988
15991
15992
15993
16001
16005
16012
16016
16018
16021
16022
16029
16033
16035
16035
16038
16046
16058
16059
16065
16065
16067
16077
16077
16080
16083
16084
16089
16090
16090
16093
16096
16097
16099
16099
16107
16108
16109
16112
16114
16115
16119
16124
16125
16130
16130
16138
16140
16140
16162
16168
16169
16170
16170
16171
16174
16177
16180
16182
16184
16185
16190
16192
16192
16193
16195
16200
16201
16202
16203
16208
16213
16218
16219
16226
16226
16227
16227
16230
16242
16243
16244
16247
16247
16254
16256
16257
16259
16260
16261
16262
16276
16278
16284
16288
16290
16294
16308
16310
16310
16313
16317
16319
16320
16320
16321
16325
16338
16342
16345
16348
16353
16354
16359
16359
16360
16362
16366
16371
16375
16379
16385
16389
16390
16394
16399
16404
16413
16415
16417
16420
16421
16422
16424
16425
16425
16428
16432
16445
16448
16451
16452
16454
16457
16464
16464
16468
16470
16471
16475
16479
16480
16480
16491
16493
16509
16511
16513
16515
16516
16516
16518
16519
16522
16523
16526
16538
16540
16542
16544
16548
16550
16552
16553
16554
16555
16558
16559
16559
16562
16572
16581
16584
16584
16586
16586
16588
16595
16598
16598
16600
16604
16608
16613
16618
16621
16624
16625
16627
16633
16639
16643
16644
16647
16649
16661
16662
16662
16664
16668
16669
16669
16674
16676
16679
16699
16701
16702
16706
16707
16710
16716
16718
16722
16725
16729
16729
16729
16739
16740
16740
16743
16747
16759
16765
16768
16769
16776
16777
16781
16783
16784
16793
16794
16794
16794
16796
16797
16803
16803
16805
16806
16811
16819
16822
16823
16824
16827
16830
16833
16845
16850
16853
16854
16865
16866
16868
16869
16878
16893
16897
16898
16902
16912
16913
16915
16918
16922
16930
16932
16934
16937
16941
16944
16951
16952
16954
16957
16957
16961
16966
16966
16975
16978
16982
16983
16984
16984
16984
16992
16996
17003
17004
17007
17012
17016
17028
17032
17035
17036
17036
17042
17043
17045
17049
17050
17054
17056
17057
17059
17064
17073
17074
17080
17081
17083
17090
17091
17097
17104
17108
17112
17113
17113
17116
17119
17120
17120
17128
17129
17130
17134
17134
17137
17143
17149
17150
17154
17169
17169
17169
17173
17179
17180
17181
17191
17195
17204
17205
17208
17223
17228
17229
17231
17232
17233
17234
17236
17238
17258
17264
17268
17268
17270
17275
17276
17282
17283
17286
17290
17291
17295
17299
17303
17303
17308
17312
17312
17313
17317
17324
17327
17328
17332
17333
17339
17340
17351
17351
17356
17357
17357
17361
17365
17369
17371
17377
17377
17379
17382
17383
17387
17393
17395
17398
17402
17404
17406
17407
17408
17411
17414
17414
17420
17422
17446
17448
17454
17456
17463
17464
17469
17472
17473
17475
17477
17478
17480
17481
17494
17496
17496
17498
17499
17504
17505
17506
17511
17513
17515
17532
17540
17540
17544
17544
17545
17552
17555
17560
17562
17568
17573
17574
17576
17580
17581
17582
17585
17591
17598
17599
17602
17604
17605
17608
17608
17608
17608
17615
17618
17620
17621
17623
17625
17627
17627
17628
17629
17629
17631
17634
17636
17638
17641
17644
17649
17652
17658
17661
17664
17666
17667
17670
17674
17677
17678
17683
17686
17690
17694
17698
17700
17702
17702
17706
17717
17724
17727
17727
17727
17732
17732
17736
17744
17745
17746
17754
17757
17758
17766
17768
17768
17779
17785
17787
17792
17794
17798
17798
17800
17801
17804
17807
17813
17813
17814
17820
17823
17823
17826
17830
17834
17836
17839
17841
17846
17846
17848
17859
17863
17867
17879
17888
17889
17896
17903
17903
17907
17912
17918
17919
17925
17925
17938
17938
17939
17944
17948
17952
17958
17958
17958
17964
17968
17971
17974
17974
17977
17980
17997
17999
18002
18003
18008
18011
18014
18017
18018
18019
18023
18026
18030
18030
18031
18039
18044
18047
18049
18049
18063
18076
18078
18081
18083
18088
18091
18092
18095
18099
18099
18100
18101
18103
18105
18106
18107
18108
18110
18115
18119
18125
18128
18133
18135
18137
18149
18151
18153
18154
18155
18155
18156
18157
18158
18158
18159
18164
18165
18167
18167
18168
18169
18175
18181
18186
18187
18189
18194
18201
18201
18204
18206
18211
18215
18216
18216
18219
18224
18225
18232
18234
18249
18252
18252
18258
18268
18269
18272
18281
18288
18293
18294
18294
18298
18304
18308
18312
18321
18324
18331
18334
18347
18350
18354
18354
18357
18367
18367
18369
18371
18374
18375
18384
18384
18400
18400
18403
18405
18405
18408
18411
18442
18443
18443
18446
18447
18448
18448
18448
18449
18451
18454
18457
18460
18461
18463
18466
18469
18474
18478
18488
18492
18494
18495
18496
18499
18499
18499
18527
18527
18530
18530
18540
18543
18546
18547
18550
18554
18554
18557
18563
18564
18568
18571
18571
18578
18578
18579
18582
18587
18587
18589
18594
18599
18605
18610
18612
18620
18626
18630
18634
18635
18640
18642
18644
18648
18653
18656
18656
18667
18669
18671
18679
18681
18689
18693
18702
18702
18704
18706
18708
18709
18713
18715
18720
18723
18723
18723
18725
18730
18733
18734
18736
18742
18746
18746
18747
18755
18756
18758
18762
18762
18763
18771
18771
18777
18780
18783
18790
18791
18791
18791
18794
18809
18813
18817
18819
18819
18822
18827
18829
18836
18837
18838
18839
18842
18843
18845
18845
18845
18846
18848
18850
18850
18851
18855
18855
18857
18858
18858
18864
18865
18868
18872
18873
18874
18880
18880
18882
18895
18898
18901
18903
18906
18908
18912
18912
18915
18915
18929
18930
18930
18934
18935
18936
18937
18937
18940
18943
18950
18951
18953
18954
18955
18956
18957
18959
18959
18972
18973
18977
18977
18981
18981
18985
18986
18987
18989
18994
18995
18995
18997
18998
18999
19000
19003
19004
19017
19022
19023
19034
19037
19040
19041
19042
19042
19043
19044
19050
19050
19051
19052
19054
19055
19057
19060
19062
19064
19064
19068
19070
19073
19080
19088
19096
19099
19100
19109
19110
19114
19114
19117
19119
19120
19121
19136
19142
19144
19151
19158
19159
19163
19167
19172
19173
19175
19188
19192
19192
19197
19199
19201
19201
19214
19217
19217
19217
19220
19226
19237
19237
19238
19239
19239
19241
19245
19246
19248
19249
19254
19256
19256
19259
19262
19265
19268
19270
19273
19276
19276
19280
19288
19290
19293
19295
19298
19301
19306
19310
19326
19329
19331
19332
19336
19338
19340
19341
19345
19347
19348
19348
19349
19350
19356
19359
19359
19363
19364
19365
19365
19368
19376
19378
19379
19382
19384
19385
19390
19400
19400
19403
19403
19405
19409
19416
19418
19421
19429
19430
19434
19437
19442
19447
19451
19454
19461
19463
19466
19471
19473
19488
19493
19493
19496
19496
19502
19505
19505
19510
19513
19514
19517
19520
19520
19526
19527
19528
19532
19538
19539
19542
19542
19543
19545
19550
19555
19556
19557
19558
19561
19564
19565
19567
19568
19579
19579
19583
19584
19595
19603
19611
19613
19632
19642
19642
19647
19656
19667
19667
19669
19671
19672
19676
19682
19694
19695
19697
19704
19707
19713
19716
19718
19719
19720
19720
19721
19725
19730
19732
19733
19735
19747
19750
19755
19756
19757
19758
19765
19780
19781
19789
19791
19797
19800
19804
19810
19810
19812
19814
19818
19823
19826
19832
19832
19835
19837
19842
19846
19846
19852
19852
19853
19855
19856
19857
19861
19866
19867
19872
19876
19888
19890
19899
19901
19906
19924
19928
19928
19932
19934
19935
19936
19938
19946
19951
19959
19962
19963
19969
19970
19978
19979
19983
19984
19991
19995
19995
19997
20000
20008
20008
20010
20028
20029
20031
20034
20040
20042
20056
20069
20071
20073
20080
20081
20083
20089
20092
20110
20112
20112
20117
20123
20127
20128
20137
20139
20140
20141
20146
20148
20154
20162
20164
20166
20170
20175
20180
20183
20183
20187
20194
20197
20199
20204
20206
20213
20215
20216
20216
20221
20226
20226
20227
20232
20234
20236
20243
20243
20254
20256
20262
20264
20264
20264
20267
20270
20278
20289
20293
20299
20300
20316
20321
20322
20325
20337
20340
20342
20343
20346
20355
20355
20356
20358
20358
20363
20363
20367
20372
20374
20376
20376
20377
20378
20379
20382
20390
20402
20405
20406
20409
20412
20413
20413
20414
20420
20428
20433
20434
20434
20440
20441
20459
20459
20461
20463
20463
20464
20465
20466
20468
20468
20468
20475
20476
20480
20484
20485
20487
20490
20490
20493
20493
20494
20497
20502
20503
20504
20507
20507
20512
20516
20525
20526
20531
20533
20538
20538
20551
20555
20558
20567
20568
20569
20572
20575
20584
20586
20591
20593
20595
20596
20600
20602
20605
20608
20615
20617
20619
20621
20622
20623
20624
20625
20628
20632
20635
20635
20636
20664
20665
20674
20674
20675
20675
20686
20688
20689
20690
20693
20697
20697
20712
20714
20714
20716
20717
20718
20720
20721
20728
20728
20731
20735
20738
20741
20752
20753
20756
20757
20762
20763
20775
20776
20778
20787
20791
20799
20806
20810
20810
20815
20816
20817
20821
20821
20821
20824
20828
20831
20841
20846
20846
20848
20850
20851
20852
20860
20864
20864
20870
20871
20871
20888
20889
20891
20891
20894
20897
20900
20903
20903
20905
20907
20909
20910
20910
20914
20921
20923
20923
20925
20926
20926
20937
20937
20949
20950
20952
20956
20960
20963
20970
20971
20971
20979
20980
20983
20984
20988
20991
20993
20999
21000
21001
21002
21003
21004
21005
21010
21018
21024
21029
21032
21040
21045
21058
21060
21072
21072
21074
21079
21079
21079
21084
21096
21097
21108
21112
21121
21122
21127
21130
21132
21136
21137
21139
21139
21142
21146
21147
21160
21161
21161
21164
21171
21174
21176
21181
21183
21185
21189
21191
21194
21197
21202
21202
21207
21209
21212
21213
21215
21216
21217
21219
21221
21223
21227
21228
21228
21231
21233
21237
21242
21243
21247
21251
21252
21256
21257
21258
21264
21270
21270
21271
21273
21277
21278
21279
21284
21284
21289
21293
21293
21293
21300
21304
21307
21309
21310
21317
21318
21321
21321
21325
21330
21333
21337
21338
21343
21363
21365
21378
21381
21383
21384
21384
21391
21393
21393
21394
21396
21399
21400
21401
21408
21411
21413
21415
21416
21417
21419
21420
21424
21428
21429
21431
21434
21437
21442
21442
21444
21447
21448
21448
21452
21452
21459
21460
21462
21471
21474
21479
21481
21483
21486
21492
21496
21497
21502
21502
21502
21503
21505
21516
21520
21521
21523
21523
21530
21532
21540
21546
21548
21551
21552
21554
21556
21558
21559
21559
21562
21563
21564
21568
21569
21570
21577
21579
21580
21594
21594
21603
21603
21606
21607
21608
21614
21617
21618
21618
21620
21624
21633
21646
21646
21657
21657
21661
21665
21675
21682
21683
21686
21688
21693
21710
21715
21718
21723
21739
21740
21742
21745
21748
21750
21751
21752
21753
21754
21761
21761
21762
21765
21771
21779
21780
21783
21789
21790
21790
21792
21797
21801
21801
21801
21802
21811
21815
21820
21822
21824
21829
21836
21836
21839
21839
21840
21844
21845
21852
21852
21852
21854
21854
21859
21861
21863
21867
21868
21877
21877
21889
21894
21898
21900
21909
21910
21912
21917
21923
21926
21930
21931
21933
21933
21936
21937
21937
21939
21940
21954
21959
21959
21961
21963
21963
21971
21973
21973
21976
21980
21983
21988
21995
21996
22002
22007
22013
22017
22021
22023
22023
22023
22023
22026
22032
22032
22035
22036
22040
22040
22049
22051
22052
22055
22062
22063
22066
22071
22072
22077
22079
22080
22082
22087
22089
22090
22094
22097
22100
22101
22104
22105
22111
22113
22113
22116
22120
22124
22126
22130
22137
22140
22144
22146
22149
22151
22166
22169
22170
22177
22178
22180
22183
22183
22195
22197
22201
22204
22208
22209
22209
22214
22214
22236
22237
22243
22246
22259
22269
22269
22271
22272
22273
22274
22278
22281
22281
22283
22287
22287
22289
22290
22293
22293
22302
22303
22304
22306
22310
22312
22316
22317
22319
22322
22325
22326
22327
22327
22330
22332
22334
22334
22334
22335
22340
22341
22341
22349
22357
22358
22364
22364
22373
22378
22383
22386
22392
22394
22397
22399
22400
22400
22406
22406
22410
22410
22411
22416
22417
22417
22418
22423
22423
22424
22428
22429
22439
22458
22459
22472
22472
22483
22493
22497
22499
22499
22500
22501
22502
22505
22519
22523
22531
22533
22541
22541
22544
22551
22553
22554
22555
22561
22562
22564
22568
22571
22574
22578
22578
22578
22578
22579
22582
22583
22583
22587
22587
22592
22593
22596
22599
22603
22606
22615
22626
22629
22629
22631
22638
22639
22640
22641
22650
22650
22654
22660
22660
22664
22666
22668
22670
22672
22673
22673
22674
22676
22683
22688
22688
22694
22695
22703
22712
22715
22716
22722
22732
22732
22733
22736
22738
22741
22741
22742
22744
22751
22751
22752
22755
22756
22760
22761
22765
22772
22776
22777
22778
22792
22800
22802
22808
22812
22815
22817
22818
22818
22820
22822
22827
22828
22829
22829
22829
22840
22845
22848
22849
22858
22860
22870
22874
22875
22877
22881
22883
22884
22885
22889
22892
22896
22899
22899
22902
22903
22906
22907
22913
22913
22914
22914
22924
22924
22929
22931
22933
22935
22937
22943
22943
22944
22946
22956
22971
22978
22979
22988
22992
22995
23008
23011
23011
23016
23019
23021
23035
23039
23040
23046
23050
23053
23054
23056
23056
23064
23073
23081
23089
23092
23099
23107
23114
23115
23119
23120
23120
23122
23122
23124
23129
23129
23132
23139
23144
23149
23149
23150
23151
23151
23155
23157
23160
23160
23164
23166
23172
23173
23174
23178
23181
23182
23183
23184
23189
23192
23197
23202
23209
23210
23210
23211
23212
23218
23218
23219
23221
23224
23235
23236
23241
23246
23248
23255
23265
23274
23280
23283
23299
23305
23306
23309
23315
23315
23316
23322
23323
23332
23339
23347
23347
23347
23350
23354
23355
23359
23365
23367
23370
23371
23372
23374
23380
23383
23383
23383
23387
23388
23389
23399
23403
23404
23405
23406
23408
23409
23422
23425
23428
23428
23429
23430
23436
23438
23442
23443
23443
23444
23445
23447
23455
23457
23464
23464
23465
23466
23467
23469
23469
23476
23478
23480
23482
23485
23485
23485
23486
23490
23491
23492
23495
23500
23502
23504
23512
23521
23523
23524
23530
23530
23532
23549
23550
23552
23554
23559
23560
23568
23569
23584
23591
23592
23592
23593
23594
23596
23599
23602
23603
23607
23613
23615
23618
23620
23629
23633
23635
23641
23643
23643
23644
23645
23653
23656
23661
23664
23666
23672
23676
23678
23678
23683
23698
23705
23706
23709
23710
23715
23717
23719
23722
23729
23732
23734
23739
23740
23742
23743
23745
23746
23748
23751
23752
23757
23760
23761
23766
23770
23773
23782
23783
23791
23793
23798
23799
23800
23803
23804
23804
23805
23807
23823
23829
23836
23838
23840
23845
23852
23853
23853
23857
23859
23859
23860
23867
23868
23869
23871
23881
23882
23891
23891
23892
23894
23898
23901
23902
23906
23907
23910
23913
23914
23916
23918
23919
23920
23922
23923
23928
23930
23932
23940
23940
23942
23954
23965
23971
23972
23972
23973
23983
23983
23984
23996
23999
23999
24000
24000
24001
24009
24009
24010
24013
24014
24014
24016
24023
24031
24031
24032
24036
24041
24043
24043
24045
24047
24049
24049
24052
24059
24062
24063
24063
24065
24078
24079
24083
24084
24085
24085
24085
24085
24085
24087
24088
24088
24090
24090
24099
24100
24105
24105
24110
24110
24114
24118
24120
24123
24124
24128
24129
24136
24139
24139
24143
24144
24145
24145
24148
24149
24155
24161
24161
24168
24168
24169
24171
24180
24183
24199
24202
24211
24214
24219
24220
24221
24221
24221
24225
24225
24229
24230
24233
24239
24241
24242
24248
24248
24254
24260
24266
24270
24270
24286
24295
24297
24297
24305
24306
24313
24331
24331
24333
24340
24341
24344
24346
24346
24349
24356
24357
24358
24361
24366
24372
24373
24375
24375
24384
24385
24392
24394
24411
24411
24415
24416
24417
24420
24422
24423
24424
24426
24427
24427
24428
24430
24432
24435
24451
24454
24454
24455
24455
24457
24460
24462
24462
24466
24469
24476
24480
24484
24488
24489
24491
24491
24492
24492
24500
24503
24513
24517
24518
24524
24531
24535
24538
24538
24541
24543
24545
24556
24556
24557
24558
24559
24559
24563
24564
24583
24584
24588
24588
24592
24597
24602
24604
24605
24609
24615
24616
24618
24618
24621
24622
24625
24628
24630
24633
24637
24643
24649
24652
24652
24660
24670
24671
24681
24685
24687
24687
24692
24701
24702
24712
24713
24717
24723
24726
24727
24727
24729
24729
24735
24736
24736
24737
24738
24743
24744
24749
24750
24751
24751
24752
24754
24758
24758
24765
24768
24772
24776
24781
24783
24783
24784
24785
24786
24788
24800
24803
24807
24813
24814
24816
24818
24821
24837
24844
24855
24865
24869
24874
24874
24875
24876
24879
24882
24885
24887
24896
24901
24903
24907
24913
24920
24920
24920
24923
24925
24928
24929
24932
24934
24934
24936
24937
24942
24943
24945
24952
24955
24961
24965
24967
24967
24967
24968
24969
24969
24970
24972
24976
24976
24978
24980
24982
24982
24984
24986
24990
24994
24996
25003
25006
25010
25011
25016
25017
25022
25025
25026
25030
25030
25036
25039
25043
25046
25048
25048
25054
25057
25058
25059
25063
25068
25069
25081
25086
25089
25094
25095
25108
25108
25111
25113
25118
25124
25130
25131
25135
25138
25143
25148
25150
25152
25156
25160
25160
25167
25173
25175
25177
25179
25184
25186
25190
25199
25199
25199
25200
25203
25205
25206
25209
25211
25216
25223
25223
25227
25227
25228
25232
25232
25232
25234
25243
25244
25247
25254
25256
25260
25260
25265
25272
25272
25273
25275
25276
25304
25306
25321
25322
25327
25330
25332
25334
25339
25339
25340
25341
25341
25342
25346
25348
25348
25356
25357
25363
25364
25373
25377
25378
25380
25387
25388
25388
25389
25390
25395
25399
25401
25401
25404
25406
25414
25421
25424
25427
25429
25430
25432
25432
25435
25443
25445
25449
25450
25454
25460
25463
25469
25472
25478
25480
25485
25487
25487
25489
25491
25492
25493
25499
25505
25507
25508
25509
25510
25511
25514
25517
25518
25523
25526
25527
25528
25533
25534
25536
25537
25539
25542
25542
25542
25542
25543
25545
25546
25552
25553
25553
25558
25559
25561
25562
25562
25567
25570
25574
25581
25583
25587
25594
25596
25597
25599
25600
25601
25604
25605
25618
25621
25628
25638
25644
25644
25644
25645
25649
25651
25657
25658
25660
25661
25665
25669
25670
25671
25672
25677
25680
25681
25687
25687
25691
25692
25696
25696
25697
25698
25698
25698
25700
25701
25707
25717
25718
25721
25725
25725
25726
25741
25743
25746
25747
25751
25755
25760
25761
25761
25776
25776
25779
25788
25790
25796
25797
25797
25798
25799
25801
25803
25808
25816
25818
25819
25825
25825
25825
25834
25836
25839
25848
25852
25853
25855
25856
25858
25858
25860
25866
25867
25870
25871
25872
25873
25874
25876
25879
25879
25881
25882
25883
25883
25887
25890
25893
25894
25898
25904
25908
25910
25910
25915
25925
25927
25932
25933
25937
25939
25941
25946
25947
25948
25950
25951
25953
25953
25957
25958
25961
25966
25968
25971
25976
25979
25981
25986
25990
25994
25997
26010
26011
26014
26016
26021
26024
26024
26024
26028
26029
26031
26031
26034
26037
26039
26043
26045
26046
26051
26052
26052
26059
26074
26080
26085
26086
26088
26090
26098
26098
26099
26102
26103
26104
26111
26113
26115
26121
26127
26129
26136
26139
26139
26139
26142
26146
26148
26154
26156
26160
26160
26160
26160
26170
26171
26173
26177
26181
26185
26192
26208
26208
26209
26210
26211
26213
26216
26218
26221
26223
26224
26227
26228
26228
26229
26229
26231
26234
26256
26257
26259
26269
26271
26275
26277
26284
26284
26284
26287
26290
26291
26293
26294
26297
26301
26301
26302
26309
26311
26312
26318
26319
26320
26322
26323
26323
26325
26330
26331
26331
26332
26335
26335
26336
26340
26340
26344
26347
26355
26355
26356
26356
26361
26362
26369
26370
26376
26388
26391
26401
26404
26405
26406
26411
26417
26417
26419
26420
26421
26432
26434
26442
26443
26443
26443
26445
26446
26451
26453
26454
26458
26462
26462
26468
26471
26474
26478
26481
26483
26487
26491
26502
26507
26507
26508
26509
26520
26520
26526
26526
26526
26529
26533
26541
26541
26543
26559
26565
26565
26565
26567
26576
26578
26579
26589
26597
26600
26609
26615
26616
26617
26622
26624
26626
26627
26628
26630
26631
26632
26638
26640
26641
26647
26652
26653
26653
26664
26667
26671
26671
26671
26677
26677
26680
26684
26684
26685
26686
26693
26697
26700
26707
26718
26719
26719
26720
26720
26722
26724
26728
26731
26731
26746
26749
26750
26751
26752
26752
26753
26753
26755
26760
26763
26776
26778
26781
26782
26783
26784
26784
26793
26793
26803
26811
26815
26823
26824
26824
26826
26826
26826
26827
26830
26835
26837
26839
26840
26841
26842
26849
26855
26857
26858
26860
26860
26868
26876
26876
26878
26884
26888
26888
26891
26892
26893
26893
26894
26898
26899
26903
26905
26910
26917
26919
26929
26930
26932
26947
26952
26956
26958
26960
26961
26961
26962
26963
26966
26974
26978
26984
26987
26987
26997
26998
27001
27008
27010
27024
27025
27032
27036
27038
27046
27052
27053
27068
27069
27079
27082
27089
27091
27096
27096
27100
27102
27103
27104
27115
27115
27116
27120
27121
27123
27127
27135
27137
27149
27151
27158
27161
27161
27164
27167
27175
27176
27179
27180
27184
27189
27199
27200
27205
27207
27213
27220
27222
27226
27229
27232
27234
27238
27243
27244
27249
27250
27251
27256
27256
27263
27265
27266
27267
27271
27273
27274
27276
27277
27281
27283
27283
27292
27295
27303
27304
27306
27308
27322
27324
27324
27326
27327
27330
27331
27332
27341
27341
27343
27344
27346
27347
27348
27353
27358
27368
27370
27370
27382
27390
27391
27392
27397
27404
27410
27415
27420
27423
27424
27426
27430
27433
27438
27445
27446
27448
27463
27466
27466
27466
27466
27467
27470
27471
27481
27481
27486
27486
27489
27493
27496
27499
27500
27501
27511
27512
27514
27519
27523
27523
27531
27531
27533
27540
27546
27549
27550
27552
27553
27555
27558
27561
27562
27566
27572
27577
27583
27586
27599
27600
27602
27604
27609
27610
27612
27614
27620
27632
27632
27632
27635
27635
27639
27640
27641
27654
27655
27655
27656
27657
27664
27673
27676
27677
27681
27683
27688
27691
27705
27706
27708
27713
27714
27716
27717
27718
27723
27723
27725
27731
27732
27734
27734
27744
27753
27756
27756
27756
27760
27760
27762
27762
27762
27763
27763
27771
27771
27771
27774
27775
27776
27777
27780
27784
27786
27787
27788
27795
27799
27807
27816
27822
27833
27841
27843
27848
27850
27855
27858
27860
27861
27863
27866
27866
27878
27881
27884
27888
27890
27893
27896
27898
27899
27904
27907
27910
27912
27913
27918
27920
27921
27923
27924
27926
27928
27930
27931
27932
27933
27936
27938
27941
27942
27943
27949
27952
27953
27955
27964
27964
27970
27973
27973
27979
27980
27981
27993
27994
27998
28001
28001
28001
28003
28009
28010
28010
28011
28013
28014
28014
28014
28014
28016
28019
28024
28026
28027
28029
28031
28033
28045
28046
28046
28053
28053
28054
28056
28056
28056
28057
28060
28061
28062
28063
28065
28065
28069
28070
28070
28072
28074
28078
28080
28082
28083
28090
28102
28106
28106
28115
28118
28119
28119
28123
28125
28133
28133
28138
28138
28140
28144
28147
28147
28150
28150
28151
28154
28157
28159
28163
28172
28176
28177
28177
28181
28182
28185
28187
28188
28190
28191
28191
28195
28198
28201
28201
28204
28204
28206
28216
28216
28217
28219
28220
28223
28224
28224
28237
28241
28243
28243
28258
28259
28260
28264
28267
28276
28276
28276
28278
28278
28281
28281
28284
28284
28286
28293
28296
28318
28320
28324
28324
28326
28326
28328
28328
28335
28335
28336
28338
28338
28342
28348
28365
28366
28368
28368
28379
28384
28390
28398
28416
28417
28419
28420
28421
28421
28421
28423
28424
28425
28425
28432
28435
28438
28439
28440
28441
28442
28445
28454
28456
28458
28461
28461
28463
28469
28473
28478
28492
28494
28495
28496
28498
28500
28500
28505
28507
28515
28516
28516
28518
28518
28520
28523
28531
28538
28538
28539
28540
28544
28551
28555
28561
28561
28562
28563
28565
28570
28574
28585
28592
28596
28596
28599
28600
28605
28610
28618
28625
28630
28633
28633
28636
28636
28638
28638
28644
28647
28648
28651
28665
28669
28669
28671
28675
28678
28678
28682
28690
28694
28704
28705
28708
28716
28718
28721
28727
28728
28729
28731
28731
28740
28741
28741
28745
28748
28750
28752
28752
28756
28758
28759
28771
28772
28772
28774
28776
28782
28786
28791
28792
28794
28797
28797
28799
28814
28815
28815
28825
28825
28832
28833
28836
28840
28849
28849
28852
28856
28856
28856
28856
28856
28858
28860
28862
28864
28865
28866
28868
28868
28870
28871
28878
28881
28883
28884
28885
28889
28893
28893
28896
28906
28912
28913
28914
28914
28925
28927
28927
28928
28935
28940
28947
28952
28960
28968
28970
28974
28979
28983
28985
28986
28987
28996
28996
28996
29005
29011
29013
29014
29014
29015
29016
29020
29025
29027
29029
29030
29041
29042
29043
29046
29049
29054
29056
29061
29063
29064
29072
29092
29094
29097
29104
29105
29109
29114
29118
29119
29123
29124
29126
29127
29134
29135
29136
29136
29137
29141
29144
29154
29157
29162
29167
29171
29173
29173
29178
29180
29181
29183
29185
29185
29186
29187
29198
29199
29201
29203
29211
29213
29214
29214
29214
29215
29217
29218
29219
29222
29225
29233
29244
29247
29252
29257
29257
29260
29262
29262
29270
29274
29277
29278
29278
29279
29291
29296
29298
29298
29301
29304
29307
29312
29312
29314
29314
29319
29321
29322
29322
29331
29338
29342
29343
29349
29350
29358
29368
29371
29385
29388
29388
29393
29396
29398
29400
29401
29403
29405
29406
29408
29413
29415
29419
29423
29427
29430
29433
29433
29434
29434
29437
29441
29442
29445
29446
29452
29454
29456
29456
29457
29460
29464
29469
29469
29470
29472
29478
29478
29479
29481
29485
29486
29494
29497
29498
29506
29508
29510
29510
29513
29513
29513
29516
29517
29517
29519
29520
29523
29530
29531
29534
29536
29538
29544
29548
29548
29548
29550
29552
29552
29553
29557
29559
29562
29563
29563
29568
29571
29571
29573
29577
29578
29580
29589
29589
29592
29598
29602
29602
29603
29603
29606
29613
29614
29619
29635
29635
29637
29637
29639
29647
29652
29654
29661
29666
29666
29668
29670
29677
29677
29678
29683
29684
29684
29686
29686
29688
29694
29695
29702
29703
29704
29705
29706
29715
29716
29724
29731
29732
29733
29737
29737
29739
29740
29744
29746
29751
29753
29754
29754
29756
29761
29762
29765
29768
29769
29770
29772
29775
29780
29781
29781
29786
29793
29797
29798
29798
29799
29800
29800
29800
29801
29802
29802
29805
29816
29817
29825
29829
29834
29836
29840
29841
29842
29846
29847
29848
29848
29850
29852
29853
29863
29863
29865
29872
29873
29875
29890
29892
29897
29911
29912
29914
29916
29917
29918
29920
29924
29926
29928
29934
29935
29938
29942
29951
29951
29951
29955
29956
29957
29964
29975
29986
29996
29996
30000
30003
30012
30023
30039
30046
30048
30048
30059
30061
30062
30063
30065
30065
30082
30083
30085
30089
30093
30104
30108
30109
30112
30117
30127
30128
30130
30132
30133
30136
30138
30146
30147
30151
30153
30161
30167
30170
30177
30185
30192
30194
30194
30194
30197
30209
30210
30210
30211
30212
30212
30214
30219
30223
30235
30236
30247
30253
30254
30257
30262
30264
30266
30273
30273
30278
30280
30287
30288
30294
30302
30303
30313
30315
30316
30317
30317
30323
30324
30325
30329
30330
30332
30337
30339
30340
30346
30347
30347
30348
30349
30357
30361
30367
30369
30369
30370
30378
30380
30384
30388
30391
30393
30395
30397
30398
30400
30403
30414
30427
30429
30430
30434
30436
30444
30447
30447
30449
30458
30466
30470
30472
30475
30480
30484
30484
30485
30493
30499
30499
30501
30509
30511
30518
30521
30522
30527
30534
30535
30535
30535
30537
30540
30542
30543
30544
30550
30550
30552
30561
30568
30569
30571
30572
30572
30582
30583
30587
30590
30592
30594
30595
30599
30601
30609
30610
30612
30618
30618
30619
30623
30625
30626
30627
30628
30629
30630
30633
30642
30642
30643
30646
30648
30651
30653
30653
30656
30657
30665
30666
30669
30671
30672
30679
30683
30684
30685
30687
30688
30690
30692
30693
30696
30697
30698
30698
30702
30708
30713
30727
30732
30735
30736
30740
30744
30748
30756
30756
30759
30762
30769
30769
30770
30772
30774
30776
30779
30785
30786
30794
30797
30798
30804
30811
30815
30815
30819
30829
30833
30834
30837
30838
30839
30845
30850
30853
30856
30857
30857
30861
30866
30874
30877
30890
30902
30905
30906
30908
30912
30919
30919
30921
30922
30929
30929
30932
30934
30941
30946
30946
30958
30958
30959
30962
30962
30968
30969
30973
30974
30985
30989
30989
30990
30994
31003
31004
31005
31009
31018
31026
31031
31031
31036
31048
31048
31048
31052
31056
31056
31058
31059
31064
31076
31089
31097
31098
31103
31108
31113
31113
31114
31116
31120
31123
31123
31125
31130
31132
31135
31143
31147
31150
31151
31152
31152
31154
31168
31169
31170
31171
31177
31178
31179
31179
31180
31187
31193
31193
31202
31205
31206
31209
31209
31213
31215
31223
31226
31233
31235
31236
31239
31249
31258
31259
31261
31261
31264
31264
31268
31269
31272
31274
31280
31280
31286
31291
31292
31296
31305
31306
31309
31322
31325
31326
31328
31331
31341
31342
31342
31345
31350
31351
31353
31355
31355
31355
31363
31363
31364
31365
31366
31367
31369
31379
31379
31381
31381
31387
31390
31392
31392
31393
31394
31398
31404
31404
31404
31405
31406
31407
31411
31412
31413
31416
31419
31425
31430
31433
31433
31436
31440
31440
31443
31446
31450
31460
31462
31463
31472
31476
31483
31485
31488
31490
31495
31498
31499
31502
31503
31511
31518
31518
31521
31523
31523
31524
31525
31540
31540
31544
31546
31550
31556
31559
31561
31564
31566
31578
31584
31586
31592
31597
31599
31618
31620
31623
31626
31626
31633
31635
31638
31638
31641
31641
31644
31649
31650
31652
31658
31660
31660
31661
31663
31663
31667
31671
31678
31684
31684
31687
31694
31698
31700
31704
31706
31719
31719
31720
31726
31729
31730
31732
31736
31737
31738
31742
31750
31752
31754
31756
31756
31757
31764
31766
31776
31784
31785
31792
31797
31799
31816
31821
31822
31822
31826
31834
31836
31837
31840
31840
31842
31843
31847
31853
31855
31869
31871
31873
31873
31883
31885
31888
31889
31895
31898
31906
31910
31916
31921
31929
31936
31943
31951
31960
31962
31963
31964
31965
31966
31970
31971
31972
31977
31989
31989
31990
31991
31993
31995
31995
32004
32006
32007
32007
32015
32024
32025
32025
32028
32031
32031
32036
32040
32046
32047
32049
32054
32058
32061
32063
32071
32072
32074
32075
32075
32078
32084
32084
32092
32094
32097
32097
32105
32110
32111
32118
32127
32133
32135
32140
32141
32141
32146
32149
32153
32157
32160
32172
32178
32179
32179
32182
32184
32184
32190
32197
32213
32217
32217
32224
32227
32227
32230
32235
32238
32244
32248
32257
32261
32265
32267
32267
32273
32274
32275
32281
32283
32285
32287
32288
32289
32291
32293
32294
32298
32300
32302
32306
32307
32310
32316
32316
32319
32320
32327
32328
32328
32331
32333
32340
32343
32363
32364
32366
32369
32370
32372
32374
32376
32379
32384
32392
32394
32397
32399
32400
32405
32409
32412
32418
32430
32430
32431
32433
32437
32444
32445
32447
32447
32450
32451
32468
32472
32473
32482
32483
32483
32484
32486
32494
32496
32502
32502
32505
32507
32507
32512
32516
32518
32529
32531
32535
32541
32544
32545
32550
32552
32556
32558
32558
32561
32561
32578
32585
32590
32591
32604
32605
32607
32612
32612
32613
32615
32616
32619
32620
32624
32627
32629
32634
32635
32636
32639
32644
32649
32652
32654
32660
32661
32673
32675
32678
32680
32685
32686
32689
32690
32695
32702
32703
32717
32720
32721
32722
32724
32725
32726
32728
32729
32729
32733
32736
32737
32737
32739
32739
32746
32746
32747
32747
32749
32755
32757
32762
