10000
4
1
0
3
2
29
6
5
8
9
7
11
12
13
10
15
16
14
18
17
20
21
22
19
24
23
26
27
28
25
34
31
30
33
32
344
36
35
38
39
37
41
42
43
40
45
46
44
48
47
50
51
52
49
54
53
56
57
55
59
60
61
58
63
64
62
66
65
68
69
70
67
72
73
71
75
74
77
78
79
76
81
80
83
84
82
86
87
88
85
90
91
89
93
92
95
96
97
94
99
100
98
102
103
101
105
106
107
104
109
110
108
112
111
114
115
116
113
118
117
120
121
119
123
124
125
122
127
128
126
130
129
132
133
134
131
136
137
135
139
140
141
138
143
144
145
142
147
146
149
150
148
152
153
154
151
156
157
155
159
158
161
162
163
160
165
166
164
168
169
167
171
172
173
170
175
176
174
178
177
180
181
182
179
184
183
186
187
188
185
190
189
192
193
191
195
196
197
194
199
200
198
202
201
204
205
206
203
208
209
207
211
212
213
210
215
216
217
214
219
220
221
218
223
224
222
226
227
228
225
230
231
232
229
234
235
233
237
238
239
236
241
242
243
240
245
246
244
248
249
250
247
252
253
251
255
254
257
258
259
256
261
262
260
264
265
263
267
268
269
266
271
272
270
274
273
276
277
278
275
280
281
279
283
284
285
282
287
288
289
286
291
292
293
290
295
296
294
298
299
297
301
302
303
300
305
306
304
308
307
310
311
312
309
314
313
316
317
315
319
320
321
318
323
324
322
326
325
328
329
330
327
332
333
331
335
334
337
338
339
336
341
342
343
340
379
346
345
348
349
347
351
352
353
350
355
356
354
358
357
360
361
362
359
364
365
363
367
368
369
366
371
372
370
374
373
376
377
378
375
384
381
380
383
382
414
385
387
388
389
386
391
392
390
394
395
396
393
398
399
400
397
402
403
401
405
406
407
404
409
408
411
412
413
410
1894
416
417
415
419
420
418
422
423
424
421
426
427
425
429
428
431
432
433
430
435
436
437
434
439
440
438
442
443
444
441
446
447
445
449
450
451
448
453
454
455
452
457
458
456
460
461
462
459
464
463
466
467
468
465
470
471
469
473
474
472
476
477
478
475
480
481
479
483
482
485
486
487
484
489
488
491
492
490
494
495
496
493
498
499
497
501
500
503
504
505
502
507
508
509
506
511
510
513
514
515
512
517
518
516
520
521
519
523
524
525
522
527
528
526
530
529
532
533
534
531
536
537
535
539
540
541
538
543
544
542
546
545
548
549
550
547
552
553
554
551
556
557
558
555
560
561
559
563
564
565
562
567
568
569
566
571
572
570
574
575
576
573
578
577
580
581
582
579
584
583
586
587
585
589
590
591
588
593
594
592
596
595
598
599
600
597
602
603
601
605
604
607
608
606
610
611
609
613
614
615
612
617
618
616
620
619
622
623
624
621
626
627
625
629
630
631
628
633
634
635
632
637
638
639
636
641
642
640
644
645
646
643
648
649
650
647
652
653
651
655
656
657
654
659
658
661
662
663
660
665
666
667
664
669
670
671
668
673
674
672
676
677
678
675
680
681
682
679
684
685
683
687
688
689
686
691
690
693
694
695
692
697
698
696
700
701
699
703
704
705
702
707
708
706
710
709
712
713
714
711
716
715
718
719
720
717
722
721
724
725
723
727
728
729
726
731
732
730
734
733
736
737
738
735
740
741
739
743
744
742
746
747
748
745
750
751
749
753
752
755
756
757
754
759
758
761
762
763
760
765
764
767
768
766
770
771
772
769
774
775
773
777
776
779
780
781
778
783
784
782
786
787
788
785
790
791
792
789
794
795
793
797
798
799
796
801
802
803
800
805
806
804
808
809
810
807
812
813
811
815
814
817
818
819
816
821
822
820
824
825
823
827
828
829
826
831
832
830
834
833
836
837
838
835
840
841
839
843
844
845
842
847
848
849
846
851
852
853
850
855
856
857
854
859
858
861
862
863
860
865
866
867
864
869
870
871
868
873
874
872
876
877
878
875
880
881
882
879
884
885
883
887
888
889
886
891
890
893
894
895
892
897
898
896
900
901
902
899
904
905
906
903
908
909
907
911
912
913
910
915
916
917
914
919
920
918
922
923
924
921
926
927
925
929
928
931
932
933
930
935
936
934
938
939
937
941
942
943
940
945
946
944
948
947
950
951
952
949
954
955
953
957
958
959
956
961
962
963
960
965
966
967
964
969
970
968
972
973
971
975
976
977
974
979
980
978
982
981
984
985
986
983
988
989
990
987
992
993
991
995
996
997
994
999
1000
998
1002
1003
1004
1001
1006
1007
1008
1005
1010
1011
1009
1013
1014
1015
1012
1017
1016
1019
1020
1021
1018
1023
1024
1022
1026
1027
1025
1029
1030
1031
1028
1033
1034
1032
1036
1035
1038
1039
1040
1037
1042
1043
1041
1045
1046
1047
1044
1049
1050
1048
1052
1051
1054
1055
1056
1053
1058
1059
1060
1057
1062
1063
1064
1061
1066
1067
1065
1069
1070
1071
1068
1073
1074
1075
1072
1077
1078
1076
1080
1081
1082
1079
1084
1083
1086
1087
1088
1085
1090
1089
1092
1093
1091
1095
1096
1097
1094
1099
1100
1098
1102
1101
1104
1105
1106
1103
1108
1109
1107
1111
1112
1110
1114
1115
1116
1113
1118
1119
1117
1121
1120
1123
1124
1125
1122
1127
1126
1129
1130
1128
1132
1133
1134
1131
1136
1137
1135
1139
1138
1141
1142
1143
1140
1145
1146
1147
1144
1149
1150
1148
1152
1153
1154
1151
1156
1157
1155
1159
1158
1161
1162
1163
1160
1165
1166
1167
1164
1169
1170
1168
1172
1173
1174
1171
1176
1177
1175
1179
1180
1181
1178
1183
1184
1185
1182
1187
1188
1186
1190
1191
1192
1189
1194
1193
1196
1197
1198
1195
1200
1201
1199
1203
1204
1202
1206
1207
1208
1205
1210
1211
1209
1213
1212
1215
1216
1217
1214
1219
1220
1218
1222
1223
1221
1225
1226
1227
1224
1229
1230
1228
1232
1231
1234
1235
1236
1233
1238
1237
1240
1241
1239
1243
1244
1245
1242
1247
1248
1246
1250
1249
1252
1253
1254
1251
1256
1257
1255
1259
1258
1261
1262
1263
1260
1265
1266
1267
1264
1269
1270
1268
1272
1273
1274
1271
1276
1277
1275
1279
1280
1281
1278
1283
1284
1285
1282
1287
1288
1286
1290
1289
1292
1293
1291
1295
1296
1297
1294
1299
1300
1298
1302
1301
1304
1305
1306
1303
1308
1309
1307
1311
1312
1310
1314
1315
1316
1313
1318
1319
1317
1321
1320
1323
1324
1325
1322
1327
1328
1329
1326
1331
1332
1330
1334
1335
1336
1333
1338
1339
1337
1341
1342
1343
1340
1345
1346
1347
1344
1349
1350
1348
1352
1353
1354
1351
1356
1355
1358
1359
1360
1357
1362
1363
1361
1365
1366
1364
1368
1369
1370
1367
1372
1373
1371
1375
1374
1377
1378
1379
1376
1381
1380
1383
1384
1382
1386
1387
1388
1385
1390
1391
1389
1393
1392
1395
1396
1397
1394
1399
1400
1401
1398
1403
1402
1405
1406
1407
1404
1409
1410
1408
1412
1413
1411
1415
1416
1417
1414
1419
1420
1418
1422
1421
1424
1425
1426
1423
1428
1429
1427
1431
1432
1433
1430
1435
1436
1434
1438
1437
1440
1441
1442
1439
1444
1445
1446
1443
1448
1449
1450
1447
1452
1453
1451
1455
1456
1457
1454
1459
1460
1461
1458
1463
1464
1462
1466
1467
1468
1465
1470
1469
1472
1473
1474
1471
1476
1475
1478
1479
1477
1481
1482
1483
1480
1485
1486
1484
1488
1487
1490
1491
1492
1489
1494
1495
1493
1497
1496
1499
1500
1498
1502
1503
1501
1505
1506
1507
1504
1509
1510
1508
1512
1511
1514
1515
1516
1513
1518
1519
1517
1521
1522
1523
1520
1525
1526
1527
1524
1529
1530
1531
1528
1533
1534
1532
1536
1537
1538
1535
1540
1541
1542
1539
1544
1545
1543
1547
1548
1549
1546
1551
1550
1553
1554
1555
1552
1557
1558
1559
1556
1561
1562
1563
1560
1565
1566
1564
1568
1569
1570
1567
1572
1573
1574
1571
1576
1577
1575
1579
1580
1581
1578
1583
1582
1585
1586
1587
1584
1589
1590
1588
1592
1593
1591
1595
1596
1597
1594
1599
1600
1598
1602
1601
1604
1605
1606
1603
1608
1607
1610
1611
1612
1609
1614
1613
1616
1617
1615
1619
1620
1621
1618
1623
1624
1622
1626
1625
1628
1629
1630
1627
1632
1633
1631
1635
1634
1637
1638
1636
1640
1641
1639
1643
1644
1645
1642
1647
1648
1646
1650
1649
1652
1653
1654
1651
1656
1657
1655
1659
1660
1661
1658
1663
1664
1665
1662
1667
1668
1669
1666
1671
1672
1670
1674
1675
1676
1673
1678
1679
1680
1677
1682
1683
1681
1685
1686
1687
1684
1689
1688
1691
1692
1693
1690
1695
1696
1694
1698
1699
1697
1701
1702
1703
1700
1705
1706
1704
1708
1707
1710
1711
1712
1709
1714
1715
1713
1717
1718
1719
1716
1721
1722
1720
1724
1723
1726
1727
1728
1725
1730
1731
1732
1729
1734
1735
1736
1733
1738
1739
1737
1741
1742
1743
1740
1745
1746
1747
1744
1749
1750
1748
1752
1753
1754
1751
1756
1755
1758
1759
1760
1757
1762
1763
1761
1765
1766
1767
1764
1769
1770
1771
1768
1773
1774
1772
1776
1777
1775
1779
1780
1778
1782
1783
1784
1781
1786
1787
1785
1789
1788
1791
1792
1793
1790
1795
1794
1797
1798
1796
1800
1801
1802
1799
1804
1805
1803
1807
1806
1809
1810
1811
1808
1813
1814
1815
1812
1817
1816
1819
1820
1821
1818
1823
1824
1822
1826
1827
1825
1829
1830
1831
1828
1833
1834
1832
1836
1835
1838
1839
1840
1837
1842
1843
1844
1841
1846
1847
1845
1849
1850
1851
1848
1853
1854
1852
1856
1857
1858
1855
1860
1861
1862
1859
1864
1865
1863
1867
1868
1869
1866
1871
1870
1873
1874
1875
1872
1877
1876
1879
1880
1878
1882
1883
1884
1881
1886
1887
1885
1889
1888
1891
1892
1893
1890
2504
1896
1895
1898
1899
1897
1901
1902
1903
1900
1905
1906
1904
1908
1907
1910
1911
1912
1909
1914
1915
1913
1917
1918
1919
1916
1921
1922
1920
1924
1923
1926
1927
1928
1925
1930
1931
1932
1929
1934
1935
1936
1933
1938
1939
1937
1941
1942
1943
1940
1945
1946
1947
1944
1949
1950
1948
1952
1953
1954
1951
1956
1955
1958
1959
1960
1957
1962
1961
1964
1965
1966
1963
1968
1969
1967
1971
1972
1973
1970
1975
1976
1977
1974
1979
1980
1978
1982
1983
1984
1981
1986
1985
1988
1989
1990
1987
1992
1993
1991
1995
1996
1994
1998
1999
2000
1997
2002
2003
2001
2005
2004
2007
2008
2009
2006
2011
2012
2013
2010
2015
2016
2014
2018
2019
2020
2017
2022
2023
2021
2025
2026
2027
2024
2029
2030
2031
2028
2033
2034
2032
2036
2037
2038
2035
2040
2039
2042
2043
2044
2041
2046
2047
2048
2045
2050
2051
2049
2053
2054
2055
2052
2057
2058
2056
2060
2059
2062
2063
2064
2061
2066
2067
2068
2065
2070
2071
2069
2073
2074
2075
2072
2077
2078
2076
2080
2081
2082
2079
2084
2085
2086
2083
2088
2089
2087
2091
2092
2093
2090
2095
2094
2097
2098
2099
2096
2101
2102
2100
2104
2105
2103
2107
2108
2109
2106
2111
2112
2110
2114
2113
2116
2117
2118
2115
2120
2121
2119
2123
2124
2125
2122
2127
2128
2126
2130
2129
2132
2133
2134
2131
2136
2137
2138
2135
2140
2141
2142
2139
2144
2145
2143
2147
2148
2149
2146
2151
2152
2153
2150
2155
2156
2154
2158
2159
2160
2157
2162
2161
2164
2165
2166
2163
2168
2167
2170
2171
2169
2173
2174
2175
2172
2177
2178
2176
2180
2179
2182
2183
2184
2181
2186
2187
2185
2189
2190
2191
2188
2193
2194
2195
2192
2197
2198
2196
2200
2201
2202
2199
2204
2205
2203
2207
2206
2209
2210
2211
2208
2213
2214
2212
2216
2217
2215
2219
2220
2221
2218
2223
2224
2222
2226
2225
2228
2229
2230
2227
2232
2231
2234
2235
2233
2237
2238
2239
2236
2241
2242
2240
2244
2243
2246
2247
2248
2245
2250
2251
2249
2253
2254
2252
2256
2257
2255
2259
2260
2261
2258
2263
2264
2262
2266
2265
2268
2269
2270
2267
2272
2273
2271
2275
2276
2274
2278
2279
2280
2277
2282
2283
2281
2285
2284
2287
2288
2289
2286
2291
2292
2290
2294
2295
2296
2293
2298
2299
2297
2301
2300
2303
2304
2305
2302
2307
2308
2309
2306
2311
2312
2313
2310
2315
2316
2314
2318
2319
2320
2317
2322
2323
2324
2321
2326
2327
2325
2329
2330
2331
2328
2333
2332
2335
2336
2337
2334
2339
2340
2338
2342
2343
2344
2341
2346
2347
2348
2345
2350
2351
2349
2353
2354
2352
2356
2357
2358
2355
2360
2361
2362
2359
2364
2365
2363
2367
2368
2369
2366
2371
2372
2373
2370
2375
2376
2374
2378
2379
2380
2377
2382
2383
2381
2385
2384
2387
2388
2389
2386
2391
2392
2390
2394
2395
2393
2397
2398
2399
2396
2401
2402
2400
2404
2403
2406
2407
2408
2405
2410
2411
2409
2413
2414
2415
2412
2417
2418
2419
2416
2421
2422
2423
2420
2425
2426
2427
2424
2429
2430
2431
2428
2433
2432
2435
2436
2434
2438
2439
2440
2437
2442
2443
2441
2445
2444
2447
2448
2449
2446
2451
2452
2450
2454
2455
2453
2457
2458
2459
2456
2461
2462
2460
2464
2463
2466
2467
2468
2465
2470
2471
2472
2469
2474
2475
2473
2477
2478
2479
2476
2481
2482
2480
2484
2485
2486
2483
2488
2489
2490
2487
2492
2493
2491
2495
2496
2497
2494
2499
2498
2501
2502
2503
2500
6109
2506
2505
2508
2509
2507
2511
2512
2513
2510
2515
2516
2514
2518
2517
2520
2521
2522
2519
2524
2525
2523
2527
2528
2529
2526
2531
2532
2530
2534
2533
2536
2537
2538
2535
2540
2541
2542
2539
2544
2545
2546
2543
2548
2549
2547
2551
2552
2553
2550
2555
2556
2557
2554
2559
2560
2558
2562
2563
2564
2561
2566
2565
2568
2569
2570
2567
2572
2571
2574
2575
2576
2573
2578
2579
2577
2581
2582
2583
2580
2585
2586
2587
2584
2589
2590
2588
2592
2593
2594
2591
2596
2595
2598
2599
2600
2597
2602
2603
2604
2601
2606
2607
2605
2609
2610
2611
2608
2613
2614
2612
2616
2615
2618
2619
2620
2617
2622
2623
2624
2621
2626
2627
2625
2629
2630
2631
2628
2633
2634
2632
2636
2637
2638
2635
2640
2641
2642
2639
2644
2645
2643
2647
2648
2649
2646
2651
2650
2653
2654
2655
2652
2657
2658
2656
2660
2661
2659
2663
2664
2665
2662
2667
2668
2666
2670
2669
2672
2673
2674
2671
2676
2677
2675
2679
2680
2678
2682
2683
2684
2681
2686
2687
2685
2689
2688
2691
2692
2693
2690
2695
2694
2697
2698
2696
2700
2701
2702
2699
2704
2705
2703
2707
2706
2709
2710
2711
2708
2713
2714
2712
2716
2715
2718
2719
2720
2717
2722
2723
2724
2721
2726
2727
2725
2729
2730
2731
2728
2733
2734
2732
2736
2737
2738
2735
2740
2741
2742
2739
2744
2745
2743
2747
2746
2749
2750
2748
2752
2753
2754
2751
2756
2757
2755
2759
2758
2761
2762
2763
2760
2765
2766
2764
2768
2769
2767
2771
2772
2773
2770
2775
2776
2774
2778
2777
2780
2781
2782
2779
2784
2785
2786
2783
2788
2789
2787
2791
2792
2793
2790
2795
2796
2794
2798
2799
2800
2797
2802
2803
2804
2801
2806
2807
2805
2809
2810
2811
2808
2813
2812
2815
2816
2817
2814
2819
2820
2818
2822
2823
2821
2825
2826
2827
2824
2829
2830
2828
2832
2831
2834
2835
2836
2833
2838
2839
2837
2841
2842
2843
2840
2845
2846
2844
2848
2847
2850
2851
2852
2849
2854
2855
2856
2853
2858
2859
2860
2857
2862
2863
2861
2865
2866
2867
2864
2869
2870
2871
2868
2873
2874
2872
2876
2877
2878
2875
2880
2879
2882
2883
2884
2881
2886
2887
2885
2889
2890
2891
2888
2893
2894
2895
2892
2897
2898
2896
2900
2901
2899
2903
2904
2902
2906
2907
2908
2905
2910
2911
2909
2913
2912
2915
2916
2917
2914
2919
2918
2921
2922
2920
2924
2925
2926
2923
2928
2929
2927
2931
2930
2933
2934
2935
2932
2937
2938
2939
2936
2941
2940
2943
2944
2945
2942
2947
2948
2946
2950
2951
2949
2953
2954
2955
2952
2957
2958
2956
2960
2959
2962
2963
2964
2961
2966
2967
2965
2969
2970
2971
2968
2973
2974
2972
2976
2975
2978
2979
2980
2977
2982
2983
2984
2981
2986
2987
2988
2985
2990
2991
2989
2993
2994
2995
2992
2997
2998
2999
2996
3001
3002
3000
3004
3005
3006
3003
3008
3007
3010
3011
3012
3009
3014
3013
3016
3017
3015
3019
3020
3021
3018
3023
3024
3022
3026
3025
3028
3029
3030
3027
3032
3033
3031
3035
3034
3037
3038
3036
3040
3041
3039
3043
3044
3045
3042
3047
3048
3046
3050
3049
3052
3053
3054
3051
3056
3057
3055
3059
3060
3061
3058
3063
3064
3065
3062
3067
3068
3069
3066
3071
3072
3070
3074
3075
3076
3073
3078
3079
3080
3077
3082
3083
3081
3085
3086
3087
3084
3089
3088
3091
3092
3093
3090
3095
3096
3097
3094
3099
3100
3101
3098
3103
3104
3102
3106
3107
3108
3105
3110
3111
3112
3109
3114
3115
3113
3117
3118
3119
3116
3121
3120
3123
3124
3125
3122
3127
3128
3126
3130
3131
3129
3133
3134
3135
3132
3137
3138
3136
3140
3139
3142
3143
3144
3141
3146
3145
3148
3149
3150
3147
3152
3151
3154
3155
3153
3157
3158
3159
3156
3161
3162
3160
3164
3163
3166
3167
3168
3165
3170
3171
3169
3173
3174
3172
3176
3177
3178
3175
3180
3181
3179
3183
3182
3185
3186
3187
3184
3189
3190
3188
3192
3193
3194
3191
3196
3197
3195
3199
3198
3201
3202
3203
3200
3205
3206
3204
3208
3209
3207
3211
3212
3213
3210
3215
3216
3214
3218
3217
3220
3221
3222
3219
3224
3225
3223
3227
3228
3229
3226
3231
3232
3230
3234
3233
3236
3237
3238
3235
3240
3241
3242
3239
3244
3245
3246
3243
3248
3249
3247
3251
3252
3253
3250
3255
3256
3257
3254
3259
3260
3258
3262
3263
3264
3261
3266
3265
3268
3269
3270
3267
3272
3271
3274
3275
3276
3273
3278
3279
3277
3281
3282
3283
3280
3285
3286
3287
3284
3289
3290
3288
3292
3293
3294
3291
3296
3295
3298
3299
3300
3297
3302
3303
3301
3305
3306
3304
3308
3309
3310
3307
3312
3313
3311
3315
3314
3317
3318
3319
3316
3321
3322
3323
3320
3325
3326
3324
3328
3329
3330
3327
3332
3333
3331
3335
3336
3337
3334
3339
3340
3341
3338
3343
3344
3342
3346
3347
3348
3345
3350
3349
3352
3353
3354
3351
3356
3357
3358
3355
3360
3361
3359
3363
3364
3362
3366
3367
3368
3365
3370
3371
3369
3373
3372
3375
3376
3377
3374
3379
3378
3381
3382
3383
3380
3385
3384
3387
3388
3386
3390
3391
3392
3389
3394
3395
3393
3397
3396
3399
3400
3401
3398
3403
3404
3402
3406
3407
3405
3409
3410
3411
3408
3413
3414
3412
3416
3415
3418
3419
3420
3417
3422
3423
3421
3425
3426
3427
3424
3429
3430
3428
3432
3431
3434
3435
3436
3433
3438
3439
3440
3437
3442
3443
3444
3441
3446
3447
3445
3449
3450
3451
3448
3453
3454
3455
3452
3457
3458
3456
3460
3461
3462
3459
3464
3463
3466
3467
3468
3465
3470
3471
3469
3473
3474
3472
3476
3477
3478
3475
3480
3481
3479
3483
3482
3485
3486
3487
3484
3489
3488
3491
3492
3490
3494
3495
3496
3493
3498
3499
3497
3501
3500
3503
3504
3505
3502
3507
3508
3506
3510
3509
3512
3513
3514
3511
3516
3517
3515
3519
3520
3521
3518
3523
3524
3522
3526
3525
3528
3529
3530
3527
3532
3533
3531
3535
3536
3537
3534
3539
3540
3538
3542
3541
3544
3545
3546
3543
3548
3549
3550
3547
3552
3553
3554
3551
3556
3557
3555
3559
3560
3561
3558
3563
3564
3565
3562
3567
3568
3566
3570
3571
3572
3569
3574
3573
3576
3577
3578
3575
3580
3581
3579
3583
3584
3582
3586
3587
3588
3585
3590
3591
3589
3593
3592
3595
3596
3597
3594
3599
3600
3598
3602
3603
3604
3601
3606
3607
3605
3609
3608
3611
3612
3613
3610
3615
3616
3617
3614
3619
3620
3621
3618
3623
3624
3622
3626
3627
3628
3625
3630
3631
3632
3629
3634
3635
3633
3637
3638
3639
3636
3641
3640
3643
3644
3645
3642
3647
3648
3646
3650
3651
3652
3649
3654
3655
3656
3653
3658
3659
3657
3661
3662
3660
3664
3665
3666
3663
3668
3669
3667
3671
3672
3673
3670
3675
3676
3677
3674
3679
3680
3678
3682
3683
3681
3685
3686
3684
3688
3689
3690
3687
3692
3693
3691
3695
3694
3697
3698
3699
3696
3701
3700
3703
3704
3702
3706
3707
3708
3705
3710
3711
3709
3713
3712
3715
3716
3717
3714
3719
3720
3718
3722
3721
3724
3725
3726
3723
3728
3729
3727
3731
3732
3733
3730
3735
3736
3737
3734
3739
3740
3738
3742
3743
3744
3741
3746
3745
3748
3749
3750
3747
3752
3753
3754
3751
3756
3755
3758
3759
3760
3757
3762
3763
3761
3765
3766
3764
3768
3769
3770
3767
3772
3773
3771
3775
3774
3777
3778
3779
3776
3781
3782
3780
3784
3785
3786
3783
3788
3789
3787
3791
3790
3793
3794
3795
3792
3797
3798
3799
3796
3801
3802
3803
3800
3805
3806
3804
3808
3809
3810
3807
3812
3813
3814
3811
3816
3817
3815
3819
3820
3821
3818
3823
3822
3825
3826
3827
3824
3829
3828
3831
3832
3833
3830
3835
3836
3834
3838
3839
3840
3837
3842
3843
3844
3841
3846
3847
3845
3849
3850
3851
3848
3853
3852
3855
3856
3857
3854
3859
3860
3858
3862
3863
3861
3865
3866
3867
3864
3869
3870
3868
3872
3871
3874
3875
3876
3873
3878
3879
3880
3877
3882
3883
3881
3885
3886
3887
3884
3889
3890
3888
3892
3893
3894
3891
3896
3897
3898
3895
3900
3901
3899
3903
3904
3905
3902
3907
3906
3909
3910
3911
3908
3913
3914
3912
3916
3917
3918
3915
3920
3921
3922
3919
3924
3925
3923
3927
3928
3929
3926
3931
3930
3933
3934
3935
3932
3937
3938
3936
3940
3939
3942
3943
3941
3945
3946
3947
3944
3949
3950
3951
3948
3953
3954
3955
3952
3957
3958
3956
3960
3961
3962
3959
3964
3965
3966
3963
3968
3969
3970
3967
3972
3973
3971
3975
3976
3974
3978
3979
3980
3977
3982
3983
3981
3985
3984
3987
3988
3989
3986
3991
3990
3993
3994
3992
3996
3997
3998
3995
4000
4001
3999
4003
4002
4005
4006
4007
4004
4009
4010
4008
4012
4011
4014
4015
4016
4013
4018
4019
4017
4021
4022
4020
4024
4025
4026
4023
4028
4029
4027
4031
4030
4033
4034
4035
4032
4037
4038
4036
4040
4041
4042
4039
4044
4045
4043
4047
4046
4049
4050
4051
4048
4053
4054
4055
4052
4057
4058
4059
4056
4061
4062
4060
4064
4065
4066
4063
4068
4069
4070
4067
4072
4073
4071
4075
4076
4077
4074
4079
4078
4081
4082
4083
4080
4085
4086
4084
4088
4089
4090
4087
4092
4093
4094
4091
4096
4097
4095
4099
4100
4098
4102
4103
4104
4101
4106
4107
4105
4109
4110
4111
4108
4113
4114
4115
4112
4117
4118
4116
4120
4121
4119
4123
4124
4122
4126
4127
4128
4125
4130
4131
4129
4133
4132
4135
4136
4137
4134
4139
4138
4141
4142
4140
4144
4145
4146
4143
4148
4149
4147
4151
4150
4153
4154
4155
4152
4157
4158
4156
4160
4159
4162
4163
4164
4161
4166
4165
4168
4169
4167
4171
4172
4173
4170
4175
4176
4174
4178
4177
4180
4181
4182
4179
4184
4185
4183
4187
4188
4186
4190
4191
4192
4189
4194
4195
4193
4197
4196
4199
4200
4201
4198
4203
4202
4205
4206
4204
4208
4209
4210
4207
4212
4213
4211
4215
4214
4217
4218
4219
4216
4221
4222
4220
4224
4225
4223
4227
4228
4226
4230
4231
4232
4229
4234
4235
4233
4237
4236
4239
4240
4241
4238
4243
4242
4245
4246
4247
4244
4249
4248
4251
4252
4250
4254
4255
4256
4253
4258
4259
4257
4261
4260
4263
4264
4265
4262
4267
4268
4266
4270
4271
4272
4269
4274
4275
4276
4273
4278
4279
4277
4281
4282
4283
4280
4285
4286
4287
4284
4289
4290
4288
4292
4293
4294
4291
4296
4297
4295
4299
4298
4301
4302
4303
4300
4305
4306
4304
4308
4309
4307
4311
4312
4313
4310
4315
4316
4314
4318
4317
4320
4321
4322
4319
4324
4325
4323
4327
4328
4329
4326
4331
4332
4333
4330
4335
4336
4337
4334
4339
4340
4338
4342
4341
4344
4345
4343
4347
4348
4346
4350
4351
4352
4349
4354
4355
4353
4357
4356
4359
4360
4361
4358
4363
4364
4362
4366
4367
4368
4365
4370
4371
4372
4369
4374
4375
4376
4373
4378
4379
4377
4381
4382
4383
4380
4385
4386
4387
4384
4389
4390
4388
4392
4393
4394
4391
4396
4395
4398
4399
4400
4397
4402
4403
4401
4405
4406
4404
4408
4409
4410
4407
4412
4413
4411
4415
4414
4417
4418
4419
4416
4421
4422
4420
4424
4425
4426
4423
4428
4429
4427
4431
4430
4433
4434
4435
4432
4437
4438
4439
4436
4441
4442
4443
4440
4445
4446
4444
4448
4449
4450
4447
4452
4453
4454
4451
4456
4457
4455
4459
4460
4461
4458
4463
4462
4465
4466
4467
4464
4469
4470
4468
4472
4473
4474
4471
4476
4477
4478
4475
4480
4481
4479
4483
4484
4485
4482
4487
4488
4486
4490
4491
4492
4489
4494
4495
4493
4497
4496
4499
4500
4501
4498
4503
4504
4505
4502
4507
4508
4506
4510
4511
4512
4509
4514
4515
4513
4517
4518
4519
4516
4521
4522
4523
4520
4525
4526
4524
4528
4529
4530
4527
4532
4531
4534
4535
4536
4533
4538
4539
4537
4541
4542
4540
4544
4545
4546
4543
4548
4549
4547
4551
4550
4553
4554
4555
4552
4557
4558
4556
4560
4561
4559
4563
4564
4565
4562
4567
4568
4566
4570
4569
4572
4573
4574
4571
4576
4575
4578
4579
4577
4581
4582
4583
4580
4585
4586
4584
4588
4587
4590
4591
4592
4589
4594
4595
4593
4597
4596
4599
4600
4601
4598
4603
4604
4605
4602
4607
4608
4606
4610
4611
4612
4609
4614
4615
4613
4617
4618
4619
4616
4621
4622
4623
4620
4625
4626
4624
4628
4627
4630
4631
4629
4633
4634
4635
4632
4637
4638
4636
4640
4639
4642
4643
4644
4641
4646
4647
4645
4649
4650
4648
4652
4653
4654
4651
4656
4657
4655
4659
4658
4661
4662
4663
4660
4665
4666
4667
4664
4669
4670
4668
4672
4673
4674
4671
4676
4677
4675
4679
4680
4681
4678
4683
4684
4685
4682
4687
4688
4686
4690
4691
4692
4689
4694
4693
4696
4697
4698
4695
4700
4701
4699
4703
4704
4702
4706
4707
4708
4705
4710
4711
4709
4713
4712
4715
4716
4717
4714
4719
4720
4718
4722
4723
4724
4721
4726
4727
4725
4729
4728
4731
4732
4733
4730
4735
4736
4737
4734
4739
4740
4741
4738
4743
4744
4742
4746
4747
4748
4745
4750
4751
4752
4749
4754
4755
4753
4757
4758
4759
4756
4761
4760
4763
4764
4765
4762
4767
4768
4766
4770
4771
4772
4769
4774
4775
4776
4773
4778
4779
4777
4781
4782
4780
4784
4785
4783
4787
4788
4789
4786
4791
4792
4790
4794
4793
4796
4797
4798
4795
4800
4799
4802
4803
4804
4801
4806
4805
4808
4809
4807
4811
4812
4813
4810
4815
4816
4814
4818
4817
4820
4821
4822
4819
4824
4825
4823
4827
4828
4829
4826
4831
4832
4833
4830
4835
4836
4834
4838
4839
4840
4837
4842
4843
4844
4841
4846
4847
4845
4849
4850
4851
4848
4853
4854
4852
4856
4855
4858
4859
4860
4857
4862
4863
4861
4865
4866
4864
4868
4869
4870
4867
4872
4873
4871
4875
4874
4877
4878
4879
4876
4881
4882
4880
4884
4885
4886
4883
4888
4889
4890
4887
4892
4893
4894
4891
4896
4897
4895
4899
4900
4898
4902
4903
4904
4901
4906
4907
4905
4909
4908
4911
4912
4913
4910
4915
4916
4914
4918
4919
4920
4917
4922
4923
4921
4925
4924
4927
4928
4929
4926
4931
4932
4933
4930
4935
4936
4937
4934
4939
4940
4938
4942
4943
4944
4941
4946
4947
4948
4945
4950
4951
4949
4953
4954
4955
4952
4957
4956
4959
4960
4961
4958
4963
4962
4965
4966
4967
4964
4969
4970
4968
4972
4973
4974
4971
4976
4977
4978
4975
4980
4981
4979
4983
4984
4985
4982
4987
4986
4989
4990
4991
4988
4993
4994
4992
4996
4997
4995
4999
5000
5001
4998
5003
5004
5002
5006
5005
5008
5009
5010
5007
5012
5013
5014
5011
5016
5017
5015
5019
5020
5021
5018
5023
5024
5022
5026
5027
5028
5025
5030
5031
5032
5029
5034
5035
5033
5037
5038
5039
5036
5041
5040
5043
5044
5045
5042
5047
5048
5049
5046
5051
5052
5050
5054
5055
5053
5057
5058
5059
5056
5061
5062
5060
5064
5063
5066
5067
5068
5065
5070
5069
5072
5073
5074
5071
5076
5075
5078
5079
5077
5081
5082
5083
5080
5085
5086
5084
5088
5087
5090
5091
5092
5089
5094
5095
5096
5093
5098
5097
5100
5101
5102
5099
5104
5105
5103
5107
5108
5106
5110
5111
5112
5109
5114
5115
5113
5117
5116
5119
5120
5121
5118
5123
5122
5125
5126
5124
5128
5129
5130
5127
5132
5133
5131
5135
5134
5137
5138
5139
5136
5141
5142
5140
5144
5143
5146
5147
5148
5145
5150
5149
5152
5153
5151
5155
5156
5157
5154
5159
5160
5158
5162
5161
5164
5165
5166
5163
5168
5169
5167
5171
5172
5170
5174
5175
5176
5173
5178
5179
5177
5181
5180
5183
5184
5185
5182
5187
5186
5189
5190
5188
5192
5193
5194
5191
5196
5197
5195
5199
5198
5201
5202
5203
5200
5205
5206
5204
5208
5209
5207
5211
5212
5213
5210
5215
5216
5214
5218
5217
5220
5221
5222
5219
5224
5225
5223
5227
5228
5226
5230
5231
5232
5229
5234
5235
5233
5237
5236
5239
5240
5241
5238
5243
5244
5242
5246
5247
5248
5245
5250
5251
5249
5253
5252
5255
5256
5257
5254
5259
5260
5261
5258
5263
5264
5265
5262
5267
5268
5266
5270
5271
5272
5269
5274
5275
5276
5273
5278
5279
5277
5281
5282
5283
5280
5285
5284
5287
5288
5289
5286
5291
5290
5293
5294
5295
5292
5297
5298
5296
5300
5301
5302
5299
5304
5305
5306
5303
5308
5309
5307
5311
5312
5313
5310
5315
5314
5317
5318
5319
5316
5321
5322
5320
5324
5325
5323
5327
5328
5329
5326
5331
5332
5330
5334
5333
5336
5337
5338
5335
5340
5341
5342
5339
5344
5345
5343
5347
5348
5349
5346
5351
5352
5350
5354
5355
5356
5353
5358
5359
5360
5357
5362
5363
5361
5365
5366
5367
5364
5369
5368
5371
5372
5373
5370
5375
5376
5374
5378
5379
5380
5377
5382
5383
5384
5381
5386
5387
5385
5389
5390
5391
5388
5393
5392
5395
5396
5397
5394
5399
5400
5401
5398
5403
5404
5402
5406
5407
5408
5405
5410
5411
5409
5413
5412
5415
5416
5417
5414
5419
5420
5421
5418
5423
5424
5422
5426
5427
5428
5425
5430
5431
5429
5433
5434
5435
5432
5437
5438
5439
5436
5441
5442
5440
5444
5445
5446
5443
5448
5447
5450
5451
5452
5449
5454
5455
5453
5457
5458
5456
5460
5461
5462
5459
5464
5465
5463
5467
5466
5469
5470
5471
5468
5473
5474
5475
5472
5477
5478
5476
5480
5481
5482
5479
5484
5485
5483
5487
5488
5489
5486
5491
5492
5493
5490
5495
5496
5494
5498
5499
5500
5497
5502
5501
5504
5505
5506
5503
5508
5509
5507
5511
5512
5513
5510
5515
5516
5517
5514
5519
5520
5518
5522
5523
5521
5525
5526
5527
5524
5529
5530
5528
5532
5531
5534
5535
5536
5533
5538
5537
5540
5541
5539
5543
5544
5545
5542
5547
5548
5546
5550
5549
5552
5553
5554
5551
5556
5557
5555
5559
5558
5561
5562
5563
5560
5565
5566
5564
5568
5569
5570
5567
5572
5573
5574
5571
5576
5577
5575
5579
5580
5581
5578
5583
5582
5585
5586
5587
5584
5589
5590
5588
5592
5593
5594
5591
5596
5597
5598
5595
5600
5601
5599
5603
5604
5605
5602
5607
5606
5609
5610
5611
5608
5613
5614
5612
5616
5617
5615
5619
5620
5621
5618
5623
5624
5622
5626
5625
5628
5629
5630
5627
5632
5633
5631
5635
5636
5637
5634
5639
5638
5641
5642
5643
5640
5645
5646
5644
5648
5649
5647
5651
5652
5653
5650
5655
5656
5654
5658
5657
5660
5661
5662
5659
5664
5665
5663
5667
5668
5669
5666
5671
5672
5670
5674
5673
5676
5677
5678
5675
5680
5681
5682
5679
5684
5685
5686
5683
5688
5689
5687
5691
5692
5693
5690
5695
5696
5697
5694
5699
5700
5698
5702
5703
5704
5701
5706
5705
5708
5709
5710
5707
5712
5711
5714
5715
5713
5717
5718
5719
5716
5721
5722
5720
5724
5723
5726
5727
5728
5725
5730
5731
5729
5733
5734
5732
5736
5737
5738
5735
5740
5741
5739
5743
5742
5745
5746
5747
5744
5749
5748
5751
5752
5750
5754
5755
5756
5753
5758
5759
5757
5761
5760
5763
5764
5765
5762
5767
5768
5769
5766
5771
5772
5770
5774
5775
5776
5773
5778
5779
5777
5781
5780
5783
5784
5785
5782
5787
5788
5789
5786
5791
5792
5790
5794
5795
5796
5793
5798
5799
5797
5801
5802
5803
5800
5805
5806
5807
5804
5809
5810
5808
5812
5813
5814
5811
5816
5815
5818
5819
5820
5817
5822
5823
5821
5825
5826
5824
5828
5829
5830
5827
5832
5833
5831
5835
5834
5837
5838
5839
5836
5841
5842
5840
5844
5845
5843
5847
5848
5849
5846
5851
5852
5850
5854
5853
5856
5857
5858
5855
5860
5859
5862
5863
5861
5865
5866
5867
5864
5869
5870
5868
5872
5871
5874
5875
5876
5873
5878
5879
5877
5881
5880
5883
5884
5885
5882
5887
5888
5889
5886
5891
5892
5890
5894
5895
5896
5893
5898
5899
5897
5901
5902
5903
5900
5905
5906
5907
5904
5909
5910
5908
5912
5911
5914
5915
5913
5917
5918
5919
5916
5921
5922
5920
5924
5923
5926
5927
5928
5925
5930
5931
5929
5933
5934
5932
5936
5937
5938
5935
5940
5941
5939
5943
5942
5945
5946
5947
5944
5949
5950
5951
5948
5953
5954
5952
5956
5957
5958
5955
5960
5961
5959
5963
5964
5965
5962
5967
5968
5969
5966
5971
5972
5970
5974
5975
5976
5973
5978
5977
5980
5981
5982
5979
5984
5985
5983
5987
5988
5986
5990
5991
5992
5989
5994
5995
5993
5997
5996
5999
6000
6001
5998
6003
6004
6005
6002
6007
6008
6006
6010
6011
6012
6009
6014
6015
6013
6017
6018
6019
6016
6021
6022
6023
6020
6025
6026
6024
6028
6029
6030
6027
6032
6031
6034
6035
6036
6033
6038
6039
6037
6041
6042
6043
6040
6045
6046
6047
6044
6049
6050
6048
6052
6053
6054
6051
6056
6057
6058
6055
6060
6061
6059
6063
6064
6065
6062
6067
6068
6066
6070
6069
6072
6073
6074
6071
6076
6077
6075
6079
6080
6078
6082
6083
6084
6081
6086
6087
6085
6089
6088
6091
6092
6093
6090
6095
6096
6094
6098
6099
6100
6097
6102
6103
6104
6101
6106
6107
6108
6105
6944
6111
6110
6113
6114
6112
6116
6117
6118
6115
6120
6121
6119
6123
6122
6125
6126
6127
6124
6129
6128
6131
6132
6133
6130
6135
6134
6137
6138
6136
6140
6141
6142
6139
6144
6145
6143
6147
6146
6149
6150
6151
6148
6153
6154
6152
6156
6157
6158
6155
6160
6161
6162
6159
6164
6165
6163
6167
6168
6169
6166
6171
6172
6173
6170
6175
6176
6174
6178
6179
6180
6177
6182
6183
6181
6185
6184
6187
6188
6189
6186
6191
6192
6190
6194
6195
6193
6197
6198
6199
6196
6201
6202
6200
6204
6203
6206
6207
6208
6205
6210
6211
6209
6213
6214
6215
6212
6217
6218
6219
6216
6221
6222
6223
6220
6225
6226
6224
6228
6227
6230
6231
6229
6233
6234
6232
6236
6237
6238
6235
6240
6241
6239
6243
6242
6245
6246
6247
6244
6249
6250
6248
6252
6253
6254
6251
6256
6257
6258
6255
6260
6261
6262
6259
6264
6265
6263
6267
6268
6269
6266
6271
6272
6273
6270
6275
6276
6274
6278
6279
6280
6277
6282
6281
6284
6285
6286
6283
6288
6289
6287
6291
6292
6290
6294
6295
6296
6293
6298
6299
6297
6301
6300
6303
6304
6305
6302
6307
6308
6306
6310
6311
6312
6309
6314
6315
6313
6317
6316
6319
6320
6321
6318
6323
6324
6325
6322
6327
6328
6329
6326
6331
6332
6330
6334
6335
6336
6333
6338
6339
6340
6337
6342
6343
6341
6345
6346
6347
6344
6349
6348
6351
6352
6353
6350
6355
6356
6354
6358
6359
6360
6357
6362
6363
6364
6361
6366
6367
6365
6369
6370
6371
6368
6373
6374
6372
6376
6377
6378
6375
6380
6381
6379
6383
6382
6385
6386
6387
6384
6389
6390
6391
6388
6393
6394
6392
6396
6397
6398
6395
6400
6401
6399
6403
6404
6405
6402
6407
6408
6409
6406
6411
6412
6410
6414
6415
6416
6413
6418
6417
6420
6421
6422
6419
6424
6425
6423
6427
6428
6426
6430
6431
6432
6429
6434
6435
6433
6437
6436
6439
6440
6441
6438
6443
6444
6442
6446
6447
6445
6449
6450
6451
6448
6453
6454
6452
6456
6455
6458
6459
6460
6457
6462
6461
6464
6465
6463
6467
6468
6469
6466
6471
6472
6470
6474
6473
6476
6477
6478
6475
6480
6481
6479
6483
6482
6485
6486
6487
6484
6489
6490
6491
6488
6493
6494
6492
6496
6497
6498
6495
6500
6501
6499
6503
6504
6505
6502
6507
6508
6509
6506
6511
6512
6510
6514
6513
6516
6517
6515
6519
6520
6521
6518
6523
6524
6522
6526
6525
6528
6529
6530
6527
6532
6533
6531
6535
6536
6534
6538
6539
6540
6537
6542
6543
6541
6545
6544
6547
6548
6549
6546
6551
6552
6550
6554
6555
6553
6557
6558
6559
6556
6561
6562
6560
6564
6563
6566
6567
6568
6565
6570
6571
6569
6573
6574
6572
6576
6577
6578
6575
6580
6581
6579
6583
6582
6585
6586
6587
6584
6589
6590
6588
6592
6593
6594
6591
6596
6597
6595
6599
6598
6601
6602
6603
6600
6605
6606
6607
6604
6609
6610
6611
6608
6613
6614
6612
6616
6617
6618
6615
6620
6621
6622
6619
6624
6625
6623
6627
6628
6629
6626
6631
6630
6633
6634
6635
6632
6637
6638
6636
6640
6641
6642
6639
6644
6645
6646
6643
6648
6649
6647
6651
6652
6650
6654
6655
6656
6653
6658
6659
6660
6657
6662
6663
6661
6665
6666
6667
6664
6669
6670
6671
6668
6673
6674
6672
6676
6677
6678
6675
6680
6681
6679
6683
6682
6685
6686
6687
6684
6689
6690
6688
6692
6693
6691
6695
6696
6697
6694
6699
6700
6698
6702
6701
6704
6705
6706
6703
6708
6709
6707
6711
6712
6713
6710
6715
6716
6717
6714
6719
6720
6721
6718
6723
6724
6725
6722
6727
6728
6726
6730
6731
6732
6729
6734
6735
6733
6737
6736
6739
6740
6741
6738
6743
6744
6745
6742
6747
6748
6746
6750
6751
6752
6749
6754
6755
6753
6757
6758
6759
6756
6761
6762
6763
6760
6765
6766
6764
6768
6769
6770
6767
6772
6771
6774
6775
6776
6773
6778
6779
6777
6781
6782
6783
6780
6785
6786
6787
6784
6789
6788
6791
6792
6790
6794
6795
6796
6793
6798
6799
6797
6801
6800
6803
6804
6805
6802
6807
6808
6809
6806
6811
6812
6813
6810
6815
6816
6814
6818
6819
6820
6817
6822
6823
6824
6821
6826
6827
6825
6829
6830
6831
6828
6833
6832
6835
6836
6837
6834
6839
6840
6838
6842
6843
6844
6841
6846
6847
6848
6845
6850
6851
6849
6853
6854
6855
6852
6857
6858
6856
6860
6859
6862
6863
6864
6861
6866
6867
6865
6869
6870
6868
6872
6873
6874
6871
6876
6877
6875
6879
6878
6881
6882
6883
6880
6885
6884
6887
6888
6886
6890
6891
6892
6889
6894
6895
6893
6897
6896
6899
6900
6901
6898
6903
6904
6905
6902
6907
6906
6909
6910
6911
6908
6913
6914
6915
6912
6917
6918
6919
6916
6921
6922
6920
6924
6925
6926
6923
6928
6929
6930
6927
6932
6933
6931
6935
6936
6937
6934
6939
6938
6941
6942
6943
6940
9999
6946
6945
6948
6949
6947
6951
6952
6953
6950
6955
6956
6954
6958
6957
6960
6961
6962
6959
6964
6963
6966
6967
6968
6965
6970
6969
6972
6973
6971
6975
6976
6977
6974
6979
6980
6978
6982
6981
6984
6985
6986
6983
6988
6989
6987
6991
6992
6990
6994
6995
6996
6993
6998
6999
6997
7001
7000
7003
7004
7005
7002
7007
7006
7009
7010
7008
7012
7013
7014
7011
7016
7017
7015
7019
7018
7021
7022
7023
7020
7025
7026
7027
7024
7029
7028
7031
7032
7033
7030
7035
7036
7037
7034
7039
7040
7041
7038
7043
7044
7045
7042
7047
7048
7046
7050
7051
7052
7049
7054
7055
7056
7053
7058
7059
7057
7061
7062
7063
7060
7065
7064
7067
7068
7069
7066
7071
7072
7070
7074
7075
7073
7077
7078
7079
7076
7081
7082
7080
7084
7083
7086
7087
7088
7085
7090
7089
7092
7093
7091
7095
7096
7097
7094
7099
7100
7098
7102
7101
7104
7105
7106
7103
7108
7109
7107
7111
7110
7113
7114
7115
7112
7117
7116
7119
7120
7118
7122
7123
7124
7121
7126
7127
7125
7129
7128
7131
7132
7133
7130
7135
7136
7134
7138
7139
7137
7141
7142
7143
7140
7145
7146
7144
7148
7147
7150
7151
7152
7149
7154
7155
7156
7153
7158
7159
7157
7161
7162
7163
7160
7165
7166
7164
7168
7169
7170
7167
7172
7173
7174
7171
7176
7177
7175
7179
7180
7181
7178
7183
7182
7185
7186
7187
7184
7189
7190
7188
7192
7193
7191
7195
7196
7197
7194
7199
7200
7198
7202
7201
7204
7205
7206
7203
7208
7209
7210
7207
7212
7213
7214
7211
7216
7217
7215
7219
7220
7221
7218
7223
7224
7222
7226
7225
7228
7229
7230
7227
7232
7233
7234
7231
7236
7237
7235
7239
7240
7241
7238
7243
7244
7242
7246
7247
7248
7245
7250
7251
7252
7249
7254
7255
7253
7257
7258
7259
7256
7261
7260
7263
7264
7265
7262
7267
7268
7266
7270
7271
7272
7269
7274
7275
7276
7273
7278
7277
7280
7281
7279
7283
7284
7285
7282
7287
7288
7286
7290
7289
7292
7293
7294
7291
7296
7297
7298
7295
7300
7301
7299
7303
7304
7302
7306
7307
7308
7305
7310
7311
7309
7313
7312
7315
7316
7317
7314
7319
7320
7318
7322
7323
7324
7321
7326
7327
7325
7329
7328
7331
7332
7333
7330
7335
7336
7337
7334
7339
7340
7341
7338
7343
7344
7342
7346
7347
7348
7345
7350
7351
7352
7349
7354
7355
7353
7357
7358
7359
7356
7361
7360
7363
7364
7365
7362
7367
7366
7369
7370
7371
7368
7373
7374
7372
7376
7377
7378
7375
7380
7381
7382
7379
7384
7385
7383
7387
7388
7389
7386
7391
7390
7393
7394
7395
7392
7397
7398
7396
7400
7401
7399
7403
7404
7405
7402
7407
7408
7406
7410
7409
7412
7413
7414
7411
7416
7417
7418
7415
7420
7421
7419
7423
7424
7425
7422
7427
7428
7426
7430
7431
7432
7429
7434
7435
7436
7433
7438
7439
7437
7441
7442
7443
7440
7445
7444
7447
7448
7449
7446
7451
7452
7450
7454
7455
7453
7457
7458
7459
7456
7461
7462
7460
7464
7463
7466
7467
7468
7465
7470
7471
7469
7473
7474
7475
7472
7477
7478
7476
7480
7479
7482
7483
7484
7481
7486
7487
7488
7485
7490
7491
7492
7489
7494
7495
7493
7497
7498
7499
7496
7501
7502
7503
7500
7505
7506
7504
7508
7509
7510
7507
7512
7511
7514
7515
7516
7513
7518
7517
7520
7521
7522
7519
7524
7525
7523
7527
7528
7529
7526
7531
7532
7533
7530
7535
7536
7534
7538
7539
7540
7537
7542
7541
7544
7545
7546
7543
7548
7549
7547
7551
7552
7550
7554
7555
7556
7553
7558
7559
7557
7561
7560
7563
7564
7565
7562
7567
7568
7569
7566
7571
7572
7570
7574
7575
7576
7573
7578
7579
7577
7581
7582
7583
7580
7585
7586
7587
7584
7589
7590
7588
7592
7593
7594
7591
7596
7595
7598
7599
7600
7597
7602
7603
7604
7601
7606
7607
7605
7609
7610
7608
7612
7613
7614
7611
7616
7617
7615
7619
7618
7621
7622
7623
7620
7625
7624
7627
7628
7629
7626
7631
7630
7633
7634
7632
7636
7637
7638
7635
7640
7641
7639
7643
7642
7645
7646
7647
7644
7649
7650
7648
7652
7653
7651
7655
7656
7657
7654
7659
7660
7658
7662
7661
7664
7665
7666
7663
7668
7669
7670
7667
7672
7673
7674
7671
7676
7677
7675
7679
7680
7681
7678
7683
7684
7682
7686
7685
7688
7689
7690
7687
7692
7693
7694
7691
7696
7697
7695
7699
7700
7701
7698
7703
7704
7702
7706
7707
7708
7705
7710
7711
7712
7709
7714
7715
7713
7717
7718
7719
7716
7721
7720
7723
7724
7725
7722
7727
7728
7726
7730
7731
7732
7729
7734
7735
7736
7733
7738
7737
7740
7741
7739
7743
7744
7745
7742
7747
7748
7746
7750
7749
7752
7753
7754
7751
7756
7757
7755
7759
7760
7758
7762
7763
7764
7761
7766
7767
7765
7769
7768
7771
7772
7773
7770
7775
7776
7774
7778
7779
7777
7781
7782
7783
7780
7785
7786
7784
7788
7787
7790
7791
7792
7789
7794
7795
7793
7797
7798
7796
7800
7801
7802
7799
7804
7805
7803
7807
7806
7809
7810
7811
7808
7813
7814
7812
7816
7817
7818
7815
7820
7821
7819
7823
7822
7825
7826
7827
7824
7829
7830
7831
7828
7833
7834
7835
7832
7837
7838
7836
7840
7841
7842
7839
7844
7845
7846
7843
7848
7849
7847
7851
7852
7853
7850
7855
7854
7857
7858
7859
7856
7861
7862
7860
7864
7865
7866
7863
7868
7869
7870
7867
7872
7873
7871
7875
7876
7874
7878
7879
7880
7877
7882
7883
7884
7881
7886
7887
7885
7889
7890
7891
7888
7893
7894
7895
7892
7897
7898
7896
7900
7901
7902
7899
7904
7905
7903
7907
7906
7909
7910
7911
7908
7913
7914
7912
7916
7917
7915
7919
7920
7921
7918
7923
7924
7922
7926
7925
7928
7929
7930
7927
7932
7933
7931
7935
7936
7937
7934
7939
7940
7941
7938
7943
7944
7945
7942
7947
7948
7949
7946
7951
7952
7950
7954
7955
7956
7953
7958
7959
7957
7961
7960
7963
7964
7965
7962
7967
7968
7969
7966
7971
7972
7970
7974
7975
7976
7973
7978
7979
7977
7981
7982
7983
7980
7985
7986
7987
7984
7989
7990
7988
7992
7993
7994
7991
7996
7995
7998
7999
8000
7997
8002
8003
8001
8005
8006
8007
8004
8009
8010
8011
8008
8013
8012
8015
8016
8014
8018
8019
8020
8017
8022
8023
8021
8025
8024
8027
8028
8029
8026
8031
8032
8033
8030
8035
8036
8037
8034
8039
8040
8038
8042
8043
8044
8041
8046
8047
8048
8045
8050
8051
8049
8053
8054
8055
8052
8057
8056
8059
8060
8061
8058
8063
8064
8062
8066
8067
8068
8065
8070
8071
8072
8069
8074
8075
8073
8077
8078
8079
8076
8081
8082
8080
8084
8083
8086
8087
8088
8085
8090
8091
8089
8093
8094
8092
8096
8097
8098
8095
8100
8101
8102
8099
8104
8105
8103
8107
8108
8109
8106
8111
8112
8110
8114
8115
8116
8113
8118
8119
8117
8121
8120
8123
8124
8125
8122
8127
8128
8129
8126
8131
8132
8130
8134
8135
8136
8133
8138
8139
8137
8141
8142
8143
8140
8145
8146
8147
8144
8149
8150
8148
8152
8153
8154
8151
8156
8155
8158
8159
8160
8157
8162
8163
8161
8165
8166
8164
8168
8169
8170
8167
8172
8173
8171
8175
8174
8177
8178
8179
8176
8181
8182
8180
8184
8185
8183
8187
8188
8189
8186
8191
8192
8190
8194
8193
8196
8197
8198
8195
8200
8199
8202
8203
8201
8205
8206
8207
8204
8209
8210
8208
8212
8211
8214
8215
8216
8213
8218
8219
8217
8221
8220
8223
8224
8225
8222
8227
8228
8229
8226
8231
8232
8230
8234
8235
8236
8233
8238
8239
8237
8241
8242
8243
8240
8245
8246
8247
8244
8249
8250
8248
8252
8251
8254
8255
8253
8257
8258
8259
8256
8261
8262
8260
8264
8263
8266
8267
8268
8265
8270
8271
8269
8273
8274
8275
8272
8277
8278
8279
8276
8281
8282
8280
8284
8285
8286
8283
8288
8287
8290
8291
8292
8289
8294
8295
8293
8297
8298
8299
8296
8301
8302
8303
8300
8305
8306
8307
8304
8309
8310
8308
8312
8313
8314
8311
8316
8317
8315
8319
8318
8321
8322
8323
8320
8325
8326
8327
8324
8329
8330
8328
8332
8333
8334
8331
8336
8337
8335
8339
8340
8341
8338
8343
8344
8345
8342
8347
8348
8346
8350
8351
8352
8349
8354
8353
8356
8357
8358
8355
8360
8361
8359
8363
8364
8362
8366
8367
8368
8365
8370
8371
8369
8373
8372
8375
8376
8377
8374
8379
8380
8378
8382
8383
8381
8385
8386
8387
8384
8389
8390
8388
8392
8391
8394
8395
8396
8393
8398
8397
8400
8401
8399
8403
8404
8405
8402
8407
8408
8406
8410
8409
8412
8413
8414
8411
8416
8417
8415
8419
8418
8421
8422
8423
8420
8425
8426
8427
8424
8429
8430
8428
8432
8433
8434
8431
8436
8437
8435
8439
8440
8441
8438
8443
8444
8445
8442
8447
8448
8446
8450
8449
8452
8453
8451
8455
8456
8457
8454
8459
8460
8458
8462
8461
8464
8465
8466
8463
8468
8467
8470
8471
8472
8469
8474
8475
8473
8477
8478
8479
8476
8481
8482
8480
8484
8483
8486
8487
8488
8485
8490
8491
8492
8489
8494
8495
8493
8497
8498
8499
8496
8501
8502
8500
8504
8505
8506
8503
8508
8509
8510
8507
8512
8513
8511
8515
8516
8517
8514
8519
8518
8521
8522
8523
8520
8525
8526
8524
8528
8529
8530
8527
8532
8533
8534
8531
8536
8535
8538
8539
8537
8541
8542
8543
8540
8545
8546
8544
8548
8547
8550
8551
8552
8549
8554
8555
8553
8557
8558
8556
8560
8561
8562
8559
8564
8565
8563
8567
8566
8569
8570
8571
8568
8573
8574
8575
8572
8577
8578
8576
8580
8581
8582
8579
8584
8585
8583
8587
8588
8589
8586
8591
8592
8593
8590
8595
8596
8594
8598
8599
8600
8597
8602
8601
8604
8605
8606
8603
8608
8609
8607
8611
8610
8613
8614
8612
8616
8617
8615
8619
8620
8621
8618
8623
8624
8622
8626
8625
8628
8629
8630
8627
8632
8633
8631
8635
8636
8637
8634
8639
8640
8641
8638
8643
8644
8645
8642
8647
8648
8646
8650
8651
8652
8649
8654
8655
8656
8653
8658
8659
8657
8661
8662
8663
8660
8665
8664
8667
8668
8669
8666
8671
8672
8670
8674
8675
8673
8677
8678
8679
8676
8681
8682
8680
8684
8683
8686
8687
8688
8685
8690
8691
8689
8693
8694
8695
8692
8697
8698
8696
8700
8699
8702
8703
8704
8701
8706
8707
8708
8705
8710
8711
8712
8709
8714
8715
8713
8717
8718
8719
8716
8721
8722
8723
8720
8725
8726
8724
8728
8729
8730
8727
8732
8731
8734
8735
8736
8733
8738
8739
8737
8741
8742
8743
8740
8745
8746
8747
8744
8749
8750
8748
8752
8753
8751
8755
8756
8754
8758
8759
8760
8757
8762
8763
8761
8765
8764
8767
8768
8769
8766
8771
8772
8770
8774
8775
8776
8773
8778
8779
8777
8781
8780
8783
8784
8785
8782
8787
8788
8789
8786
8791
8792
8793
8790
8795
8796
8794
8798
8799
8800
8797
8802
8803
8804
8801
8806
8807
8805
8809
8810
8811
8808
8813
8812
8815
8816
8817
8814
8819
8820
8818
8822
8823
8824
8821
8826
8827
8828
8825
8830
8831
8829
8833
8834
8832
8836
8837
8838
8835
8840
8841
8842
8839
8844
8843
8846
8847
8845
8849
8850
8851
8848
8853
8854
8852
8856
8855
8858
8859
8860
8857
8862
8863
8864
8861
8866
8867
8865
8869
8870
8871
8868
8873
8874
8872
8876
8875
8878
8879
8880
8877
8882
8883
8884
8881
8886
8887
8885
8889
8890
8891
8888
8893
8894
8892
8896
8897
8898
8895
8900
8901
8902
8899
8904
8905
8903
8907
8908
8909
8906
8911
8910
8913
8914
8915
8912
8917
8918
8916
8920
8921
8922
8919
8924
8925
8926
8923
8928
8929
8927
8931
8932
8933
8930
8935
8936
8934
8938
8937
8940
8941
8942
8939
8944
8945
8946
8943
8948
8949
8947
8951
8952
8953
8950
8955
8956
8954
8958
8957
8960
8961
8962
8959
8964
8965
8966
8963
8968
8969
8967
8971
8972
8973
8970
8975
8976
8974
8978
8979
8980
8977
8982
8983
8984
8981
8986
8987
8985
8989
8990
8991
8988
8993
8992
8995
8996
8997
8994
8999
9000
8998
9002
9003
9001
9005
9006
9007
9004
9009
9010
9008
9012
9011
9014
9015
9016
9013
9018
9019
9017
9021
9022
9023
9020
9025
9026
9024
9028
9027
9030
9031
9032
9029
9034
9035
9036
9033
9038
9039
9040
9037
9042
9043
9041
9045
9046
9047
9044
9049
9050
9051
9048
9053
9054
9052
9056
9057
9058
9055
9060
9059
9062
9063
9064
9061
9066
9065
9068
9069
9067
9071
9072
9073
9070
9075
9076
9074
9078
9077
9080
9081
9082
9079
9084
9085
9083
9087
9088
9089
9086
9091
9092
9093
9090
9095
9096
9094
9098
9099
9100
9097
9102
9103
9101
9105
9104
9107
9108
9109
9106
9111
9112
9110
9114
9115
9113
9117
9118
9119
9116
9121
9122
9120
9124
9123
9126
9127
9128
9125
9130
9131
9129
9133
9134
9135
9132
9137
9138
9136
9140
9139
9142
9143
9144
9141
9146
9147
9148
9145
9150
9151
9152
9149
9154
9155
9153
9157
9158
9159
9156
9161
9162
9163
9160
9165
9166
9164
9168
9169
9170
9167
9172
9171
9174
9175
9176
9173
9178
9177
9180
9181
9182
9179
9184
9185
9183
9187
9188
9189
9186
9191
9192
9193
9190
9195
9196
9194
9198
9199
9200
9197
9202
9201
9204
9205
9206
9203
9208
9209
9207
9211
9212
9210
9214
9215
9216
9213
9218
9219
9217
9221
9220
9223
9224
9225
9222
9227
9228
9229
9226
9231
9232
9230
9234
9235
9236
9233
9238
9239
9237
9241
9242
9243
9240
9245
9246
9247
9244
9249
9250
9248
9252
9253
9254
9251
9256
9255
9258
9259
9260
9257
9262
9263
9261
9265
9266
9264
9268
9269
9270
9267
9272
9273
9271
9275
9274
9277
9278
9279
9276
9281
9282
9280
9284
9285
9286
9283
9288
9289
9287
9291
9290
9293
9294
9295
9292
9297
9298
9299
9296
9301
9302
9303
9300
9305
9306
9304
9308
9309
9310
9307
9312
9313
9314
9311
9316
9317
9315
9319
9320
9321
9318
9323
9322
9325
9326
9327
9324
9329
9328
9331
9332
9333
9330
9335
9336
9334
9338
9339
9340
9337
9342
9343
9344
9341
9346
9347
9345
9349
9350
9351
9348
9353
9352
9355
9356
9357
9354
9359
9360
9358
9362
9363
9361
9365
9366
9367
9364
9369
9370
9368
9372
9371
9374
9375
9376
9373
9378
9379
9380
9377
9382
9383
9381
9385
9386
9387
9384
9389
9390
9388
9392
9393
9394
9391
9396
9397
9398
9395
9400
9401
9399
9403
9404
9405
9402
9407
9406
9409
9410
9411
9408
9413
9414
9415
9412
9417
9418
9416
9420
9421
9419
9423
9424
9425
9422
9427
9428
9426
9430
9429
9432
9433
9434
9431
9436
9435
9438
9439
9440
9437
9442
9441
9444
9445
9443
9447
9448
9449
9446
9451
9452
9450
9454
9453
9456
9457
9458
9455
9460
9461
9459
9463
9462
9465
9466
9464
9468
9469
9467
9471
9472
9473
9470
9475
9476
9474
9478
9477
9480
9481
9482
9479
9484
9485
9483
9487
9488
9489
9486
9491
9492
9493
9490
9495
9496
9497
9494
9499
9500
9498
9502
9503
9504
9501
9506
9507
9508
9505
9510
9511
9509
9513
9514
9515
9512
9517
9516
9519
9520
9521
9518
9523
9524
9525
9522
9527
9528
9529
9526
9531
9532
9530
9534
9535
9536
9533
9538
9539
9540
9537
9542
9543
9541
9545
9546
9547
9544
9549
9548
9551
9552
9553
9550
9555
9556
9554
9558
9559
9557
9561
9562
9563
9560
9565
9566
9564
9568
9567
9570
9571
9572
9569
9574
9575
9573
9577
9578
9579
9576
9581
9582
9580
9584
9583
9586
9587
9588
9585
9590
9591
9592
9589
9594
9595
9596
9593
9598
9599
9597
9601
9602
9603
9600
9605
9606
9607
9604
9609
9610
9608
9612
9613
9614
9611
9616
9615
9618
9619
9620
9617
9622
9623
9621
9625
9626
9627
9624
9629
9630
9631
9628
9633
9634
9632
9636
9637
9635
9639
9640
9641
9638
9643
9644
9642
9646
9647
9648
9645
9650
9651
9652
9649
9654
9655
9653
9657
9658
9656
9660
9661
9659
9663
9664
9665
9662
9667
9668
9666
9670
9669
9672
9673
9674
9671
9676
9677
9678
9675
9680
9681
9682
9679
9684
9685
9683
9687
9688
9689
9686
9691
9692
9690
9694
9693
9696
9697
9698
9695
9700
9701
9702
9699
9704
9705
9703
9707
9708
9709
9706
9711
9712
9710
9714
9715
9716
9713
9718
9719
9720
9717
9722
9723
9721
9725
9726
9727
9724
9729
9728
9731
9732
9733
9730
9735
9736
9734
9738
9739
9740
9737
9742
9743
9744
9741
9746
9745
9748
9749
9747
9751
9752
9753
9750
9755
9756
9754
9758
9757
9760
9761
9762
9759
9764
9765
9763
9767
9766
9769
9770
9768
9772
9773
9771
9775
9776
9777
9774
9779
9780
9778
9782
9781
9784
9785
9786
9783
9788
9789
9787
9791
9792
9793
9790
9795
9796
9797
9794
9799
9800
9801
9798
9803
9804
9802
9806
9807
9808
9805
9810
9811
9812
9809
9814
9815
9813
9817
9818
9819
9816
9821
9820
9823
9824
9825
9822
9827
9828
9829
9826
9831
9832
9833
9830
9835
9836
9834
9838
9839
9840
9837
9842
9843
9844
9841
9846
9847
9845
9849
9850
9851
9848
9853
9852
9855
9856
9857
9854
9859
9860
9858
9862
9863
9861
9865
9866
9867
9864
9869
9870
9868
9872
9871
9874
9875
9876
9873
9878
9877
9880
9881
9882
9879
9884
9883
9886
9887
9885
9889
9890
9891
9888
9893
9894
9892
9896
9895
9898
9899
9900
9897
9902
9903
9901
9905
9906
9904
9908
9909
9910
9907
9912
9913
9911
9915
9914
9917
9918
9919
9916
9921
9920
9923
9924
9922
9926
9927
9928
9925
9930
9931
9929
9933
9932
9935
9936
9937
9934
9939
9940
9938
9942
9941
9944
9945
9946
9943
9948
9949
9947
9951
9952
9953
9950
9955
9956
9957
9954
9959
9960
9958
9962
9963
9964
9961
9966
9965
9968
9969
9970
9967
9972
9973
9971
9975
9976
9977
9974
9979
9980
9981
9978
9983
9984
9982
9986
9987
9988
9985
9990
9989
9992
9993
9994
9991
9996
9997
9998
9995
