1000
8
1
2
3
0
5
4
7
6
14
10
11
9
13
12
18
15
17
16
24
20
21
19
23
22
118
26
25
28
29
30
27
32
33
34
31
36
35
38
37
40
41
39
43
42
45
46
47
44
49
48
51
50
53
54
52
56
57
58
55
60
59
62
61
64
65
63
67
66
69
70
71
72
68
74
73
76
75
78
79
80
77
82
81
84
83
86
87
85
89
90
91
92
88
94
93
96
95
98
99
100
101
102
97
104
103
106
105
108
109
110
107
112
111
114
113
116
117
115
267
120
119
122
121
124
125
126
123
128
127
130
129
132
133
134
135
131
137
136
139
138
141
142
143
144
140
146
145
148
147
150
151
152
149
154
153
156
155
158
159
157
161
162
163
164
160
166
165
168
167
170
171
172
173
174
169
176
175
178
177
180
181
182
179
184
183
186
185
188
189
187
191
192
190
194
193
196
197
198
195
200
199
202
201
204
205
203
207
208
209
206
211
210
213
212
215
216
214
218
217
220
221
222
219
224
223
226
225
228
229
227
231
232
233
230
235
234
237
236
239
240
238
242
241
244
245
246
243
248
247
250
249
252
253
251
255
256
257
254
259
258
261
260
263
264
262
266
265
918
269
268
271
272
273
270
275
274
277
276
279
280
278
282
283
284
281
286
285
288
287
290
291
289
293
294
295
292
297
296
299
298
301
302
300
304
303
306
307
308
305
310
311
312
309
314
313
316
315
318
319
317
321
320
323
324
325
322
327
326
329
328
331
332
330
334
335
336
333
338
337
340
339
342
343
341
345
344
347
348
346
350
351
352
349
354
353
356
355
358
359
357
361
360
363
364
365
362
367
366
369
370
371
372
368
374
373
376
375
378
379
380
381
382
377
384
383
386
385
388
389
390
387
392
391
394
393
396
397
395
399
400
401
402
398
404
403
406
405
408
409
410
407
412
411
414
413
416
417
418
415
420
421
422
419
424
423
426
425
428
429
427
431
430
433
434
435
432
437
436
439
438
441
442
440
444
445
446
443
448
447
450
449
452
453
451
455
454
457
456
459
460
461
458
463
464
465
462
467
466
469
468
471
472
470
474
473
476
477
478
475
480
479
482
481
484
485
483
487
488
489
486
491
490
493
492
495
496
494
498
497
500
501
502
503
499
505
504
507
506
509
510
511
508
513
512
515
514
517
518
516
520
521
519
523
524
525
522
527
526
529
528
531
532
533
530
535
534
537
536
539
538
541
540
543
544
545
542
547
546
549
548
551
552
553
550
555
556
557
554
559
558
561
560
563
564
562
566
565
568
569
570
567
572
571
574
573
576
577
575
579
580
581
578
583
582
585
584
587
588
586
590
589
592
593
591
595
596
597
594
599
598
601
600
603
604
602
606
605
608
609
610
607
612
611
614
613
616
617
615
619
620
621
618
623
622
625
624
627
628
626
630
629
632
633
634
631
636
635
638
637
640
641
642
639
644
645
646
643
648
647
650
649
652
653
651
655
654
657
658
659
656
661
660
663
662
665
666
664
668
669
670
667
672
671
674
673
676
677
675
679
678
681
682
680
684
685
686
683
688
689
690
687
692
691
694
693
696
697
695
699
698
701
702
703
700
705
704
707
706
709
710
708
712
713
714
711
716
715
718
717
720
721
719
723
722
725
726
727
728
724
730
729
732
731
734
735
736
733
738
737
740
739
742
743
741
745
746
747
748
744
750
749
752
751
754
755
756
757
758
753
760
759
762
761
764
765
766
763
768
767
770
769
772
773
771
775
776
774
778
779
780
777
782
781
784
783
786
787
785
789
790
791
788
793
792
795
794
797
798
796
800
801
802
799
804
803
806
805
808
809
807
811
810
813
814
815
812
817
816
819
818
821
822
820
824
825
826
823
828
829
830
827
832
831
834
833
836
837
835
839
838
841
842
843
840
845
844
847
846
849
850
848
852
853
854
851
856
855
858
857
860
861
859
863
862
865
866
867
864
869
868
871
870
873
874
872
876
877
878
875
880
879
882
881
884
885
883
887
888
889
886
891
890
893
892
895
896
894
898
899
900
897
902
901
904
903
906
907
905
909
908
911
912
913
910
915
914
917
916
999
920
921
919
923
924
925
922
927
926
929
928
931
932
930
934
933
936
937
938
935
940
939
942
941
944
945
943
947
948
949
946
951
950
953
952
955
956
954
958
957
960
961
959
963
964
965
962
967
966
969
968
971
972
970
974
973
976
977
978
975
980
979
982
981
984
985
983
987
988
989
986
991
990
993
992
995
996
994
998
997
