100
26289
9452
25491
27785
12312
642
19122
12232
5062
2429
28920
6036
10184
22914
4612
24926
8926
16678
10665
8960
26506
27824
30622
4000
17767
29216
27511
983
25788
24177
3284
7442
4177
10268
13273
24633
20865
10973
9694
13199
4753
4281
27239
12250
15168
19520
27734
3267
31647
2064
15199
11391
14627
12186
445
2735
20985
29993
547
4741
10905
31008
12790
8233
14750
30338
17337
12635
1493
6328
13769
2393
19092
24207
14666
19459
13901
11905
1377
21565
30562
53
27299
18837
2875
16201
15054
14630
919
19278
22711
13755
13855
14612
1156
17208
2625
14632
14363
4406
