10000
26335
28858
13445
4224
25644
22848
29928
4018
6848
14660
26849
6653
25216
25186
20390
5515
23930
12487
3527
10625
22483
15181
11454
3900
25600
20199
30919
2266
1849
14656
12530
8445
2603
9887
32118
6091
16878
5902
8264
8506
25910
11963
5100
22666
16845
26014
3212
3347
26177
23132
3911
19520
5082
19564
5067
19676
3278
376
25638
8076
4792
6662
11993
18589
10567
6487
32558
9984
28979
9359
4044
19603
12150
15639
11145
11171
21688
31296
4223
15790
6411
1577
2402
1901
32728
25058
12561
7697
22553
13521
5226
4558
3273
11093
9827
24982
22937
10410
14934
23591
14309
20493
30877
4679
6118
10528
351
15950
14889
25487
12713
17638
15680
32244
16065
13071
13239
21496
7095
23910
22090
22459
23868
1190
9812
31351
4023
9071
5259
2144
13206
18758
32747
31694
21474
9950
8432
2973
27415
12181
13576
30932
2610
29762
32328
24454
30219
6958
27486
3830
12005
6496
31687
11518
5700
4382
13378
10418
9983
31152
14212
16448
29589
29799
22317
7707
24260
29406
12539
20824
16984
4736
11325
9560
30786
20810
27531
7335
31209
32722
1717
4900
2501
5257
8441
19298
6953
17469
12153
27471
27744
994
1004
11283
1788
22417
28563
16699
6763
4817
4718
15127
25803
28182
10929
26720
7679
5511
30834
31518
6403
5380
2468
29897
3964
17768
584
7599
19348
7947
13538
2965
9220
5516
7978
31649
32370
24781
7941
888
19454
22334
29619
23971
13336
15711
24394
21815
24980
11904
31843
5301
9728
715
7187
23599
26421
22149
16413
25260
2860
5777
1381
26318
22035
13878
4776
12978
28320
29218
24427
5912
31910
17582
26417
8644
5606
28515
7409
4900
27943
15805
12999
22322
30601
25904
2538
1436
31766
9833
24286
11554
16794
5078
1515
28224
20148
8552
19405
10510
28718
24984
20141
16996
31114
5032
25424
17473
29661
26411
23183
23918
12001
6343
15111
1118
26693
19514
17169
16729
32071
18331
18165
25562
23173
29666
16218
10037
7696
18091
7169
2684
8131
31031
11955
24484
21459
12468
17016
21988
15270
31678
13066
862
22761
18725
6281
12801
22237
15345
23408
29614
24049
163
17608
16793
17814
1982
24220
10995
6223
18822
14508
22214
7687
30472
25957
23840
24744
15450
17169
15219
24297
30756
25932
26684
24936
3167
12983
18915
9720
11357
2800
5346
21820
19466
2241
21802
30325
5233
13463
9922
21912
386
15158
25010
4004
3346
31916
15647
14642
2851
1923
11703
21325
7014
21563
848
645
21502
21752
2507
15423
2439
11639
12607
24143
22615
10054
340
25801
21251
13877
23532
12819
31269
8456
21257
7487
24925
8814
5611
15000
9622
5687
14712
4731
6283
1729
24545
14953
17801
11955
899
1113
13174
17134
26891
14419
2066
6337
31966
3130
28797
31836
8120
19946
29434
19336
9874
29571
3570
10389
4554
1539
18492
22931
16254
6683
5787
10181
7480
19259
14984
21330
7377
27888
32306
28478
28815
26223
29124
14745
21137
27762
3558
17398
23405
3394
24454
31
11287
17173
8408
1287
28421
155
25499
8192
29840
27604
12447
1582
28318
15140
16516
14908
3966
26793
12740
31309
4115
12236
24564
18998
24885
2326
16454
28138
3156
6214
26451
26677
1886
16544
7191
20910
32739
21383
7229
7143
24952
3406
30109
5350
7001
21580
6404
16089
26962
28206
2611
20485
9183
8081
20778
28416
23442
27089
4262
32544
17333
23323
26088
4403
12337
9418
30136
19568
10926
27632
19114
25518
25340
2098
26784
27348
32433
9434
14736
8337
3092
30759
14215
77
7226
1255
30702
12383
18543
6728
31757
8320
9944
1516
27341
27775
29270
11323
6082
22327
27052
31485
31592
29119
10725
27176
173
17120
2032
32502
19376
716
11662
1339
24009
16140
32110
29430
15049
31419
661
10790
29571
7922
28420
3295
14731
20355
28053
6044
24637
30698
19239
30167
28417
9344
15098
17623
10446
31730
14940
30922
11501
27890
22406
6163
5376
25644
24513
16613
13378
7804
14541
11537
23568
27486
27010
10268
18857
29606
5560
11157
8498
22641
29029
5541
6653
15963
28421
11752
16394
6386
11583
27771
28366
19051
26565
14167
26932
27540
28540
2525
13026
20490
28125
15025
3773
6828
30619
21452
18095
30287
12933
12493
8360
18100
4783
22416
9442
26039
29388
16130
6506
16584
3039
30772
22236
27295
4115
28078
23149
29996
27878
11525
14639
10189
30861
28336
22673
26052
3732
20503
4133
22760
24518
29677
6311
13466
31052
31936
27706
9467
18201
5582
31732
15965
5509
32283
24221
247
22071
18880
23732
17628
11337
19846
32179
8750
935
26803
31381
10638
14264
8484
14740
216
3393
17820
14135
14349
902
2652
140
27281
16562
21492
8882
151
7544
9304
13211
9433
5115
24118
22544
17036
5611
21127
27382
8083
3569
19557
10703
26355
4174
3868
2692
14215
32447
31363
7777
2805
9123
18829
9825
2272
2143
7963
15532
6751
2818
21780
14174
20910
30501
16824
10378
31268
9750
26417
8063
25701
27189
16747
3913
17113
18845
9766
32379
10845
19463
27466
25644
2872
24556
18298
22080
13904
6890
8427
27881
17054
22889
15991
32620
26335
382
3821
7721
7052
27920
31404
28118
6413
16185
29552
18443
1578
10478
13931
17667
27330
24803
29848
4769
15039
21161
21836
15537
3401
18713
1806
19057
21562
6134
21160
21839
10194
2254
25726
31989
31405
3873
16415
23683
18929
1990
4634
25883
7628
1929
21523
16803
28190
32025
30485
10182
16242
10786
2090
14908
3123
14262
809
24652
19997
27121
18384
13967
15345
14045
25874
31990
3949
17555
11954
9742
26491
4771
20753
27523
6825
21174
22341
3044
3545
13426
22378
5541
25401
10398
14653
25450
5494
24455
19175
11651
21293
1698
6166
21682
11939
2418
14162
18997
30133
22956
399
14592
17938
666
26622
21579
12711
3005
23593
28492
1883
28342
32319
16966
5117
9319
1452
194
28538
3413
6125
9500
10836
14672
419
5442
28495
21079
1510
1209
28014
11958
14299
14305
7709
20081
4745
3193
15280
18405
17128
27493
31756
26541
22587
1967
25508
1987
20128
3789
17576
25063
10214
11810
15992
24901
1694
4551
20831
14162
32629
16522
23166
14327
5313
31031
3078
16625
4185
29975
13739
12408
12202
13239
29013
12062
22023
13290
2072
20731
14657
15889
9062
20999
15480
9114
7811
29127
27952
6087
3130
12844
22183
1457
17615
32184
8039
1932
4148
30946
9495
25388
16511
700
2710
12232
20636
10451
27723
2303
23359
4694
11958
29464
32285
9851
6987
21646
32092
29215
16257
10444
15176
4269
16934
20533
22599
7232
8949
8551
3855
26892
6250
8129
8470
4090
32725
31523
26442
3218
5038
15604
23299
29214
23592
18026
11062
31756
3592
1029
12779
32149
19384
31325
24049
29852
31895
4126
25808
17369
11924
14673
20735
22582
13819
26589
16471
15737
32654
25933
26312
26148
18648
31187
10571
10905
12990
1165
25879
17282
25175
26888
14104
17264
9214
30211
22429
21442
17573
10613
24145
14537
5484
30161
620
24874
19826
27784
11050
1155
15850
29135
25725
5457
3186
23972
3070
2577
26529
11787
18986
16805
27103
11934
11211
1786
7802
14660
28596
30696
23798
29761
23729
21337
28324
12655
13246
29358
12918
21194
4727
29278
13073
22578
22992
19936
25380
31341
27910
29388
29688
30572
23766
3901
31305
29647
21228
8057
21845
5547
20894
32468
3122
15498
7130
32721
5476
31411
22877
20363
15535
13228
19238
10323
6954
1022
9259
6043
21909
22072
23114
23315
5356
18742
898
6417
27964
19363
4963
30774
9910
4285
3267
23119
7426
16984
31667
15993
10454
5158
19378
3721
18374
7221
20000
23466
30302
5305
1269
20040
28782
27404
1458
19757
19365
16371
2200
8170
8289
15651
30744
4217
13510
25604
5260
20512
24078
14772
36
9112
3103
29775
18211
6767
13155
3438
14411
21931
2260
24045
8597
8624
17494
9970
17702
26468
23882
11306
6783
14480
30048
17238
12276
31626
26028
32007
16479
31249
8701
19109
20757
22392
26218
17846
27673
12807
25389
31837
19088
29598
23221
26401
885
5531
26102
27632
4750
23550
21252
4708
19359
19403
20960
19781
3549
24752
25489
32078
19365
17896
16247
4404
14958
5727
8925
26340
16125
26647
16077
21004
27096
9930
14376
27614
6140
465
28150
4113
3026
28996
31226
11048
4704
5731
8073
15862
2236
31540
7325
14946
21959
30062
4390
7528
11287
12438
28832
27232
10293
9064
12778
27523
7945
29816
12630
23467
12434
4633
30973
23898
29403
382
25429
25342
18730
10527
19461
27763
15226
6750
17143
15818
25131
7787
30127
29513
14841
2661
17116
5810
29739
7874
11309
6601
5900
30192
6758
23056
671
17980
10163
4565
11663
31476
25660
23150
11877
26824
18681
9156
25853
8566
19656
17678
22587
10919
20413
2783
7162
7187
20665
26211
21317
26860
8510
8677
8906
22650
2945
16021
10123
29187
7873
24457
17879
24557
5592
26113
25721
3622
3088
8943
26671
1988
29751
16823
862
22505
1526
20531
11779
29162
5470
2042
23021
25776
2244
15586
14122
23902
24783
5315
7359
15667
1743
27774
27036
18099
21840
3646
29134
9729
3824
7422
19447
22672
14189
22860
4859
14330
770
9036
28669
11312
20468
24063
138
18644
24168
6085
27923
23011
14967
7201
17313
9111
3204
21181
27332
22924
17357
4014
16588
4385
20289
14584
15164
13089
22674
25941
6780
12451
13706
22578
1486
32558
930
32507
9091
8225
8657
21400
367
14162
31906
18488
24986
29942
24713
8269
16184
22209
18039
23255
8156
1102
20140
4582
1256
19136
24013
29530
4424
31658
4150
14062
14176
13100
30609
13685
834
18783
22183
1379
21797
29427
20343
16526
8211
21783
14213
22326
225
4249
1653
5187
16740
2127
4824
14031
7138
26293
4422
17636
21191
9943
2477
31623
28825
9330
14056
32757
17454
30550
1172
13868
27933
7694
7967
24749
3186
15299
18977
28033
28070
27998
28912
5242
15310
31213
9583
10939
5906
25160
294
20346
7777
5108
7320
22021
16739
17223
4304
4355
28335
12493
14142
25341
29247
24043
7105
14365
6176
29890
21765
19765
26478
26454
14095
26626
2432
2544
5142
25779
12640
11457
32661
15525
6014
30919
18334
27249
23973
5109
6257
20264
28461
20622
32333
31965
12659
27602
14726
2660
6278
8156
6360
21594
29731
3275
19963
20325
2276
15648
28791
20413
18868
18791
8890
27116
17798
24346
3432
20690
7495
11970
9458
21739
5648
1375
28010
26837
7073
5386
12438
20236
18187
12505
23107
21753
15788
3
28379
16171
31840
27716
20538
19172
25334
20355
17598
26839
5089
9395
29853
5424
31792
16375
20860
28885
6081
21001
7229
32747
17841
15068
32024
12701
16662
28544
25069
5400
4593
30535
5848
24538
2654
17446
19719
10541
9230
27229
968
32494
20983
31578
2022
14227
6730
2011
32054
9581
3238
3412
9837
3881
26763
21136
24372
4509
2065
30618
31871
20162
25306
15582
1818
3580
15685
17804
1156
12706
22500
22845
16897
9658
13105
26841
21995
11268
15228
23224
19273
10555
28968
25095
11171
22423
24855
25966
23316
662
355
14575
31392
12284
17999
12050
17608
23064
893
17727
6236
8010
28001
28523
9617
2754
20213
18167
29011
23178
18350
8404
8924
26311
9647
20204
20358
3644
12350
4285
14557
19471
30324
30535
12537
23248
30264
16425
6411
2231
12142
27655
11829
8493
30571
5166
6303
3982
8364
17275
28871
7982
19144
22137
12056
31898
28324
9929
14783
23584
31462
1479
1210
27025
5292
19050
30769
25925
20605
30316
4362
4704
30592
13995
28600
23124
11499
17104
18771
18855
1983
24622
28398
18935
29875
3053
24357
15675
29805
4199
5621
24139
2552
2514
3793
2723
28019
7712
11505
22883
22278
27683
32238
9115
30235
30197
2700
25030
26826
2711
10710
660
18324
29400
2673
7917
6485
25976
26154
12082
17268
1678
5073
9670
19037
30247
27466
4813
30257
12848
12257
13619
12219
20374
29918
7408
10663
20139
12377
17035
10734
3788
28752
14301
1941
9537
26103
22040
12439
7012
15183
3336
19488
22533
26362
14232
19707
14350
29262
6551
2126
6755
26024
27324
9349
25356
20227
4840
29836
14742
5833
31660
4929
1718
5864
6923
21289
30000
10281
7041
22113
31223
6590
17732
25304
10134
18201
3273
18108
20686
16389
27274
24882
16001
14063
24583
9034
31951
10628
19978
7474
894
30594
48
27562
15775
23495
4517
6583
13422
31663
3887
19100
24955
156
31342
16390
27655
28630
4706
4231
21937
13462
1325
8773
23122
4189
28442
15860
1829
25994
19167
19969
19755
4140
14111
7696
4813
16661
13619
11945
2244
3888
17706
28974
17974
13076
782
17
28705
8408
10601
10051
28669
29737
7432
20720
32157
25243
26111
10857
87
10301
14830
5474
2916
8816
31618
14685
31113
3321
21310
18790
27639
5460
17787
20993
12401
14411
27053
9057
21164
7624
9961
11226
23803
26344
6564
22169
3116
8784
1726
17043
31404
23236
32703
26043
1778
29686
7264
28792
31003
18843
27981
1366
11218
17604
3113
6396
15475
23404
27858
3678
1648
11853
21479
25395
28147
14585
5768
170
15813
18469
1885
1112
7278
10824
13530
5493
23710
20069
23745
6729
11467
17700
14568
25057
27164
22568
2364
5638
6790
11165
32518
2416
21045
7696
28013
13878
2093
23172
25404
137
7729
20674
4582
4514
8163
2032
9672
24313
32046
32613
29613
12728
17377
4540
8087
17007
7324
3623
8381
15625
3824
31750
18128
16639
20674
15545
9346
12747
9456
32690
841
27552
3384
15566
17504
12376
21333
10469
21264
24750
11626
22688
3117
21933
420
1418
16099
28264
3355
10602
10931
9708
29178
25553
7864
17779
28896
24047
7727
1754
20870
8362
11830
15189
16033
4338
12500
19042
6410
1614
28986
7419
1564
12219
17736
18704
15709
15031
26707
4404
22881
28825
29478
3223
12268
15907
5446
2868
30039
22874
29563
2635
12085
31125
20363
19730
14902
21973
23881
28072
26443
23892
26830
31306
29706
24161
12807
29385
25173
3946
8560
14907
29494
11867
14878
20721
18702
10791
27907
27306
29935
2723
12654
13574
29510
2715
1745
25150
23485
6176
17351
19473
18527
12063
22101
17154
14333
16952
22896
24000
28625
9676
9152
23782
8290
12632
13220
30436
20903
2818
7286
8253
23151
20850
22800
9204
26369
6115
10127
8256
21247
26746
21079
15239
23184
16598
2647
9610
26301
15592
13966
14558
31004
25605
23757
20635
31404
19513
1983
9816
29185
2015
20008
19542
25761
4462
24426
6139
26541
10646
14669
4226
9156
23436
27391
13810
20516
7074
2394
13388
26898
13338
14438
22281
9597
29756
28191
20675
28638
21926
21112
11059
26210
3044
24735
29531
9803
12864
11651
30212
26259
3035
30612
8299
9683
2557
25545
22840
28516
3242
3048
26031
31684
4470
16898
12074
12347
17562
11580
31943
16830
10310
9174
30046
32531
17977
26213
32182
1590
8080
8291
18168
26876
20187
20970
8547
1270
4214
1725
26434
4760
9495
32392
5147
12186
17059
10857
23594
26783
1862
9134
22541
1557
8898
32737
6337
8284
10759
9730
14285
16170
18693
2323
14269
2094
18110
27610
18642
16627
3999
4578
17912
10248
14864
451
32248
26974
14666
15523
7407
12785
12904
3837
18943
9898
10177
24225
19780
17028
28278
6652
21002
24559
8775
11418
6461
29042
2987
7401
12320
11667
11295
14144
32578
12795
25790
27167
17839
25046
27410
14265
21603
889
42
24751
7684
24903
7660
11295
28368
29141
3757
28893
24788
19276
8959
17408
24670
26127
31178
28833
21686
29342
3743
7391
16649
18107
584
16422
29094
9675
20900
20146
2413
26750
28338
15950
899
18354
28651
18530
32075
20117
18901
3372
23698
14346
18133
31822
9738
15183
12612
9865
6138
3036
25542
23752
23859
4238
13271
16480
27718
5636
27303
10390
26356
74
16424
354
3558
16308
3173
1906
7327
3341
8981
1394
8622
12529
3440
30347
10024
23160
5697
12841
16213
18709
23613
1282
18858
19901
24211
23380
1015
26443
14276
24685
15330
32291
31413
14193
13460
789
26115
12632
5298
30085
24982
9270
28815
5321
31353
18367
17568
16595
20712
15114
29744
19984
11435
6037
8276
20623
11171
13706
27426
8806
16035
1344
31518
10578
26753
8709
21237
8093
29548
539
20846
25669
4223
26624
28061
5722
5527
30962
858
32680
19810
7347
17393
4758
3513
2698
7963
32590
2096
10122
14381
9246
2283
6678
15248
23838
6067
13989
10353
30484
12104
10691
25273
18836
32505
857
8512
15468
27251
1837
3133
15423
15319
26284
8194
25199
15375
18408
10214
21568
9569
15837
25986
7483
9284
5624
14368
2257
23155
7898
22640
16193
6209
19545
31869
10684
16428
23751
30688
25030
2228
25463
11315
12255
4206
23678
24009
23907
30804
11703
16540
23983
30815
14602
20871
4741
8792
25581
20406
12210
18155
14378
27226
493
12541
483
30369
7427
11071
3796
16869
13617
1027
29401
21540
10193
847
30128
14000
30522
1840
3583
4903
15841
14929
3481
16038
23748
6348
25341
1338
26888
14144
5152
18839
7392
36
22124
19725
20402
23387
26632
13239
14709
29704
3674
6390
1374
4259
24010
18461
30651
12621
11977
28014
11039
26720
25618
21318
10431
8523
26160
32660
24604
18845
30785
17807
16866
4191
18937
8105
528
12199
27370
26046
17754
29802
770
13202
15820
30866
29781
4986
31407
17232
18972
16729
28592
17332
6398
6606
30527
22907
13455
2476
21558
24616
24087
4523
30395
28758
20628
12893
2151
19276
19970
21603
936
9426
4569
224
23139
16195
19672
32302
28638
3556
3585
9424
27102
20852
15589
168
7436
25348
2337
4714
6301
8457
29481
17745
5426
12976
21060
27921
19197
5489
31704
24588
29478
10471
28648
456
30829
11487
11995
20897
6928
26031
7295
20923
3055
23241
5197
23099
17134
25487
4847
11447
5275
30313
6399
23530
19217
28181
11026
23469
17948
14655
4853
19747
26269
10322
17974
23347
18736
19853
5606
15163
5133
9049
2974
9730
23596
27866
6080
23791
26029
1220
29951
3961
17270
3696
25890
13535
6686
15663
11012
11801
2570
9694
26080
17422
1237
20154
12747
22023
4597
29046
12674
19556
18076
9099
25958
9102
29917
22736
29637
9004
22032
29770
18011
5530
13431
23365
8473
5014
22562
16035
5669
14397
15119
3701
31521
20791
18582
19400
17328
24366
11268
11457
25910
31364
29319
18157
10208
28741
1098
13266
2277
11098
14560
25546
4619
15872
2790
4881
19052
8057
12004
5404
9338
29185
4469
27180
3393
25860
168
21284
236
1934
1189
22423
18571
7939
11156
29222
17683
22032
19642
22281
27558
22497
1765
2283
22293
11157
32267
12283
4772
25583
7214
26432
525
30542
22914
29740
2759
21471
20434
7285
25223
1041
7456
3616
9992
30537
22924
3551
8968
17112
9335
24476
25747
28458
3303
7510
2179
9535
22829
28716
24392
20575
29126
24503
20197
2058
29568
11165
5691
22063
11485
25443
21898
11678
2748
12419
53
9406
14390
1727
7109
18563
30151
11956
28721
7067
27566
24242
3421
5608
31638
21963
18912
14387
21877
11562
7946
2079
21429
21415
1574
2139
25234
26520
15100
284
30403
25321
1946
11467
22364
19823
32084
7418
16115
27001
16138
27549
6145
3752
16553
3191
22668
9985
8180
21202
16643
577
31365
32627
618
29552
25870
27341
4022
27833
26597
8053
7803
3449
9408
30934
6852
22166
2493
6694
4674
30994
13733
20889
23210
29408
29041
15316
30552
28150
25357
15268
568
5539
23901
6640
7142
22051
29054
25068
10004
14961
9550
19856
21293
23644
29486
22089
14903
6877
30470
15854
5630
2728
27786
9205
20591
21761
25276
31463
29506
30929
18610
29201
15068
8697
14234
10109
20595
2790
7675
13856
28531
7269
12350
29781
31264
16313
17004
30346
16765
5868
28473
10809
1133
3938
12354
7451
27161
692
19347
17560
31633
22971
14956
22913
24758
26090
27973
7169
25687
25825
4367
5073
922
25152
14781
8364
3230
27577
5635
28419
4190
19306
4189
9457
11225
15465
340
23409
27760
19872
22269
14287
21391
26331
21954
14684
15759
9247
22116
3942
12251
31550
9537
2919
21074
24488
26323
893
6125
22660
9594
14618
23202
15615
27771
6141
28296
2788
5192
24929
28731
2926
9218
6004
21122
14938
27708
15626
28463
9023
16130
15763
8007
10530
26905
4426
7779
27717
20617
29104
15702
16961
23641
12857
10256
29780
2458
4421
17091
14332
20903
5457
25156
5573
17834
19055
25523
12895
866
29683
26462
11763
26404
1648
13027
3511
7968
32227
32405
25537
998
25645
12833
10521
23081
7111
21618
32273
25026
17073
13009
17625
22007
16811
849
19022
17150
23464
1642
28947
21693
20864
27620
4835
724
28133
32502
3109
15837
3480
23984
9665
498
30684
16278
20787
29296
6956
3982
27358
25339
553
23804
30370
29123
5334
26667
2736
5893
31239
19951
23709
19924
11543
5768
9398
14873
7130
11210
19348
28633
24786
31355
5616
16310
28070
17149
17080
11449
14799
23852
20321
28494
18837
29578
22144
10640
8506
31130
15508
12487
30837
24969
7974
4143
16930
21779
14869
10492
23607
30117
14123
5018
31738
26559
7155
9785
10865
11677
18895
17545
25882
5398
17477
23746
14045
15556
12698
13800
23871
29797
18850
29517
19928
31873
9942
29015
12295
26958
11687
24451
7908
11472
32274
15274
18294
3140
9077
4740
14119
1215
30369
10602
28276
25363
26160
30048
3049
4850
6425
850
9037
26966
8065
13726
5402
28191
9684
31443
31280
26878
24085
25016
30665
13715
4978
11921
4016
8914
7196
21917
16558
25003
7509
32483
2885
18154
21963
30511
11937
25692
25124
12887
12748
15667
12250
17090
3361
6571
4681
27179
2051
15854
11782
10147
7887
2101
11891
26325
1294
14897
31120
13454
6128
29097
22036
7293
21750
5220
14269
5175
10478
13129
9700
6013
11044
10437
28756
22978
6359
30317
9820
12520
9450
9701
1059
7499
28636
12544
19004
4864
15354
13608
13178
26719
12755
30209
32006
3518
18669
29513
13486
29312
10422
5635
16768
15183
5565
14548
23192
11685
16162
4013
24630
29841
76
12970
19220
8888
27353
20538
9718
5530
11483
19073
17794
7702
10049
17402
12882
4656
18579
24417
31048
11283
32739
14032
22049
23122
23552
20008
27725
25971
10988
1202
510
3758
11664
18950
29056
3058
13231
6700
17608
1321
13337
1282
12111
30397
13601
17629
23073
7515
6480
10355
13872
20215
9307
21497
18671
25872
19539
7560
10012
7221
11036
2245
4573
3272
9248
9665
27151
8450
4676
22302
28123
11319
4636
17268
29834
1883
15450
30194
7322
22214
25741
29257
8209
23860
12296
16325
17169
16
6431
12221
4269
24818
12954
25390
23035
12390
16227
21411
11114
7663
29314
25432
11350
2379
27467
14494
7386
22777
16854
26753
26086
6649
14256
13481
28561
19667
24784
24702
12720
986
22733
24976
12967
14002
22606
28469
26751
28432
16065
13684
12345
12993
25680
12065
20322
20206
18448
27466
13288
26782
28284
16850
26156
30332
1059
15196
24920
2011
6301
12394
17907
31991
1475
25542
6835
5245
22304
7202
3986
29262
17826
251
30499
896
7061
16067
27175
25510
5330
13886
18780
10066
3892
15149
4501
12248
8012
9770
13839
27732
23894
15827
29955
11246
32363
15146
23160
25948
3576
27964
25947
6057
23406
16385
721
10293
28731
10884
21452
25086
8698
18499
28893
31261
5350
8665
8265
15764
17045
26842
12894
19526
22755
11007
30727
1351
1324
16515
1951
2134
32702
31180
17411
28840
27533
20558
23019
11496
24105
7853
10106
6267
9198
9249
16915
14856
5242
22303
3695
19256
2917
19254
7916
28090
22828
11831
19496
12683
16493
8344
15311
20596
21338
27930
18865
17108
17768
25514
1816
4511
1351
23429
17496
2471
13079
8352
22695
13338
18137
20551
7215
14412
31523
26884
18530
2743
20504
4546
12942
3393
15000
23602
5297
1213
21428
1646
22670
1971
7269
32733
6400
19044
10621
13654
19855
27657
19421
26760
21569
10588
2281
5785
19890
6233
30521
12813
32615
20806
21393
13290
12384
10481
25108
18457
13292
24633
28596
6416
5826
27855
2029
32430
8780
16190
12979
5222
10822
10793
20137
31392
22664
20180
23443
18268
27424
13031
18702
27161
6308
25454
7551
1781
3783
18723
2377
3349
16169
4592
14915
3143
28276
21424
873
3558
14756
19510
11473
29951
1446
25232
32737
10673
3365
19852
25536
5082
161
892
7690
10480
27841
22327
3016
4396
23274
26208
26271
10222
24592
15595
27207
23389
3532
20956
28223
12109
31151
16722
18367
26471
20183
26565
2031
7299
7615
17036
27222
16729
24155
14754
1941
23129
22629
13993
8277
27863
26098
11567
5246
26987
17480
30769
23209
5528
26355
12509
3033
14507
278
25244
22373
4070
14592
16464
29497
19934
14847
16090
23615
10530
6265
14560
31511
15901
15416
32717
270
18494
17670
32281
4430
30294
7546
20170
2642
24129
12305
28219
925
21448
29312
26652
21420
9926
15177
9914
12841
3210
5517
18304
19041
14461
1825
6334
20984
26628
31972
9386
30683
26024
20815
28069
16247
18293
8525
16319
7209
27807
25421
15228
24821
32364
29846
32217
22650
30797
4315
2442
6437
31566
26640
21894
27046
28849
18044
9413
18848
16342
782
2888
29349
7007
10228
17499
25953
10641
2410
15895
22293
3068
16080
32298
4936
2654
12800
17371
9657
25797
14558
2888
24727
4340
27953
22002
4852
26376
14001
23676
888
347
15200
3504
850
21417
10782
32451
11636
15729
4984
12506
9728
7070
17602
20428
28157
7527
22885
20010
8015
24692
30329
637
9446
6210
25751
10702
17205
17608
31720
29548
1254
15451
5762
31209
24524
3279
31989
19814
9753
30687
288
29456
6097
3790
15178
32235
10366
12623
7534
9423
19750
29603
20693
31152
26234
12289
4586
9762
6992
18234
32331
20763
14163
21661
2332
4603
25081
22808
2464
5323
16822
8609
6154
21442
24432
27860
11408
2574
24114
5086
13506
17361
23332
15001
4890
12137
2491
19192
15572
5108
24621
16294
27135
4371
26664
490
3029
3055
1987
24270
32072
28026
22197
22400
8669
5624
21444
20728
26301
10685
3713
26331
23050
6968
6451
26016
19567
5680
22289
12273
12539
12366
31412
4948
12079
732
18635
20490
6997
4556
29457
22583
18708
9212
8060
2628
27714
28856
28599
27266
31737
18049
7379
8208
19437
3852
31546
14590
20476
21646
31460
31154
15879
11319
30669
15243
513
10748
28326
7877
14405
16794
27082
5021
8749
14552
14965
32437
18656
3852
21040
31929
17003
32224
20624
2371
19732
30550
6432
3324
13546
17674
1436
5893
14241
11448
2144
17813
23197
15869
21279
8675
26445
11618
21976
29510
442
24726
10758
19866
3424
4091
15896
24295
21564
8548
21792
16445
9254
8222
11983
19938
22113
30253
27553
19120
30065
19159
341
21176
29996
10855
21408
24875
12564
23339
17698
28027
9444
959
21657
25533
4969
1677
6741
31826
3987
13973
14828
14022
7116
18794
7214
31736
21384
10877
1371
11131
21278
5022
23444
6205
20950
3776
12688
14438
8771
17661
27024
3203
3283
16090
1173
484
14500
31179
29136
21570
5785
30458
29274
12966
686
10052
25893
11141
3976
22660
3891
9264
12369
2069
13317
24428
13506
16018
4695
22364
19329
22752
6410
28328
32430
25199
26722
15576
24248
25788
29553
31233
20342
20507
21971
19876
11123
25011
12700
1235
12681
10954
10639
29589
28849
7491
19345
1420
9753
16740
32605
16853
16759
30941
19832
17968
926
29446
4712
32097
27470
13929
29217
5334
25681
25472
8128
30089
27843
5312
19835
17448
9394
32726
22744
11380
31719
15408
1822
31719
29186
21183
26121
20377
7373
31483
9410
22884
26826
10536
30990
70
18446
20952
25798
24584
17234
1714
28551
27677
8520
20593
10410
14797
6187
27184
1399
13715
15770
16868
28565
18371
10406
25130
6085
11375
31274
10563
24785
652
16219
29020
30398
22097
25247
3603
26185
10976
7843
17208
18578
18216
10151
6352
22290
18954
32541
12384
31698
18874
9587
32616
12767
617
7725
4909
18937
22561
31286
16827
26507
12272
23672
27691
18912
25672
11434
13858
13715
22694
27753
22170
4679
28786
25227
26085
4249
27942
4272
19694
27731
30643
10009
14787
7906
22817
27326
15696
5643
9845
16794
30317
17113
25559
22858
28188
5338
25332
7126
2315
13707
24738
26319
12897
6160
9666
14490
9143
12584
12139
18443
28259
27489
8773
14902
10749
11144
3378
27265
27676
31076
16180
30974
28001
8356
13451
4856
32695
24085
24349
10700
14808
27928
19995
3066
31764
2388
30946
5244
12878
14504
12575
25687
30535
29027
55
23151
32031
28856
29670
15775
24344
21868
7718
19721
16542
21202
19538
10923
23940
4089
14731
21556
28561
1828
16475
7701
3387
31098
20376
25818
26034
19199
9867
26811
32288
23235
7250
1902
21551
11098
30339
18496
2509
28555
4882
28260
32300
20300
26997
1419
30732
30959
9989
7349
17724
21142
27304
9030
29534
24556
25517
7260
1516
12311
22519
7264
19832
26600
21854
17627
17464
15445
4690
12939
5057
28970
16833
4535
10259
12283
24123
19647
29654
19293
12373
2295
18915
16982
5195
26037
28678
6161
17129
12713
20226
21462
8619
2669
25558
15674
24099
6749
22079
10387
22683
26793
22654
26543
8700
28585
13403
12998
4334
28016
10602
7596
12865
8867
141
27979
6284
29580
30906
24913
20243
8042
28927
17958
29678
523
29635
25377
15720
5021
1870
6395
28326
6850
26508
17540
32649
17634
3341
14740
31700
6341
9553
27205
23954
30561
24643
3679
26290
7920
14083
24340
15861
25670
4072
15086
21258
5730
25542
17925
19959
16451
18540
23157
3514
15613
1137
23823
31280
21003
4145
19023
11575
17383
10258
3982
14095
6360
21516
1145
519
32267
2152
6338
6485
742
17351
2582
22341
7833
20071
13902
16022
13302
32418
24041
800
1922
9911
27322
1467
23500
4045
3806
18269
10237
9781
20465
6018
7345
15088
21121
465
27397
32369
31171
16124
497
6307
12165
11496
13785
558
26724
4622
1630
759
14399
12321
30330
31205
2796
27120
10956
20971
21801
143
16944
18499
20949
11185
7315
26615
8032
4441
1030
24230
20864
24754
27664
3717
19237
5178
15177
420
29872
7974
21284
8819
8799
2563
18957
23940
16140
17049
2996
4242
3864
8980
21416
27331
8098
29798
13863
8746
13820
28647
11061
8848
21343
1086
20459
6516
8413
24965
21010
848
22424
4264
14832
7710
31026
6670
1634
25883
27780
32636
20267
31179
21139
3382
24972
7741
10175
18023
2837
9360
1342
28866
1722
30646
5833
874
16425
8568
6293
32015
24923
29114
29061
25946
24169
11009
15774
32140
29602
22578
23739
25698
18906
12189
22914
12603
13572
10041
15510
19068
16644
7729
8206
31540
190
16288
5927
3068
21363
665
15925
25378
5197
27499
1760
28678
26680
29219
5260
26051
7668
12882
15641
2322
21608
18448
461
5484
23354
32320
5262
32111
412
12822
15701
2691
18281
4055
13279
8125
9328
3296
16806
9220
23056
17130
16399
22386
773
4236
18149
6140
21889
8961
7942
22870
19326
19756
19804
21521
9555
20441
18959
12295
31366
30534
14329
11768
19682
12770
12379
5237
20937
1108
30414
25597
26059
32447
10620
5735
24183
5957
16783
28031
11888
3530
30698
5364
4036
15610
25111
7026
10362
31885
23425
1803
23914
30921
3812
2267
18258
9033
13313
5100
32293
8446
21910
23383
11942
22899
13197
31660
11830
2901
5492
21396
234
2610
8493
20405
1505
2433
2535
11734
15829
6371
11085
31556
24559
13736
25852
21108
12512
5525
19003
7145
20525
3812
31206
22104
28618
16781
12972
10763
10731
26052
30587
19331
26903
25539
22583
29025
5758
6345
12978
24967
652
28003
32729
22906
15294
8426
299
22026
18357
28237
25200
32310
29321
28176
9127
13642
10335
22933
24384
6218
3390
5019
16523
27283
18206
6660
15985
13760
11842
17627
28258
8395
22472
30357
910
17012
11903
8599
20056
29415
3576
18169
20487
24729
5088
21130
14015
27763
7052
30740
21937
4402
6102
30177
28046
23054
16168
24701
22849
11417
15830
23486
29405
27115
25265
25858
17620
11004
31193
4792
23403
7249
18898
27938
19050
15579
26330
17496
15128
1052
20602
10129
5734
13195
3420
24990
8043
22330
14684
7863
4624
14774
14817
8058
6669
20270
3182
7473
13844
23512
25460
17236
23371
22929
1387
25167
27904
24772
8736
16260
23705
6284
4689
9876
1481
29213
13687
8154
6922
13152
25059
28729
13895
5341
6924
17944
25048
30430
552
14250
11700
29137
13561
30323
9442
17903
3818
23560
14129
28187
90
13334
27433
23053
28728
26533
27713
5039
23504
28062
18771
21447
10468
9355
30540
18903
24063
31135
27688
6977
13574
246
26142
23983
15376
25373
13079
4274
30839
17365
3173
23210
16432
1556
23218
3301
15703
4429
30262
13067
20494
31729
14126
12729
17032
16182
27273
14444
865
22551
32484
2721
23089
31132
32184
25658
19040
13403
9426
32036
6204
14143
13316
28727
9288
3464
17179
2397
4311
32275
13328
16119
26074
28636
5507
23164
9975
30657
2404
5219
4059
29577
1012
10052
27344
22052
30444
7738
13714
2356
15611
25227
2142
1997
22902
19595
29517
5753
24652
15293
17888
15488
6712
31292
29916
25190
14650
28505
4696
14772
12615
25990
3092
20988
2368
26483
9228
32535
14369
30838
22349
29873
25211
11312
9992
15112
3108
24942
30693
24816
4652
9293
31641
3867
276
31650
22715
24727
6971
9624
1235
9368
9113
1947
1205
28024
16559
21877
1805
4348
3006
13239
3386
32217
8248
22875
5728
2678
16244
29863
184
8436
23717
22357
5419
27756
9485
11760
28960
27511
22638
18049
17042
3060
1474
10859
2661
13317
43
3988
22778
23643
8237
25797
14593
8116
9499
32084
15502
25505
19151
8192
24687
32397
26526
32028
14782
32507
9868
20464
8626
30735
12731
12124
21434
30544
24874
20926
12749
1964
16796
18454
8955
26045
2005
29800
16457
18762
17420
16226
17339
26641
27038
20799
28082
5571
32512
20971
21624
9553
2551
29800
21018
28518
3083
20848
1142
8756
9017
21852
5012
15988
8936
17732
12858
26024
14622
8040
3258
23972
29684
23246
6671
27980
15175
18989
808
30367
4785
9738
5252
29173
14263
545
28159
11908
28740
12806
25836
31785
7511
24844
19555
8806
26104
24934
6108
18599
3696
30348
3069
13257
20409
7905
29105
31964
17204
8338
32634
9512
13978
24001
27912
11119
31797
13283
25866
1650
2896
27238
18756
10422
1260
29847
31970
29064
28852
2756
10508
12095
17971
24221
12218
5825
5701
28384
16586
21577
26827
15926
17744
6503
8867
29016
5421
19528
2008
6261
10979
15415
11797
10200
18855
32612
29536
25542
18872
24036
19716
17317
32496
28154
719
4196
28056
17813
10878
16918
16769
25881
30582
24800
15184
16226
12981
27926
2074
775
28423
4769
14129
2267
19837
11172
16957
3002
26139
22111
23438
3458
10449
8787
30384
3423
19117
6310
16192
29516
4942
9162
29183
21718
7836
6746
19493
30499
26294
28996
1272
12852
10796
22829
1436
6503
623
19217
21293
3392
16005
18474
24331
6760
22017
20756
12661
18934
2099
22574
8794
18158
31644
13123
5227
32007
29092
20586
26229
5298
25232
12842
3822
28759
5550
30434
5582
3810
2514
28520
24736
30590
16902
2289
1240
4768
19070
3633
5223
5192
2506
963
6285
23428
12879
9162
12014
27445
26616
15577
31977
24597
28201
30736
27941
2041
29173
19080
27500
32340
17552
5618
4797
29181
6663
15482
412
30770
8238
11250
18605
4316
474
9260
10113
16404
10833
15527
2992
24807
23807
28014
1576
5462
30059
7998
10948
30625
25449
1767
3617
28870
14224
20468
21933
22596
21486
23182
3584
16676
5371
4254
15216
6202
1740
5682
22751
30633
31369
22818
14552
21413
4129
17395
31963
25725
2108
6139
5876
29144
29298
12998
2450
25406
3002
17081
22935
14811
24869
12021
26284
22400
2764
13951
7639
14059
4870
2717
14927
31048
24031
26755
2191
27896
9414
30254
24489
29072
23174
26257
17629
23845
2936
10479
28010
18119
3574
10120
4772
23115
5906
22903
19527
6478
1928
11227
25867
11638
1266
1589
23928
12283
13115
28177
4348
2662
8790
3561
12603
21657
17456
9030
2982
21520
32483
6184
19791
102
12076
19368
14587
12571
12063
19932
889
22676
13593
4859
18995
28771
7927
25025
22531
31433
32133
277
11336
15737
29753
26858
30776
6559
16674
31331
1656
9505
283
826
16618
26917
1092
4194
18630
27091
18099
21483
21740
23388
24934
8743
19064
10299
1916
18955
17303
11451
25509
19671
30874
19385
27096
14586
16201
16555
28996
11311
5242
21217
10888
16621
25570
19979
17958
27390
554
25596
24373
1901
3397
23469
32343
9126
9986
12677
18667
16345
15837
3287
12420
4255
22555
11949
13977
992
5398
15812
6270
3316
22741
5079
30610
31752
21983
28704
20923
25796
26961
13085
24079
22571
32047
1936
8660
30146
25848
7369
20907
6132
26749
22055
21256
8117
28914
5085
29157
9062
3142
30962
7864
1272
15024
21132
18594
13141
14987
1133
10217
6907
18019
7870
3240
2538
31056
267
1477
2753
19842
11920
29732
31524
26910
14259
24090
24928
11593
23761
5925
17746
15233
20029
4058
4229
25908
11654
25118
14746
14731
13305
28057
16109
9607
8807
6248
13429
23120
24105
2066
26860
28106
24416
26302
26160
26984
21633
2211
20714
15173
7954
1471
27501
15729
3502
7116
16353
18312
30543
27760
13728
32394
7117
27572
5600
22246
28065
4791
17299
31960
10479
10916
10891
5877
23492
17377
10722
5893
17308
11657
32153
3344
9255
285
27519
12476
31564
5750
14164
5334
13935
29694
8751
14638
19695
3872
31005
28328
25587
28925
30475
16784
24423
4961
32230
24110
1089
2549
27392
9114
4105
19382
2742
22738
27032
12453
28496
14346
20256
30656
12072
17475
9580
26930
19983
7455
19561
26823
21996
17652
7398
3234
25254
3359
29592
3122
9540
7323
28001
7010
8787
17618
14545
1552
12168
6322
8430
8129
29863
31236
13616
23443
29603
4345
13008
8307
23559
25094
4931
11663
11668
30194
25601
8974
28204
18478
19338
767
30447
28516
24491
16016
7331
13394
12541
9089
14169
2777
12208
15832
19789
8529
19846
469
25871
31264
290
21032
17120
17291
3715
13922
5471
25036
14540
21930
21861
24420
16710
2481
23853
14258
22439
7656
31416
12229
24469
3824
367
12655
12134
24145
7947
23706
11306
20080
30642
17119
26347
6843
19810
341
7987
39
13971
11431
20175
10716
10264
17258
8915
22062
22087
6829
1502
18384
12633
30929
8095
22340
276
21147
28056
14486
25511
24199
22818
18762
13269
29279
28338
31379
6741
24333
6746
11206
20089
16046
3475
2317
18959
26855
12857
16992
29829
380
20183
11953
2384
21790
16421
12135
15757
30853
27599
26638
26857
23999
20600
7757
13759
21448
22271
22040
7297
9306
18689
32294
11865
17414
4255
16550
29456
18564
9601
19502
24110
6472
19226
10484
8035
3669
1070
28224
21029
29014
24466
27681
20635
5355
564
7520
11706
30273
4699
30130
6830
7397
26671
24625
15227
11482
10107
525
12004
24297
9906
5503
19852
21304
18224
28927
25691
29214
8899
3767
28195
20278
12906
10295
4227
17074
21084
14954
24588
11506
18252
1481
12195
6230
10476
24270
28454
11600
21936
25260
23891
11453
21460
25661
4325
25717
17312
9532
7423
21024
18155
12212
21710
26700
478
25528
29291
10685
6394
3413
9470
3844
20572
5829
18985
27220
12352
10981
22180
15760
21189
23530
12836
13992
16112
8783
2690
17958
29938
18449
25113
1028
4014
5151
23920
22209
8054
18956
5145
4276
8725
21000
26840
30623
15379
7438
11528
27271
5940
6495
4923
6595
2626
19246
13601
1364
28172
23965
12459
13684
17327
16360
8303
24945
4116
8928
29519
30908
4282
27292
26453
16957
11702
26731
11234
1514
19704
28940
28424
29848
27343
8994
23092
16913
7088
29154
16912
9574
23347
18447
3495
13191
19550
22312
6347
18448
20262
26336
5555
28774
3891
14542
12777
3331
28644
21606
612
7438
31123
20264
31472
26671
11290
25879
29911
31393
23189
30061
2234
10121
29802
14221
16320
1414
24455
15417
24563
6537
18411
3845
22502
9191
2152
3083
3483
17324
4263
15841
5285
25651
27756
22472
3978
10483
20507
8230
16491
19356
20092
24375
3303
8291
7099
9727
31036
13465
435
387
24239
15235
26987
28216
24879
15718
7649
8124
26677
15585
11271
28868
7918
18047
1036
3926
16284
7821
16348
14648
11834
297
13034
7336
9822
10396
10029
12621
100
3562
27496
7534
20937
6055
5807
31586
27861
11019
9511
4935
893
21321
21005
23799
29063
29469
21242
24120
29167
13476
22629
14643
17290
11121
30569
32552
233
23773
24776
7007
12160
8862
2353
27234
18951
7068
9918
20841
18977
7936
10177
27158
30012
25997
1728
5730
28856
23859
8126
4312
24907
23265
27324
19713
6564
7836
16256
15391
7246
24014
1685
18973
29912
18400
31635
9927
11315
14602
25761
12087
23643
3946
25399
2959
10041
22100
16937
21742
5321
15338
25825
22428
7288
1260
15339
17800
24016
29393
25272
27893
19542
20502
19099
18288
21171
5846
5912
29957
12563
26011
3934
30642
6859
13940
18706
17180
22334
3143
28750
29825
27137
2665
20714
18158
1597
10860
1274
6066
20821
1080
27799
3858
14537
23645
21219
16702
24411
27816
25671
23428
25968
6901
23039
12740
4280
4675
32473
16420
5905
29198
28985
29956
4265
2009
18017
22325
21859
18186
29423
23653
18813
29434
7335
990
23919
12109
14707
2417
17686
27263
8104
17580
10769
22208
27531
2132
23916
25858
24084
5647
19579
30288
6386
31328
15625
14177
23502
25816
5299
23149
9940
20619
12174
9023
26224
4290
2576
31116
3157
5615
16941
30083
14788
32486
13248
6821
24331
19017
13357
13527
29772
15428
12612
2997
12159
19579
14185
24618
23482
12353
8946
26685
13744
21771
209
15662
29049
24356
25203
28610
19857
162
10472
14043
22306
15512
2883
27723
17286
27277
23620
19434
775
3629
21300
10471
28906
22335
23569
3419
17581
24023
13035
30756
10380
28365
20110
11504
6474
31853
24161
19096
29485
1904
24462
7088
20555
5164
3427
21852
7172
7
12537
14436
32720
19249
5139
18571
3387
10899
6984
3613
18733
30210
19301
5576
31855
18105
15885
8876
28011
23046
18850
18101
26419
3139
24681
21801
12741
8
27368
25469
24462
17823
8595
19565
5164
5816
10664
26956
10360
31326
31064
30104
20420
25898
18215
20689
8801
10679
2197
4747
12645
19797
17406
9411
1962
5378
14783
22639
15386
24214
10394
10328
31018
6717
12636
7724
7589
30762
7612
3535
23211
7818
3719
6899
29433
31671
21754
15592
32619
2223
31599
13493
23742
4036
16701
10599
9883
19349
3545
24233
25553
29244
8001
14741
18403
201
30618
1994
11714
23280
19991
15551
12251
4862
1822
6487
340
28177
30630
29109
27795
30857
30692
1361
6913
16058
2342
7499
2573
32227
4863
25856
20851
24932
31652
12508
7870
8235
8086
10095
2571
3696
27777
194
10257
30626
9060
20459
32094
21665
1523
2783
14051
12845
29498
17544
19379
23455
14210
19735
27656
7638
4984
11420
24967
13941
16012
11219
17605
17228
26776
24385
11273
17939
32450
26752
14164
4190
14243
25048
7582
11213
10921
10255
8035
4739
30393
30337
606
19418
15385
2419
31381
16725
28046
15012
9365
24535
15553
19493
29951
22802
9703
21867
16707
6465
24225
1699
17836
17690
11297
13893
19613
21502
25743
27884
23322
6772
8107
25445
1673
22741
23219
9989
22458
8777
4999
22592
24358
12273
7947
14200
24180
29798
16077
29715
11074
867
14824
29136
12065
8638
32040
30811
10465
4509
1646
287
4880
28390
8022
5979
21437
12279
11032
32376
6529
7832
2988
4762
2497
23853
25138
6005
9261
19505
11920
26978
32652
25567
4701
17585
17340
22066
15102
5953
1268
3344
14094
4175
25677
22722
15108
25228
6529
25256
6415
27762
18930
14379
28741
15063
20718
498
22269
6595
23857
15193
1145
10111
1963
32287
15817
7662
18308
13918
2539
17952
26462
21185
28983
18981
24538
17649
19451
22815
15197
26192
25698
20891
26388
5354
28570
26146
5429
7337
8757
28682
5256
16584
25552
25746
16679
31113
26099
8239
29314
14891
8761
31776
2725
21270
945
25160
2750
17498
16259
21309
20697
5207
8407
4765
25327
32445
19442
28065
27423
4024
15522
20468
18747
32612
989
6853
23942
24967
2213
29211
28860
32127
20526
29800
23891
25209
4419
4194
24065
3044
5862
27918
9598
10790
13879
6173
9099
25485
23447
28284
6963
8584
29452
29479
28241
15895
12263
2110
16978
9600
30629
15962
25148
16452
29716
11809
495
14673
4279
4120
18092
29817
26474
1721
14547
18723
24649
20166
753
21824
2255
18908
8697
31873
26171
5963
27346
26567
18232
12069
2322
6364
22716
13205
23306
26208
561
27762
20226
29702
19667
8468
9669
31488
23129
17511
15969
30391
11991
10045
20264
2496
20963
9449
12282
12043
2807
32265
6599
2910
15638
21923
32591
29442
9650
1140
25388
30653
718
13956
20243
4864
25696
1790
20567
16480
11513
3647
7598
7242
1447
5677
19000
23283
18715
26826
10685
11151
10759
27913
18999
23491
6346
1504
9872
20316
11343
26526
30380
8257
4658
22399
16554
31398
18981
2429
3943
2435
12435
4202
29252
1861
7299
5180
10794
18115
5310
17064
10187
18547
24628
11762
16170
12254
30108
3587
13405
11601
3675
6076
1425
12246
24743
24202
5712
29538
17644
29754
8191
16208
19054
15119
2987
26894
32561
7698
6405
28439
28438
9130
30378
16417
7750
3692
12200
663
723
52
4670
28745
16797
21365
29668
6755
12915
7885
30347
10651
28539
5853
13094
28335
29652
16983
28009
22287
3449
13400
13521
6614
9833
16633
5860
12543
10501
24609
18106
29398
953
12957
23996
24492
4062
23922
6572
30671
24543
12145
15334
11706
14491
17677
28133
18568
14859
7786
20232
19119
31525
23478
3990
12522
7424
5052
15617
7543
6456
30902
9063
17283
20372
16227
26718
9955
5862
31834
17137
1028
21811
27550
29926
29733
25364
22130
26947
8643
15964
2927
7184
8533
20475
7379
12125
16954
18723
22812
20871
27632
23465
12758
22712
23430
20909
1201
14253
21844
18557
31446
12220
7913
4791
29307
25621
21829
1454
9909
12872
29513
13839
2446
29703
7275
26565
1112
3629
32686
13593
4673
28928
26322
12574
26919
28083
17863
2380
9389
1328
24168
27243
10126
5140
19558
11443
10033
32762
3458
2865
5502
18940
23040
27244
23793
10871
24920
29257
8940
6671
16174
32556
1106
27635
15492
11872
81
23906
12591
2489
1407
15983
6535
5751
21801
6145
13411
19310
12519
29469
15685
12900
1652
9576
5841
14523
3517
18151
31108
29520
3384
13578
31394
22946
14455
18153
32624
15415
23805
5837
28836
31291
20816
1266
16922
14955
23120
22411
8904
11057
31430
7175
26868
3600
24896
11667
3748
4675
26653
1248
21079
17057
23524
13606
20466
2756
31706
14953
9725
5994
26835
31995
31503
5659
30280
11842
30599
6157
4522
25275
1917
7236
13302
3391
30969
1277
4490
16261
19042
31821
31799
21481
15673
3078
11159
25707
263
27866
24480
13051
2707
20675
4474
26356
27481
11426
9870
17382
15672
17702
23008
15768
30315
751
20382
3405
14778
20979
1785
11335
30449
4129
7731
22410
28562
20293
7417
226
29639
28204
14580
20775
27546
19720
18587
8128
104
8469
22603
870
31379
11133
5529
24618
10104
22394
1255
5818
23457
954
13621
14560
25915
31495
26170
26443
714
24615
21683
15506
12827
4353
8444
26998
27514
17666
989
26216
7462
27327
17830
24139
31490
2268
11134
13946
30349
9772
20216
22541
29460
32025
5095
7768
2599
32327
12404
3765
29769
26228
31597
15748
27115
27555
29920
1135
4252
17785
15593
28147
18554
5351
27848
31259
28140
28425
1590
8335
25491
3918
27898
13262
30845
29914
7863
2488
32412
28456
7432
3407
9591
24052
15822
7614
27936
10328
21961
24219
17766
12085
29030
23913
11595
16084
4056
12385
26297
17357
5226
29298
4720
18216
25108
16518
18499
30147
21836
7175
32644
14067
4126
22177
23485
5742
19583
27466
12704
1385
10463
26752
22593
14077
8957
20434
6787
7119
13567
3746
23760
16624
18626
29737
19214
5634
30063
18620
8910
24221
15183
27213
28102
21233
12768
4660
16513
13228
23592
10288
20821
21790
5961
18088
31638
26010
22358
21559
777
29472
9829
22120
11163
29754
6629
25022
31059
22564
12850
19192
11398
25135
22631
32146
20042
21607
28276
7055
24876
11636
9584
19062
2598
32190
3632
20891
17867
6101
6168
28063
32197
8207
29233
32058
4737
16243
636
27448
11561
32213
26502
31170
28115
1859
14397
21215
18936
24736
30210
571
12071
20367
25855
15398
15866
31123
16059
5599
12618
32372
29419
4883
17823
4580
27276
11425
13546
22626
302
13472
6775
2911
10387
15267
21277
10399
27256
23355
11704
12515
15539
2494
32729
14789
23422
23367
29371
22243
7699
21502
7289
7743
31097
12186
14719
19430
9629
16932
6718
18640
6308
22013
6437
6408
19584
11042
11468
29964
705
31663
27250
4727
31406
10658
3241
24541
19861
31202
21072
14327
25951
128
18882
20480
16743
8764
23629
25950
32141
20299
11750
28293
20358
23383
9498
21273
28278
5832
12104
28498
6336
3394
5390
26277
11292
3438
29441
2465
1003
24062
10913
21271
4552
17387
24460
16509
25696
15873
21745
2452
4227
6558
16200
31561
12411
17591
24128
31193
28060
283
29433
28217
18460
23804
26228
8885
4389
5291
13384
21207
19241
16803
28054
29322
25718
31433
26686
28799
10
18930
28243
30672
16552
6822
461
29924
18987
1572
2174
24978
27931
8357
29768
7305
12414
11237
15244
20463
11760
21216
13797
11080
29686
21209
12567
29850
25232
13729
21058
13518
13837
278
5980
858
13347
32746
3293
13597
12095
1958
3004
29322
21530
24558
5019
30985
30093
12038
5439
2970
19110
3989
16706
22204
21243
13225
12044
19341
21822
14588
28671
13874
11282
4726
25330
4985
21789
10994
23521
27069
30303
9541
29666
10507
19906
23932
5467
22146
16114
3942
6259
1792
29550
18003
966
27899
16608
31258
17757
32172
18858
32097
30685
29043
3009
8472
2046
9079
20926
12615
20031
5261
14898
12042
28889
5467
18746
27609
8689
23485
14420
27149
3601
1895
30833
9888
3801
22988
6732
12341
30194
9535
4345
12120
1092
14168
705
17414
24937
17050
7213
23664
10081
2898
6497
26876
22151
23490
31147
4493
17859
895
4444
20484
25346
26136
28119
5127
22499
23800
16359
21505
26291
28814
16470
12137
5020
11435
17083
1608
28185
5163
27283
10741
3757
30679
13971
2851
7381
13450
22077
2334
28987
7315
32178
18002
10284
4187
11207
9741
14412
2632
5722
22406
24969
8672
12519
4637
2125
18994
342
26340
20728
20337
14103
19295
3981
22499
14449
16776
24491
27641
6679
16662
30912
18880
13565
17919
4729
1912
20073
10300
28029
18817
1613
8396
21594
3967
32724
8187
10431
23734
30779
22756
20717
16310
16354
9781
6504
32061
18851
11314
24306
25177
17506
23549
5305
461
29413
15380
31440
24758
13798
6683
6364
22126
31847
2524
20752
9137
3654
21900
8027
1278
25873
17231
22751
17472
1819
21503
32678
3502
6352
24361
32400
3056
6213
12377
24976
3971
30484
2456
24088
17758
1638
12082
16338
16598
26961
24765
3473
23743
357
25430
31367
14292
2433
302
30648
20569
21227
8774
31150
766
22688
25206
18031
28935
7401
18612
24492
4522
1327
915
23867
29368
10256
20234
19400
27776
16819
26487
25543
19697
16984
11747
11436
15870
11059
24968
24671
27463
11642
4752
8938
10997
16317
12832
25205
11749
7542
25493
29557
31498
25825
29454
15648
14860
18189
5418
2596
4405
32307
21523
20888
6798
32328
19899
3123
13381
5070
10085
27068
12370
25839
23144
31425
10074
2252
15919
8844
29396
10515
29573
25939
4714
25039
5391
26287
162
21381
20762
11343
15037
7036
20632
30958
32736
9820
3940
21378
2929
4347
2510
3767
20164
2931
25427
25755
28151
29304
27308
31387
1050
4840
7947
25006
29331
19364
6817
26320
16321
415
1635
18354
18656
6708
31502
8112
19245
28605
29544
8451
2122
29793
13257
28216
2531
30509
19163
10208
18578
16230
3998
650
14848
29214
16559
30958
2638
30214
10441
28267
1203
18819
27788
21940
28518
32516
25981
12230
24254
21394
11855
30493
17303
5033
17505
19239
14585
16966
25223
28665
21748
13889
30989
30273
206
8669
26361
8059
7265
14494
22673
21096
28862
26458
28445
13244
13846
21139
5614
14103
12507
3844
10399
15415
10786
18554
20123
3180
18252
19173
12255
19532
1253
8623
26370
13735
22732
16716
21618
11710
16276
28435
14080
2991
14635
23372
11679
9012
30905
8586
1640
26509
19403
9019
32482
15035
31921
28797
22913
15599
13348
13107
27756
12354
7725
20568
3459
17574
22082
13204
32673
24605
24241
30989
17694
14121
10050
27008
31641
18819
26391
31888
9460
5903
19928
21854
415
8464
20493
27993
24602
2969
4811
24920
1461
29508
14995
5350
5275
19237
8567
8156
4878
22273
14462
14902
30708
5564
6218
6687
24723
12305
1272
30798
21401
16262
26952
11925
13663
414
3326
9399
20846
19280
2696
32635
7491
20664
18400
17918
6223
5389
30388
29005
27970
5843
24517
6707
14473
3153
32141
14672
6165
17478
10788
11627
26719
32472
25700
31754
21161
21197
28748
63
4230
29437
22178
31684
2204
26631
2012
15946
10409
4676
9793
22287
8388
2041
15180
1199
25574
9169
23633
22332
4520
22410
610
14480
11598
5870
6516
20194
17925
28421
2750
28056
29801
7561
18018
2140
20810
15514
4175
23666
18864
22195
5222
17481
29724
30429
1500
26960
19217
2338
19935
18442
28883
8005
3452
14949
24687
28080
30400
31816
12283
5294
16669
24171
18463
2522
15632
7019
13525
13784
19201
798
29548
6722
14699
28708
25043
5093
20028
15294
13076
3374
32639
9187
3359
13535
7992
22417
13257
3334
32399
7522
25876
26160
19505
18527
19121
6874
12788
28440
9411
7976
30138
6389
4582
14554
8599
21959
6256
29563
30518
29602
21751
9435
12920
18159
29203
5568
24415
14525
19812
8921
18219
3928
28119
27123
14530
9501
12070
22383
12373
396
18078
10228
8769
2207
1317
12897
27955
13402
31355
3590
14224
3236
24000
26899
15380
20821
24375
9040
18873
2704
18249
271
31450
29523
1741
2656
26520
29260
7302
27267
22397
5359
29677
25507
13919
16581
8497
10945
20615
3847
7805
16366
6675
1643
28281
5821
1433
10046
18451
8952
11789
32179
12159
7570
22501
11899
8316
5597
3450
12693
11738
8957
23218
12136
14905
18845
27612
13327
11795
27104
5083
11508
20221
18842
32135
25760
7209
3777
3152
28881
21552
15902
12325
18125
2062
4680
12436
27127
24430
16083
13106
26784
29225
29637
317
6943
23305
13641
20608
22820
26578
23464
4983
6473
2691
20340
5300
12010
28633
22023
24961
6711
24341
556
18375
7815
18175
7451
27438
4848
7211
7083
13702
8468
27771
29635
9830
26173
19429
26129
17938
10925
32374
4095
16290
9007
919
23011
26209
28914
26256
5494
10868
21399
30794
24712
16572
16777
22105
8178
509
23181
25401
9931
17727
26778
5080
24031
14708
25322
13909
32604
604
10065
5640
15055
7334
24014
8386
21839
19800
14944
29014
6648
8304
4378
25432
11932
15051
28794
5156
8372
839
13815
29986
16029
26405
20697
21321
4353
15793
10061
30690
2195
3876
20921
18063
13311
17097
8269
31883
4640
30815
7899
30003
21620
4287
2792
6086
9678
10686
28675
21097
18763
4437
24149
18030
9607
29695
28538
2517
4113
19043
3471
8723
27932
18995
12428
7187
30583
24148
1492
25979
17599
27199
13835
19248
22995
23719
15656
16668
25480
21852
2251
22319
26526
25199
20688
32675
499
6295
24100
2693
503
2771
13271
31345
31840
25937
20083
5789
9503
12175
28045
24088
1426
31168
7065
16468
25339
31089
26627
16099
26929
22892
1915
23678
28053
16604
20112
32075
24136
21939
14976
7264
12699
15945
31822
31363
27079
26181
14870
10803
223
2753
31390
7405
20738
20905
28461
5544
19669
28772
4000
9378
7216
9655
15546
4190
28952
2790
23740
20461
10478
28
9781
31342
3557
14348
3356
20433
19642
9945
1564
16096
29343
22579
5167
3199
1912
28868
21614
50
6217
24266
31784
14817
17903
32261
32049
5336
11279
13011
17532
15378
13389
16538
18156
21431
10686
24422
20584
23523
8351
21715
18734
12457
1607
5166
25961
19288
27994
10711
29445
10492
27200
30185
14786
31272
5077
31261
8583
32755
31842
16108
4858
14913
14029
5108
17997
19268
15372
12189
29786
13378
17631
29180
7667
20376
27583
20216
23923
11263
11025
9131
30361
11534
2976
31499
6295
5376
5962
1481
1637
23480
25594
18809
6491
30466
19158
19188
20991
30748
8121
14330
27420
8821
31971
21532
8980
24500
30447
11481
12150
13564
19718
22792
3795
7534
26963
18294
11470
28144
17846
24783
3187
9773
2237
194
27850
21213
28368
2656
7083
25927
21419
7109
27347
9220
28690
9467
31544
6405
8127
26139
21146
8408
17312
6325
28507
32550
5183
18546
20112
7297
30850
7928
6232
20828
13460
9998
26221
25179
1315
19201
22776
4558
31436
4678
28074
27256
10707
25184
19720
10132
536
18181
518
24090
25414
1404
20440
19262
16718
32585
6661
27705
27924
10252
4797
17229
21863
4775
9068
28163
21559
22943
17295
28856
23554
26309
12743
23383
6544
24085
17195
11112
24032
12254
15587
3914
25698
5667
27635
28348
18791
321
28500
23715
17621
14291
26697
22023
32031
11731
1264
29278
1652
22274
6423
26893
25143
30857
14674
4140
4784
15840
3146
14473
5889
5359
18008
2800
25435
5491
851
19114
10609
30628
29350
8516
1325
24085
2469
22418
24994
30427
12321
8178
10819
14321
6969
21973
7250
15067
19060
22140
19611
31626
23309
22272
13665
32384
9614
23445
24729
8756
22944
13327
598
8120
3106
8614
6021
32409
27512
2550
23770
7
3622
23370
12810
17717
3997
1561
15675
13571
28500
12241
25272
25819
26139
724
25834
2264
9645
16320
16516
12078
13956
29684
6397
19142
26609
31056
18755
20776
1643
9019
27822
28574
19496
15595
29746
7062
16362
15585
7130
585
30236
20914
21617
7066
26653
11277
30082
25665
21980
10746
19332
808
26021
18272
22094
24085
30266
30666
19409
24970
22310
19818
13061
32746
23374
4447
11044
11228
31177
12595
13079
20980
28913
9640
1325
5521
8122
14004
23315
21761
2371
16586
11777
14572
13995
24411
18225
21231
27430
8349
13461
3975
24144
9867
30153
32561
28865
22829
30023
15055
3809
3609
8666
26446
13821
18746
15445
7302
20379
31440
11652
13153
22283
24248
30819
16192
32063
24814
7310
13978
16093
11088
31993
3814
8337
16548
7905
20412
1448
18653
21762
24887
21723
29338
11019
6557
24424
3568
9551
20034
15976
17513
10429
27561
6748
4684
7954
22765
4361
25887
11085
10847
11654
875
611
26481
9875
8639
15413
26579
22316
18679
12479
3035
9566
29118
13714
21546
19290
31058
20356
7309
14024
21384
11430
32289
29277
7695
31350
7355
19888
30968
27734
25478
14153
18550
1597
29934
31995
17379
32685
20925
26229
30212
21221
31620
24083
4750
19543
5693
7162
17641
11868
19758
1891
23603
15655
32529
16951
30856
18167
30065
4829
7553
31889
11095
8271
19962
11758
26406
13428
5401
16177
11204
30890
8332
27100
17658
24737
20497
7746
29470
14192
24124
6464
31215
738
1653
552
5824
12561
19520
9470
8665
17463
18369
7399
24346
28864
7039
734
16865
24996
30568
29865
10286
5875
19733
2059
20741
4786
6480
32316
4628
18405
26323
19350
4246
32749
28243
18321
375
10772
30653
6385
13497
18791
24768
12862
28694
29892
27787
29301
23783
7475
16600
15869
3396
3705
13353
9180
23661
24043
20817
25387
11880
15233
13367
25799
21228
22827
9175
32074
3966
23656
3465
2874
5338
3604
17798
17792
25492
15489
12456
19995
25599
970
15217
23829
13646
28772
16975
6070
30713
12278
20254
26617
5987
17515
20463
26684
22201
27973
11016
14139
9501
15156
21548
18495
32004
487
18204
915
21212
7202
2909
19256
22259
13841
9532
14297
3732
4572
6160
8705
2163
31355
23999
19340
12362
22732
30595
15708
1477
7906
31726
11597
15004
32160
17964
106
31742
6279
10889
15713
27446
11213
21554
820
2441
22703
12352
22578
7005
3080
2546
25894
18081
13089
15418
28878
28776
13003
7292
12174
7639
21675
658
15206
23618
7894
4627
18466
29842
18846
10453
26576
28138
18347
5808
29559
9098
5197
645
27654
29171
15376
8319
26507
16203
21393
7577
24229
25348
20625
25697
28220
12473
31048
7931
24943
10840
24059
6760
6094
7558
4305
28425
7114
12351
4067
4702
32105
8381
5522
13844
17727
15516
17181
6207
5017
21307
22899
10468
16379
10085
29765
10426
3277
9265
31584
9521
17233
22822
15930
30132
19416
419
28106
7723
5686
7038
26781
15045
26227
20716
3367
22772
22979
14753
1623
25017
14264
14136
18030
31009
25527
28884
9232
30480
681
12808
19867
23869
10482
12532
1721
28286
9383
32689
25649
19270
14331
11504
31235
14187
22523
22493
12211
27949
17276
15178
12005
8565
1617
29705
8234
7514
15553
1689
10778
4329
11064
26630
26275
806
32316
3594
17056
846
18083
19064
31661
32607
1539
30170
12346
25562
24427
11609
13791
26824
16464
10206
10735
12283
5578
26231
28752
6294
25089
17404
5258
27600
17889
10226
16669
18164
21270
24751
16664
26284
14900
26815
16359
14208
10549
7047
15213
20378
28201
7464
23635
13772
12841
31143
10399
6612
24717
16202
17544
25054
3679
6213
13704
12618
30223
10133
23476
19632
23399
11565
5449
32545
27586
13648
16519
25776
28281
22334
4034
15921
22943
18194
25526
12865
7918
16107
8219
8071
17664
842
11897
25657
8387
1723
9022
16097
17191
28856
14606
11361
28441
3018
5722
26420
11189
24305
4404
27640
18103
30278
25953
10025
23347
7903
4272
12336
12423
6643
18827
13724
1421
2878
17356
32431
7189
9895
14290
9756
6290
24865
24531
29199
2579
10447
24435
28014
11893
26731
18838
9822
18135
23016
14451
13834
4175
27734
11243
30112
13531
16647
8728
1179
18587
1008
7720
1096
10045
9041
4460
11395
17848
10905
23212
7618
19517
17540
20414
5206
3178
10374
1366
24813
10178
30572
18720
19034
31322
19265
524
15513
7636
32366
27370
26893
6289
28198
23350
15373
3363
15361
4661
19359
32257
21223
14401
9091
31103
13104
2656
4724
16893
18953
25628
23722
18014
22554
7055
30627
32444
11110
25534
13091
345
12402
10536
29562
25561
7849
7326
24837
15535
17407
24660
12535
22742
13269
2873
27481
31169
23836
30340
21072
12180
19390
2447
20127
9108
6457
30697
1388
26332
20621
9639
31559
6483
18777
9722
26728
31962
15937
2055
8760
18634
8850
26098
15892
