1000
26417
2656
1297
15983
21364
22713
9435
29140
26422
24798
23151
7754
21632
12861
18138
12984
6252
14365
16527
8918
12958
8989
26377
15425
30227
1757
6577
20943
22298
32763
22017
12575
23199
30273
16618
5749
2735
20252
24435
4805
5177
9296
17060
6158
29202
21227
10914
8170
18748
30327
25883
8290
23144
9332
27364
17158
11449
31750
225
4670
21963
24042
24614
4315
756
24750
10587
28657
10186
21794
10085
22249
30181
28426
9539
29138
486
26133
23349
14840
14775
8979
14116
11448
4117
19810
1086
25746
332
19625
13793
18560
21826
4809
22970
17798
17079
16913
29998
18059
22475
946
20984
24167
19393
8818
32276
22589
7682
15780
732
8715
9829
10327
6002
17791
31405
18638
21085
25357
19796
3120
7799
25406
10631
17025
30470
21067
12401
30417
12073
6634
15292
6067
18550
3432
2389
1009
7393
31736
21616
20350
24543
15691
32717
21676
15052
27744
13625
26015
2186
17566
7767
12802
29804
21792
6816
13560
82
32336
5801
16214
13845
28087
26788
29199
2085
3091
22058
15600
9584
4522
10040
13709
17542
13535
27255
23163
10747
9987
20160
5823
28173
21357
13791
6535
17799
5325
25751
22040
20966
21693
29671
16392
15545
18841
26508
6061
8782
18065
3527
23253
3978
20988
3168
11703
5913
30191
16107
20522
16840
32527
19018
29461
24110
7587
2419
551
29586
7406
14196
13768
23561
9403
31412
335
18911
14649
13691
12661
15416
27913
16308
20233
9975
31126
28146
6630
20959
12709
2482
12323
13048
557
7904
13705
18485
30056
17052
3914
13395
27690
14141
2031
8964
370
4502
28563
14413
19518
17273
3151
3885
29604
12154
28405
2943
18719
10741
1
801
23847
2899
22732
598
16900
14216
15619
12137
28899
16096
18520
4500
1322
31740
9335
16159
16905
21271
23356
14028
5713
30351
6435
26739
4746
21664
29696
12522
1344
4722
2544
19751
12701
14422
3215
2217
21565
29516
3179
11028
27197
4042
6329
26907
28309
4536
1863
23714
424
3519
30898
18468
12058
10179
27865
10579
17890
23214
31633
24319
30368
28016
1435
26169
11312
14660
29139
29368
21119
9524
19113
26236
32669
31455
20437
27824
13076
30842
20551
15317
8057
17429
24669
17181
12864
9247
16473
18197
19924
8493
1810
12679
27112
29943
25834
6303
3591
27299
4863
16716
23155
5191
17062
8425
4908
31145
8469
8733
24911
9289
17247
12544
16033
11425
3750
21119
16236
11435
28811
19201
11914
15268
31722
6219
12223
22288
15813
17056
23628
23806
24189
18733
3520
31629
25416
11685
19218
14767
9183
25385
3053
32045
18551
9322
17995
12779
25587
29969
31301
30318
32344
21087
12329
29083
9089
22288
7374
13761
18964
22150
24612
21722
9908
13091
4623
2574
16248
29687
4470
7289
21404
23963
18839
24366
27511
4700
24989
29308
9389
32156
2676
10864
3750
3702
24284
16026
11071
1441
2492
10004
26559
23191
9913
19137
8716
31734
4360
25299
3615
28454
5248
14224
4021
4924
13556
6741
23623
2846
32703
16603
31037
4840
7072
26041
27231
17551
2761
21034
9356
4037
21298
13585
6318
26908
307
27450
27373
29805
14418
7395
10787
11899
18010
21627
7056
22996
27821
29353
28368
13048
21466
9104
28169
12221
23922
14674
32361
19954
18456
4050
1232
13635
23000
23999
713
12380
1210
5838
32703
16722
14742
17222
4718
21822
23849
28866
7831
23339
4969
8242
6904
16946
21782
21796
29563
8931
914
10818
23470
6119
28402
3867
9587
2532
597
4902
28665
29345
2676
25091
17130
23403
19067
21765
27110
6839
21272
15854
9265
5384
20433
20217
31912
1299
16026
17438
24058
3873
17831
12689
14100
9142
7039
7052
17373
30064
13650
15182
20004
1585
12172
5476
31446
3969
9386
17703
30581
18989
26188
8582
7109
22836
19596
7941
21449
23524
3983
4870
26093
27457
24409
15431
27013
1702
11750
13485
374
13231
24438
12352
12083
21845
21800
11638
20972
32347
1482
31412
9730
17130
6384
13586
22717
19832
14403
9311
1089
15086
2844
6245
10174
521
4178
11117
28648
27136
19024
3590
25511
21608
29034
16387
18703
24149
8305
23235
22162
7363
12164
20661
1140
30772
12586
17946
4736
27546
17822
26381
5626
10870
14442
24257
9172
29250
7223
21515
27428
2829
22756
3872
21462
15205
24533
11423
30110
13177
31374
466
31537
13183
26496
5681
17845
29012
14626
22055
25718
354
11076
25369
13530
18119
25249
9381
16023
11956
19123
32551
8227
15122
1483
21378
8045
8300
9056
11293
13002
31497
4263
15147
5682
24408
30565
3632
16556
18834
32514
6848
19975
12442
9182
2186
12491
16424
6376
23702
16495
32294
26476
27083
30668
24410
16684
10932
30674
3910
14515
26756
8826
28492
21478
21335
25083
4374
11484
28602
28737
12341
5359
32110
12955
28424
28179
15209
32180
23264
11879
11550
21956
31585
16906
17662
32519
28972
16176
6207
29295
26555
8309
32732
2710
24203
31089
19165
31990
3457
22924
26072
29532
26759
20755
7096
22938
1654
19596
21437
13180
28472
14919
28868
3838
5422
11830
13769
26300
32207
30718
21418
2218
23954
24398
1069
21765
11022
31344
22085
27018
28000
21278
3985
3301
18894
19862
18214
28268
5290
1521
7566
3597
27000
6064
13840
24709
3667
920
21810
979
9868
10176
18557
6125
30869
32232
31616
4017
19229
5132
24088
3614
7549
29497
32750
9156
16211
26784
1344
121
2924
25833
22757
27982
18920
26057
16267
8898
32152
7639
12356
20277
8363
20123
5697
24991
5258
2280
24540
27777
18688
18284
32476
13596
24222
6022
15861
17122
18526
17495
3983
810
12422
14364
14793
21799
9423
1979
956
4635
19911
23707
18436
26056
13684
12473
4221
2855
24890
4345
8010
16733
17150
22970
2332
3307
17804
8620
17584
6437
30774
18150
21402
19941
7614
21043
26690
28032
8823
9389
11564
20217
15782
9102
4476
2165
16942
22082
16057
7663
25197
10945
7121
2093
27489
21531
349
10227
15119
30548
807
31094
30245
6771
29417
7187
16606
2518
88
577
32550
10184
6753
24005
24575
23126
30131
7205
14371
2910
23677
1886
28650
28392
11129
24281
2159
953
8233
31900
31726
550
23649
23230
32113
11559
17157
3357
23468
14764
4628
851
2853
16436
24037
9957
7064
27803
20913
10686
7321
24627
