1000
5089
29473
6002
22015
719
16940
29977
495
16519
5026
29465
31246
9752
3181
21122
11185
6602
11967
11665
9659
5706
21669
22506
1995
11528
14559
5154
29108
2014
495
17024
1838
11762
880
27909
23499
4061
10665
21673
23340
7949
17250
25576
372
29799
7670
10877
30717
18993
10154
18030
27210
19760
3133
24136
10045
2317
32705
4268
25226
29694
11177
32010
10860
23970
29218
18861
26007
17708
31655
19192
28013
23235
17103
12271
6260
12329
4714
22521
18696
23707
10701
13795
21581
6137
31594
25641
21864
4391
14756
20081
16623
947
9697
5209
19613
20664
21984
2418
32587
7938
25421
30348
32027
18034
14738
53
25591
2724
30193
22140
19514
26832
3535
4603
16812
31982
12115
25108
18612
16926
4144
28794
17353
12870
7871
7667
19754
2301
18769
31837
22735
11688
20419
10735
12959
2274
21331
29122
11491
18722
6321
21904
4859
23191
12378
25787
13391
5719
31009
1169
7049
27833
12558
3534
17922
3839
2156
25442
28537
23609
27422
26229
17931
5478
29746
27561
6751
7387
16313
5535
24610
17641
3797
14524
4787
29114
29203
11309
21023
4732
28155
11304
19535
13761
19942
12661
18048
15654
6416
25134
23284
29747
24046
32707
16103
3715
18370
30272
9413
20773
12908
28883
3738
27457
12419
6025
9418
16895
14244
23128
25858
13220
26378
28002
15726
5631
7263
23160
26669
29699
19154
19421
6914
20149
18538
29773
24396
25929
1434
14398
9784
18567
25365
31846
27957
15732
6627
15741
1704
13103
27061
21828
23265
20505
374
4294
13646
23096
22050
31710
29167
32478
23515
1529
7946
15749
21818
25629
26400
31230
11491
21547
22303
31179
3420
9569
21721
20681
11039
10786
22965
274
29933
30458
17829
21025
7782
4829
24152
9015
14551
31919
20144
15614
20051
10762
14966
26220
13061
25403
14925
16619
196
8333
21476
12215
28904
19659
17008
20103
2140
4352
9050
15215
18933
3457
23348
14341
25346
9261
18162
26051
1573
14324
3415
8620
26721
1430
9389
17202
5235
31149
24761
16984
2150
10222
7406
2324
20834
18348
22241
29687
6597
22941
19709
17935
23924
23265
30072
5133
14452
10560
24965
27299
948
31924
24780
13360
13357
6695
30999
8607
12333
9085
1614
6796
3824
10453
5797
30889
30321
24332
22292
4705
2943
8067
9224
22715
10259
5411
4696
3200
19425
15006
1146
20128
31533
3575
8183
4050
32736
7492
14108
9083
16603
20659
31474
31185
9099
5579
2417
17728
11198
20468
11249
3853
19893
12858
23009
32569
9850
26190
21435
23464
3700
9421
27191
642
14904
8901
17856
25562
23970
30838
16932
16013
1317
25941
12943
9325
6495
5463
8634
2463
16624
19307
25184
25410
5261
5448
1010
6481
22864
27754
32651
20427
13650
26711
12582
19217
4732
26151
28943
29583
9114
18755
24983
15518
16305
14701
17676
29353
1939
513
28648
13455
2480
30330
11081
7241
22575
55
7073
23245
17726
14720
32687
19250
14758
14788
23470
16660
22946
30500
25804
5690
27633
24886
16605
15222
14122
6402
28241
20685
18768
27217
26723
2264
23974
27176
23444
23402
21700
24207
32344
19316
29419
21398
25103
17445
22678
410
20534
20821
26961
26821
2015
14115
5326
17876
28510
11485
13878
17437
3654
16161
32189
4304
25492
7490
6265
13181
27689
21997
2676
20438
28030
18189
28416
13495
22675
17643
4938
23651
22824
15514
7986
16913
25904
21906
16474
12455
24707
22171
2941
28357
10451
20973
2051
27653
7649
23701
6610
21377
31216
21786
15718
10134
3706
32097
18980
19176
14627
27598
12011
6822
9451
6060
23789
32272
11175
1231
21693
3894
27570
21111
2472
16642
26080
12664
3913
9848
14259
1432
17752
16189
17874
13881
30147
27990
27318
29240
6400
30771
32167
27412
13473
16620
17895
19283
2089
3018
11821
27681
31774
777
19540
3643
1887
22236
4437
6667
32440
7858
13683
11028
692
24504
13493
27281
32690
23711
28569
32089
29755
4767
17415
2310
29075
1980
12932
5206
2702
20040
25512
18130
9381
25001
8658
19373
24393
16476
6938
23534
1400
26426
32647
13266
15757
4602
20355
30571
27484
25848
28299
19086
30846
25652
20011
8172
30442
23454
17706
895
20933
7313
26370
25640
124
13469
28562
8342
28687
393
5911
23401
5808
18072
25177
23191
25996
9996
17186
30223
3305
10729
7412
22941
18033
11003
507
7694
6605
23834
15425
32148
20342
16813
30497
10092
1480
14701
7422
30397
7257
4716
15669
4292
27016
14165
3663
11822
28249
25589
24700
5061
31872
762
5181
32335
699
6395
26976
1459
29541
24761
14897
15198
31049
31909
30447
2021
28340
24994
30077
3052
19150
24331
26970
2118
31017
26616
6099
4446
20379
445
7287
4565
5705
31668
20940
24684
22021
21565
12864
27941
24794
28418
17762
18853
18660
128
27986
4317
14693
21187
10358
29161
26134
18288
7023
25144
1211
15113
30540
15086
1274
11629
4093
17798
31341
21406
14090
31676
27894
30407
11909
32426
851
17534
18493
2353
15346
29766
1332
24986
10246
26200
18771
3709
23770
8099
30557
21218
3941
18193
2338
13735
3616
2060
30709
6178
3348
32321
2399
8198
30775
3747
21525
30859
16376
20915
4392
11977
21529
29439
3452
11621
16573
10729
20347
7024
8642
12202
17674
8844
24656
22167
3516
24657
28338
9890
13638
1775
30309
8995
29236
28948
11375
7641
15578
11536
16370
15147
21132
17207
5889
2996
30994
15238
19890
24319
5718
9866
11125
13199
28768
11646
676
26659
10628
28084
11867
4664
19674
9014
8841
7630
32495
26284
16967
6767
9914
640
28777
22894
8914
9025
3667
16749
24286
26437
23823
31521
23884
4499
29852
23386
2374
25599
17800
11837
25825
25751
22721
18388
26520
4670
16808
32202
8442
19607
30311
28271
29599
29477
644
14594
31840
32688
18359
2864
31175
8170
16633
10200
18373
4690
31710
19217
17315
19033
15396
3950
11323
8131
32140
14465
21096
3409
18408
1693
11707
17053
2422
30688
10608
3397
27500
6769
15776
23883
21716
21511
10424
26812
3994
17067
23849
12944
17380
6846
30561
30930
15777
9789
20475
19969
12389
18756
32306
25013
28020
12241
24220
15493
16413
2251
29205
29481
25673
29251
10488
5340
19283
31481
28310
22788
8986
23842
2272
20501
21333
22120
8295
7091
25895
16691
1159
