10000
5122
5886
20804
504
5560
23440
28334
3991
17795
9082
27985
31686
1764
4805
13668
20726
12638
32379
29972
15530
21557
12639
8814
6605
26486
26843
21631
30025
3639
7738
14266
16597
20000
28695
8602
10254
24619
16405
1928
15306
32423
22737
23806
26537
21635
12309
7405
26093
29129
6479
604
9611
26985
31809
13394
22145
31800
25593
26871
4203
30008
31236
17398
18257
6938
16863
29733
708
23297
10414
21608
2857
4233
15664
5075
340
3848
9203
10510
5209
20500
7108
5374
18846
27461
9834
14497
2869
15163
10644
16954
28777
21475
7183
30127
29847
11767
4924
21551
4160
11204
17602
26391
26715
23344
20608
12823
2032
6395
26310
4241
22498
31045
7876
577
18701
6481
4418
11043
25744
16008
2962
2705
13932
26305
28355
11692
17999
11711
3864
24830
4778
11259
10168
9566
16905
12964
13991
27667
32420
2277
21749
24124
12337
3686
24374
13167
2045
26389
562
23456
4923
5158
32733
68
18332
7768
16521
8375
15904
13691
1114
19931
4139
26927
18682
18691
2779
24302
14223
2575
11417
10573
12010
28888
8430
9342
15873
9678
11928
31770
8864
28127
19422
15901
8283
30107
19744
7987
17351
22422
25010
21554
26090
25102
21227
9447
1007
24526
14712
7189
16158
26706
7414
30907
6412
31532
12737
17558
16399
27303
10502
13287
32757
22953
18208
12918
10998
20702
13345
16855
3814
12050
15022
3308
19120
30943
26897
21675
6143
19337
18569
6689
23870
30502
7908
10679
7107
1026
28240
27573
3655
10049
10095
7684
2970
27334
16809
23352
404
3156
11718
4814
7247
22515
22204
22193
28051
406
9413
8707
10386
16890
14005
32027
17878
15057
17803
8906
9079
26144
26182
2787
30097
5350
7674
32250
6901
16638
31778
5739
10783
13894
12088
21151
19049
22273
18307
7306
11646
32634
7217
27256
15632
19691
1701
23818
20686
19356
26642
32379
144
20559
11593
1832
26325
220
17615
19280
26480
20505
15155
13848
20094
28924
29086
30162
23451
1284
8876
15742
3414
2516
10618
16273
16610
18978
16129
17910
31246
21967
8610
2899
26486
17751
23297
14733
30459
19564
6167
12686
3698
24542
18307
70
15513
29374
29217
9455
30287
3779
478
3222
13316
19436
27339
26327
878
27495
27248
14312
24957
6578
20834
19417
28818
7168
2840
28441
24300
27870
22522
4157
4450
3094
28091
12029
26200
1492
29161
15487
9452
29959
706
20697
27760
1290
16970
22993
14365
13956
6042
9958
19205
27533
6779
30357
6218
32530
23859
26837
31630
27514
2207
31460
21930
17545
32386
28741
24995
2181
30237
19722
21978
3224
18176
17743
9602
2166
22047
17927
30295
1343
22824
31483
7821
13223
25620
30223
16135
27988
29949
23495
19914
25992
29231
14603
9393
19711
20097
26151
26722
27931
18406
6934
23424
32318
29759
6400
29219
15735
4211
3329
14725
1378
17858
4140
26622
28233
22870
26832
10546
14735
31259
28921
31369
3151
8401
17978
11231
15680
13920
9898
22653
14812
29803
7981
27720
18113
13351
28405
2361
8023
8046
17480
24845
14515
30735
13955
22334
11195
26985
8543
32561
2699
6200
17779
19121
9496
25774
20986
31900
275
4806
15319
13276
2321
19669
1494
8857
14056
13409
24117
17837
15708
30007
13667
12377
29947
3768
12807
16438
4165
18292
9796
19822
23312
32506
27195
11051
2347
20973
16338
3152
22594
17499
9140
8296
2305
26187
12186
31963
29564
9877
29128
9832
15055
18423
24026
20175
25601
11364
15040
6862
21551
27295
12808
1103
31206
25097
25691
11488
9680
16568
10059
13411
22163
12232
20556
26631
31734
6646
12543
23927
30022
16490
10423
20049
20216
4565
28470
18393
911
30652
31927
751
17344
3604
13106
30782
2516
30990
11483
1207
31823
19764
21483
12862
25551
15797
10148
30882
14390
1277
21135
2771
2315
15241
30217
1103
17694
4346
20221
2782
9579
7016
6131
14463
16193
12536
19530
24994
420
32689
12481
2967
8687
22411
17725
10055
15294
23241
966
25634
10250
2185
4306
12120
20374
21914
16582
13132
31882
18317
5818
27462
28510
17935
8316
8039
15098
5750
21464
23779
11292
13721
20759
15978
16377
997
11974
6375
28199
30637
12985
24685
18874
18882
7247
22894
15790
20548
25590
27183
26757
31671
5106
8312
23344
10841
7771
16272
16179
17843
21605
27241
10245
24175
25317
15895
5045
14953
30736
28806
24275
2313
30341
18285
12174
12751
22926
31614
7194
28975
11938
23520
4181
14240
18479
17886
13993
32496
3479
17633
26676
2522
3192
28315
26662
16858
12081
20358
28267
10048
15522
31629
17803
1924
1331
5896
32718
28121
24855
27630
1955
516
25554
24390
3906
18799
26872
23263
9105
32377
24120
32577
26180
29201
28314
12771
13129
11139
29445
23455
13667
14993
19460
27490
11797
28614
2249
28968
29889
28423
32627
25896
28945
20587
14988
28491
5270
17229
24534
17123
6063
26527
29767
25242
32173
20864
8530
24744
9268
27409
24424
28490
25060
10373
10687
21871
30777
17016
8018
7092
23728
27266
13609
1426
7468
11787
24026
10966
25495
31585
19024
17746
23756
32007
10187
1747
1717
16209
32552
2899
10672
21549
6499
15215
312
26948
3418
13083
22465
1090
23251
148
6627
22897
14017
20374
9403
28813
27843
21712
21391
3028
31214
3477
4272
1372
17612
10196
28069
5801
5796
9802
1669
15999
14844
5366
13477
14581
25181
25037
21619
15819
16726
11696
8866
30973
27843
10651
29832
29080
31312
21535
20420
21197
29752
11026
9507
19268
2899
9605
12997
30387
10831
2550
20859
1454
20029
29895
12660
6081
18512
8943
18969
31676
19682
21744
309
19022
29624
24073
19801
3797
3463
13228
22399
29301
29367
4402
24557
7527
12134
974
27228
17044
12464
29375
30042
2403
22318
30666
16621
18895
4796
7144
26745
20156
27520
19516
21475
4747
7208
6983
17399
10732
8562
8799
32263
20723
25330
5981
23253
20079
22800
27287
15540
8567
21584
270
12521
11589
18902
24296
16471
22344
18729
22048
13148
19316
32567
3452
19702
23261
27289
29631
16682
10372
9497
29472
27302
6256
26225
30972
933
13569
9302
9672
26131
32386
29621
14665
5873
22781
3901
3847
8444
3155
10013
16127
649
2699
24079
13976
12980
28779
6037
24024
441
29765
31618
7384
22690
14100
21181
21877
7203
11208
8514
9545
14018
2269
8553
986
3642
30770
1131
4368
26658
31001
7202
10221
458
10410
21008
2424
24422
25694
4003
13306
5742
31449
31671
14957
5956
24326
12637
12338
14872
4457
21467
32002
4873
13233
9204
11559
20876
31373
31337
4588
12050
29121
19391
18002
12517
18041
6467
27652
16723
3037
29516
13453
25615
11749
28864
2761
2516
1647
16345
28825
18251
18575
13353
25819
29487
13862
30172
26010
28591
21430
13886
25217
8980
3700
3453
13206
25507
2207
26031
26661
23237
17
5910
505
9061
788
6563
28882
10138
26486
28602
25108
390
14304
11829
14525
25470
2915
17835
16793
19306
31572
28914
30649
1391
11098
27874
27937
16844
6085
23900
11201
16898
7713
907
8871
24888
29707
10602
29554
31709
68
26247
13322
31375
18948
8710
30862
1084
29329
30184
14734
7047
27919
22414
27259
11117
26778
10616
21595
18216
8338
6739
2241
8531
1846
30003
253
32336
32373
18205
15760
9703
4864
32200
31203
6191
28068
25508
18488
2482
28375
7452
10720
27340
10385
2840
30638
32340
10845
14023
11949
17278
21423
10907
29966
14080
8312
23701
27492
12148
9208
3522
7700
22782
9683
17158
11014
5166
5480
15128
28577
15400
18270
1486
21239
6146
12671
8347
60
31597
6346
15446
9597
23192
26051
4156
2702
21841
4878
24121
5189
32110
27196
3171
2021
23659
741
30663
8925
31828
14327
25705
23219
30693
1869
11910
22843
22001
3972
8476
2316
13312
8202
5549
17972
1084
3959
16703
1835
25230
19489
21159
4614
17668
23274
17927
4589
2934
14429
4502
8399
12905
20474
3999
6484
11571
32205
18893
17684
11104
20038
2469
15110
19797
28740
21076
571
3123
3443
10155
19660
22782
31960
18024
24337
14079
938
12727
30483
21862
6244
14840
18500
27700
23576
24771
24430
24664
15878
15913
746
29464
32109
19261
25362
179
32161
13780
12024
4677
8286
8584
24921
18154
6748
31235
22988
22566
30243
14970
5695
15749
14625
20087
8356
13182
24314
28636
1256
10653
7967
9765
25381
23522
12450
19181
29208
7012
73
14259
1493
2617
3297
223
28345
20122
24020
25088
17569
323
18430
16216
29273
23321
29885
24730
5464
26127
24391
18674
1450
13642
15425
20550
6701
26756
32653
25020
32000
32430
29795
892
9273
15321
7075
2999
17110
9814
17513
9960
17911
24348
4834
4953
12874
22891
26975
13801
30150
13743
26536
27662
412
17319
29843
16150
16490
28614
1493
23730
15538
8154
6679
30900
2956
17131
6477
31768
20375
6246
3907
9537
26677
29307
29816
32134
8440
30659
31024
18413
30039
10278
1733
19766
15526
10492
27454
10524
21061
7282
25378
31959
3607
2095
30095
10981
8501
3896
22150
10
10980
785
17289
28054
6597
4134
3688
14566
11596
2409
19032
17453
11123
5947
20293
21621
7856
19856
1897
30944
12324
27982
15134
30516
29205
21751
20208
24982
11934
25736
10231
14742
3749
22689
10852
17516
11534
24805
1625
29825
27182
30116
18174
3122
4995
12472
22481
24016
13218
11692
29757
19691
7792
13604
13679
29904
3477
14200
12901
6224
24878
23203
26183
16067
22722
8028
20731
8781
22648
24962
1524
21344
3719
14269
7498
13698
3309
30307
15120
14673
11108
22936
8418
30660
17810
6842
32189
4787
10624
29948
28691
32410
19021
23888
28191
6554
2852
29067
2167
13248
13931
25283
15072
27786
30013
24316
16229
2471
23323
15876
6059
11007
23006
30108
16511
32755
12784
6360
17329
25062
12988
26313
7205
30716
24419
11353
8231
18465
19377
32117
26111
22862
17743
2418
22213
19207
7482
3753
25463
1577
9587
12645
4169
27362
14073
14848
19004
8193
21492
32328
15090
26480
14899
31271
3777
7166
31192
23428
24838
15458
25682
1380
17084
10109
26508
20053
3917
28128
10596
32268
935
23694
30559
20045
19347
9475
24219
29451
31042
18037
5
28113
6953
7257
29899
12384
25616
13865
22293
21146
6501
23653
17136
24478
15317
26328
25482
32309
7710
18460
24741
30829
24094
29280
16454
26243
29744
31081
4269
262
19641
5591
28298
24122
8190
28074
15214
7867
31801
17924
6272
19810
13803
560
31089
30316
12915
5092
25522
14809
16608
16579
11748
23827
29956
24870
21392
8144
14537
31772
12568
22585
1993
25776
15341
6732
2328
15466
2819
28287
31588
32536
17282
23462
10049
31693
15807
18454
19390
24363
30314
30219
14652
13022
8201
8007
3712
30313
26788
29692
19462
13605
18370
236
12696
15750
26773
16591
6688
23969
1138
23797
18875
18667
16772
24876
25102
2884
27072
26340
28893
11572
3611
31633
19673
28020
27131
18001
13498
13232
6892
12495
25742
8331
149
5991
5457
24292
22762
17547
6845
6743
27811
15205
4963
16135
24556
5565
24315
26267
31582
31006
20217
5767
302
26420
17761
13197
25252
28025
13787
20099
27087
30737
15626
11862
11128
19441
16922
15183
21844
27719
22168
12181
11389
28438
18567
12532
20515
1313
6832
14300
5247
14603
22329
26541
2569
10684
28793
15409
1259
17415
9227
12394
14517
16265
5153
17039
15442
25300
2843
31057
2619
21197
7513
20066
20714
29010
7501
8760
10130
3872
5588
7439
31501
29940
16070
8493
18198
2033
8139
12905
28600
3394
21873
30446
20230
20736
11388
13629
19213
13398
1918
29553
2055
26339
17063
7111
2770
20319
2525
19037
24480
26498
21775
10298
6383
3873
32455
30607
15036
6811
10495
13628
26099
8307
25654
29590
22571
19006
19651
21096
5008
11456
4712
14392
17184
27474
7722
12491
12059
10886
19040
5355
21940
5646
24843
24423
31757
32218
21605
21340
19298
20097
26045
22451
20101
26850
11905
11243
25482
7435
16285
23064
30147
19546
19203
2604
5103
30433
2955
6774
13998
14351
24318
8552
19256
30349
18029
15517
22095
19303
16584
20763
17266
25708
13228
8405
13396
26071
22139
22900
25740
3887
21426
86
30094
10091
5239
24535
14042
29786
27250
22992
15987
16706
3038
17246
26003
14536
5600
11749
32157
5647
2327
16724
20819
28964
29812
2986
17993
10906
16972
27065
12953
14961
23467
27945
15065
26173
5612
25537
19530
8835
7814
25570
1874
9063
22825
596
11821
24708
25610
5446
27615
4124
13947
10383
1901
23921
3518
1850
22348
24178
7195
32322
2330
3226
11824
15514
4492
17686
14985
29808
22696
5158
3952
8627
30260
20421
4870
6611
4718
17804
18835
18632
16125
32724
5659
16213
23592
26139
26930
30350
24134
15529
21008
27800
1909
18290
9704
32432
27023
5183
12662
9326
17498
12297
10456
28747
5119
19365
18846
31074
25534
5031
25380
4723
14559
16256
14624
29229
10732
7145
29815
12461
30237
5253
5717
15938
12564
193
8572
14195
22218
14336
28124
14915
23498
12533
23140
8371
3485
12367
20761
17545
22405
19100
20837
12368
16238
15719
29873
24992
12065
25508
8502
159
23995
18767
24335
12488
27997
8783
915
24299
4390
10400
9955
12405
20318
9649
6079
30706
13300
11019
16798
21200
1835
15924
14589
21606
23696
31699
25079
25141
3631
30228
25878
9581
30726
21070
26217
13747
1978
27108
13014
24865
29833
29289
22450
13710
13184
28935
22671
12048
31726
32033
30549
12224
28696
5687
17045
9405
15918
4362
24089
31860
19838
24577
14784
21022
19432
15052
10889
29321
12178
26951
6637
7708
221
13729
16242
11286
151
18877
6269
29462
32370
31704
4711
6880
29620
20077
6868
15198
13873
10069
2624
27877
22390
563
7387
11706
1096
8719
28055
16597
30797
1601
10111
27108
23048
9873
24906
10899
4875
15004
22320
25867
30823
4218
30460
1976
22376
13981
29283
9808
14975
31996
19348
9233
31360
4465
4112
21322
28685
15200
13756
11804
22866
31386
20020
3202
18420
3457
1123
31631
11075
8812
6225
6647
19127
14413
19771
7633
17562
29329
32233
26523
25858
25671
19260
18047
26882
5765
6407
20948
545
19975
19743
31720
11787
21530
1206
16893
13959
18104
13284
7569
28073
13301
25479
6883
31305
1178
333
14514
18612
31247
30223
30024
29600
17278
30305
11447
14694
28213
16743
11363
20843
13644
16874
8128
13791
29832
17834
14941
13739
17024
16118
17186
25252
30206
17531
25814
12293
6824
17242
26595
21788
6368
6013
14686
18499
5352
32298
25410
26130
18762
5848
23036
6355
24695
26178
17197
5174
4526
4027
6571
31047
1311
14529
21193
30364
17233
19156
26840
14547
13249
1929
28397
16188
28364
8922
4581
26834
26318
22464
10919
19824
11404
11012
17833
14145
21199
20561
17334
20601
13650
25999
30702
22850
9950
30828
26382
31225
19124
2619
3057
1435
7467
1538
17751
16506
28570
23758
20710
32565
23416
15434
30574
12774
28866
5008
20081
12189
9117
23103
13027
22030
15677
19918
24878
20870
21509
6432
20089
8484
3824
6744
10026
11077
14383
15086
5801
30272
25364
3587
15463
22868
10542
10481
29216
14814
17078
27175
18269
10447
32297
8756
22076
29790
23351
21281
21875
506
19676
31236
2963
1155
26317
5842
1930
25273
31253
26229
17004
25077
25856
798
3699
26903
6712
24285
30532
28607
9006
19567
30579
28096
8635
2647
10058
24273
5384
1072
18630
11910
26027
15937
21731
8319
32018
8018
28185
2272
27685
3262
23591
26880
25895
3274
29967
17510
3293
25397
5986
16881
26355
23568
6589
27990
24987
14544
21396
11472
17527
29602
9006
16146
1721
19710
5361
21889
20617
22399
4064
7840
11175
30194
11106
21707
10065
32685
4677
9513
29543
32546
5890
732
14029
16051
23875
14970
9489
6088
15522
22977
5965
14367
16564
16262
11343
20836
27206
26607
13304
26370
5606
18658
27106
11832
11174
21181
17221
13423
31772
26952
21532
16331
28333
26856
3971
7680
25868
3093
26468
21863
30717
17677
3922
27729
29023
24522
26293
15003
10089
50
20008
31106
7476
20623
27679
1465
3193
29758
9421
1977
15517
4779
18757
30297
19178
3709
16863
10142
18464
15629
14301
25556
20268
12829
590
11997
31031
29639
23091
15306
21218
10931
6625
16040
14032
8845
2982
4252
12646
11958
2991
23091
20942
18234
297
14323
3138
29187
29351
3382
4487
19532
14788
31032
16311
18520
6665
8814
4164
29539
16145
19481
10042
22489
26090
27164
26564
20422
13759
9994
12786
23437
2996
4228
11705
20702
15890
24002
18236
30178
6820
1135
16457
23736
9313
4026
31527
4901
21578
28074
25231
31367
24982
9905
4856
23563
21773
13189
10520
3360
27570
25899
22951
14380
3236
4948
13926
7549
22086
1261
17504
24706
1694
18162
18287
13627
17147
25987
26371
494
731
15161
4127
18716
8715
19130
14500
28595
24080
22155
26578
13189
17094
11046
10252
26105
19015
20301
17883
16128
13326
3741
54
23627
22365
4710
3585
16572
29915
31930
7379
26650
19330
14788
11516
17160
29880
31579
28359
12088
19388
4823
1276
16348
25668
7460
20649
27229
21605
13589
10786
27472
21938
8186
11079
30630
424
10356
28421
3618
11594
7048
27168
32017
10248
7155
16687
28725
25061
16317
16360
6914
15577
11281
21917
21261
3444
9036
15111
11969
3781
14676
9539
31827
19834
8747
10778
9465
20040
20164
14725
20567
29582
19477
20592
23610
26165
6253
18623
31881
1498
25352
27279
6009
9263
27105
8894
12799
3998
27079
685
139
12592
21683
27972
28659
16814
16985
5431
15021
23046
20221
12424
24130
25327
23688
1358
1279
10192
27099
13236
14318
4318
29795
24900
27909
18565
6125
10598
17820
20490
24764
30499
4389
18286
985
11311
26647
27797
29099
14631
29483
5544
30407
2839
13003
10935
24329
29247
23239
25251
20196
26135
5707
18235
18166
19088
18446
17573
1504
6813
6859
18432
15444
7154
30197
12615
18288
11
10919
7288
25930
5745
27866
17910
6092
29753
27866
3628
10690
13517
9467
24692
2609
14319
12167
311
29162
250
14588
1877
1888
7019
25204
1223
29879
10401
10341
8835
9245
31457
8586
13215
5725
24989
10785
954
1969
2806
20311
25752
22232
7807
3841
16140
25193
30020
16268
11035
20583
4875
13367
21342
29717
17625
29055
10152
17932
2232
1499
8937
8842
8888
23210
10322
16909
820
4458
15290
8225
25174
16682
6465
17526
13533
10306
28723
8757
24094
9793
17711
404
17225
4647
16264
10153
9198
16597
26091
12411
23488
20417
3650
20319
29080
2030
1241
27010
6077
27932
11967
16066
354
19772
11120
5314
12656
25638
14768
6205
9862
26510
25530
26778
2110
3892
13978
449
14771
27996
2264
30766
30016
11134
5206
15171
21898
32574
26491
20963
28608
27550
29073
17724
25377
8819
11884
11748
447
6678
13645
5928
30339
11099
12038
11425
3186
19399
30558
26120
31534
14333
28086
9546
23744
8826
14573
31455
12436
14978
642
1112
4037
8026
27896
6456
30364
5048
18815
14853
18259
1400
20688
30111
27166
15760
25433
14544
11884
19526
5274
15395
20841
1441
1487
1018
19912
8733
21455
9947
22721
22434
7220
19979
12373
32439
23996
9310
7897
6132
14319
10061
22450
17845
19970
3657
4446
3606
20732
15439
180
31003
29975
28605
6508
24366
22121
9316
14305
31695
4291
23518
6166
6279
3802
16417
15863
25629
21668
21589
13026
18957
18693
10211
15462
24118
17067
16335
28747
12499
23607
10823
18898
7852
21405
28796
9277
29070
30925
23216
16018
25848
28563
14992
11421
25367
18619
12229
22836
3572
13946
6854
32191
26861
24585
12784
13047
13922
6291
27864
32493
23984
32081
14816
1102
28003
16116
12808
14054
3495
6723
16135
14692
30464
17413
26523
18525
16699
19489
13853
22163
7845
15364
27992
15990
22394
29763
32667
11499
6560
3457
31757
10573
28821
16532
26177
24241
31143
6627
11274
2671
10339
31762
11665
13278
12111
13794
2980
4446
24796
12114
12369
16028
7318
29195
17844
10257
7326
4346
3853
20428
14170
13119
22549
20338
26987
17990
28307
15235
15327
6963
23082
19422
23208
29572
18037
28040
28493
16625
21334
8617
5088
7319
16266
19927
29232
14678
8577
24983
25407
21880
8813
29985
8951
28563
28570
17764
27672
17072
22013
12618
4213
19884
15375
7229
24928
27103
28124
23018
31843
13564
28502
1861
20529
21048
18672
29901
28123
18095
616
1553
31303
29955
16356
10867
21471
31814
13633
21292
16518
32282
25512
2704
14288
4118
21858
4243
7538
23660
19437
8333
32759
13769
5199
17466
12213
8829
30122
22533
16896
8924
28177
9350
21661
14052
12698
12617
9593
26400
8116
13521
21147
21707
8891
17884
22104
5433
11722
12777
5062
23667
19665
7416
1907
15138
31463
20113
28758
29614
13025
20487
1285
10918
28195
16382
2345
30307
1462
32555
22319
4584
10651
6747
12865
14093
25183
5559
29813
25565
20720
32070
27972
3900
8367
24243
1085
4301
24518
4177
29690
16402
12732
26972
12628
3797
4167
20354
21203
8903
3681
15777
3176
12904
20893
10195
4959
10534
13756
24744
32399
22217
20091
25522
30420
11790
15280
10567
19391
22162
917
26498
16523
5618
26468
25739
9555
21553
26148
15896
4227
16218
25026
18996
19597
21094
6755
30016
19933
17247
29689
16695
17678
7366
14868
18998
8542
1587
22012
29755
5983
59
11004
9772
32752
6038
3328
13852
9068
21377
1379
27339
17697
25442
23042
13931
772
20395
2709
3754
23970
12800
14399
1516
31834
14492
11107
2520
458
30961
27578
27415
1159
21902
7842
4696
17
31558
8121
1688
20998
14735
1963
10400
6037
14888
5448
18383
32566
23551
11482
29721
25240
13649
25013
12624
15579
275
15887
28578
20736
31633
15634
28004
5278
29269
11056
26126
13014
2890
24759
12934
15240
1825
2725
16033
21191
756
30141
30695
29835
32041
4058
6550
8358
8602
4996
31210
762
8434
4545
15516
27624
5978
20013
3752
11532
18006
8525
20308
11815
9705
21793
19054
20060
4352
12280
26581
26016
4366
8584
29755
31340
3315
17982
26408
32692
24354
13523
19010
12061
5891
18976
9677
21355
27030
26419
5742
5944
5466
21922
28724
11244
15725
17951
4824
23785
32756
7501
21316
25350
19389
723
7763
3135
14627
26286
14552
2987
27186
28875
16609
1454
13836
3797
21565
11375
9099
5196
59
140
30504
8407
24245
2573
22556
16603
1101
7575
20677
31820
9207
482
11850
18371
3000
2413
898
3025
24237
29809
21266
13972
12366
12051
9430
2951
25844
16349
2691
9630
31641
31343
22410
24467
9439
19058
4159
5754
19284
10958
21562
31388
28917
7453
18429
25218
1521
13663
16856
21584
7343
3567
15882
14677
7953
14262
24105
28639
26875
31390
30660
12116
27663
31305
30278
29310
16571
4868
5149
23591
18550
758
12060
18918
17734
13213
15390
2360
2694
14204
7661
25298
10982
20493
25442
28726
18355
4093
12493
28549
25945
28056
22678
2452
26918
22915
26405
15937
9296
11689
9728
27400
4154
2167
23091
8145
8179
26700
16885
13836
19199
6955
5512
24064
13659
22196
3937
5728
6331
3154
16265
16928
21270
19893
11843
20614
15972
21891
4591
11140
13735
2122
7214
24645
27432
442
8775
13830
29699
529
9418
10023
11493
20438
31347
28802
23573
25034
8784
11003
13489
25884
294
9048
7995
29660
3602
25684
27476
4018
12908
9966
20166
13520
24816
7431
21960
6437
10272
18988
10366
27603
17380
24241
18880
10468
29300
18687
13084
21816
4215
28974
29214
14018
16493
21207
10958
23797
8522
26915
9083
3448
22627
8488
15799
26913
29326
18038
163
23841
24709
7660
6253
13436
4748
8913
28438
23997
30548
6688
17017
14567
25118
28706
23433
430
7203
5186
19162
10727
9524
18206
20067
14398
26526
3802
17538
32551
25424
17849
20544
16407
5184
30446
4823
3827
6154
32175
7793
2505
22234
6796
1587
14526
13197
29439
12154
10823
1811
12100
18532
8092
27416
10858
1939
23914
6115
26795
6445
29896
22910
18425
23847
6253
24599
7897
23236
21024
28582
15732
3416
11375
13008
1259
28242
9380
13579
2284
24697
30965
18436
28547
24694
9979
22590
818
7827
11878
29947
11075
26050
27630
3935
15965
29665
8333
13523
25430
10044
30955
18600
29768
9556
10522
252
6119
24287
28803
10978
1297
5391
6688
31165
9383
17431
19692
26093
1436
5868
16536
24238
22347
18504
10880
21308
24078
5365
30429
22332
5644
9032
8764
26199
30802
1004
18223
2856
5670
12256
13378
27992
32407
10179
7728
2823
8793
6224
16983
8558
10704
10277
3434
2243
29035
21192
6758
1885
8243
29931
7623
24601
3236
28143
4347
8188
25531
31400
12823
28442
18000
11616
11209
26806
20646
10014
31117
16042
16449
30248
23588
11274
11255
15814
29251
31492
586
2889
18824
8714
16885
31820
31665
15412
8389
6714
11280
24799
5290
3856
31034
7835
29454
5988
14080
7492
6757
21927
1184
11118
23046
27303
4924
15110
3129
30551
12426
4407
5777
27603
27086
11659
17532
18335
23301
11347
12312
12079
32355
10312
11592
31405
4096
24434
27400
8694
22991
8009
16125
10726
31695
15387
20304
30421
1157
6061
3773
10337
28073
31525
16103
25198
20768
18471
27887
10092
27178
17727
7236
10201
14045
2431
5053
11014
19922
19305
229
29981
15390
5903
26006
20067
32643
12152
969
4027
28904
8006
15276
22636
13063
15510
4085
20771
31078
9256
17526
8252
15240
28608
19186
29501
10340
11211
29232
16803
28182
20550
2893
11490
10709
16604
31062
8615
5157
6222
24343
7776
15693
17176
24365
17150
28172
11602
8803
3577
136
2004
6203
27285
17799
26781
9674
29797
18913
19062
14025
5133
4150
12242
25834
22859
4828
27897
10600
13881
8731
23909
19682
32716
29341
2156
2409
22433
28704
31008
4824
25337
10350
19828
31075
29442
25231
16544
6771
600
13885
13510
5042
11211
14232
32725
27745
32355
2843
32686
26866
21153
30159
14725
15571
1288
15806
2186
3720
14812
28331
8137
508
3626
22272
25423
15641
23048
20744
23695
6806
26654
11358
19972
32528
18021
19366
10775
1117
5167
19066
28994
28445
29032
16295
15222
8849
29467
28570
28858
1713
16695
789
29974
5240
16788
5671
19375
31875
29745
13146
30003
7130
25792
3886
3447
13070
21860
6086
27743
4996
1721
11490
19967
14096
16661
5133
17919
30149
781
32024
580
19980
31035
10950
8396
29428
9023
5065
7386
5321
18948
4077
5972
6120
11077
26004
32361
11729
32335
19298
22646
1150
13832
12857
13867
32756
9264
27496
4074
12823
25063
32543
4719
1218
8559
18215
7862
18967
19764
8655
281
10004
6153
20778
9146
3175
25269
23159
16416
12676
6830
31201
21541
17908
30244
32361
24079
19696
12609
8736
9213
22318
12464
12953
2693
3835
11612
7582
16027
19082
19834
13858
14004
6284
20169
17783
20268
31488
9752
15553
1509
17485
14346
6827
6450
19086
3862
22872
3571
25901
13009
30877
24833
26803
1136
30829
26572
5342
17544
22420
9282
10485
9753
27304
4083
4696
4811
7997
8819
26971
1143
32601
5888
12372
6121
2344
13669
2291
15589
12016
8734
21458
10087
4934
31165
28237
26159
21891
15245
660
17021
626
18292
7678
19738
32075
29470
417
15511
29925
31319
24863
217
14631
20153
962
12246
1216
2696
31692
12185
3863
2778
26632
16780
31365
29947
29605
21238
29379
11023
2116
14019
3998
29689
26192
11396
20466
23164
6030
22710
16597
1952
28661
4679
9491
7256
4287
10582
12507
20065
8640
2875
11703
19565
13559
26567
6849
11649
2147
15308
7445
28572
6679
25824
21634
18841
17041
8799
26757
21590
18760
10159
24951
20246
10116
9160
8709
804
28018
25075
5345
2746
32120
26577
25271
32544
4550
13472
17507
21016
16430
1466
17761
22138
28725
17502
2692
15388
30570
179
28907
756
20470
7690
6450
10625
7541
5220
13029
6758
29700
27444
7226
7513
5531
20838
10751
20283
6558
30367
11217
25992
12974
2503
143
16626
1733
197
20238
4937
19842
3465
14094
7326
10433
25680
3693
17320
27503
14115
32411
3431
17053
2721
5710
14342
29906
18431
9079
32006
11174
12365
26996
16025
31628
5371
1927
9292
7664
31131
9095
27369
4482
744
11477
27548
5329
22280
19346
7764
12059
21262
20495
7020
15203
14787
13957
24715
10693
16294
4871
23753
27399
6193
31156
2067
14960
26718
14129
2512
14813
17002
27991
12996
5137
3801
26664
20021
6477
1722
16136
3661
2592
9004
5674
6080
1153
9761
5192
28847
18203
8290
24727
22219
16104
6356
15610
16573
4865
14585
4213
3782
8885
8889
30181
11938
10712
21347
8943
14003
32605
14319
15159
15451
8744
22150
25554
27050
2077
12612
11005
5689
25469
17980
6159
26453
21106
20668
30636
15200
11496
12243
14396
25717
25759
5649
27291
30283
11134
26254
15122
11100
21547
25389
30343
9542
8408
4130
28656
3185
29792
28850
23054
21234
6546
314
26967
7855
5324
4723
21044
7876
13261
27124
30572
20518
20420
19449
23776
30086
30124
21090
12922
18041
26844
13567
2912
6613
13274
26378
5485
3934
15217
11765
25825
31906
2051
5479
10327
8481
14624
25729
22776
26033
22358
30821
15087
11041
30795
10233
16924
27677
26890
5352
12045
13905
21147
3562
30762
16082
3286
26182
21295
5561
4984
26261
29408
15633
20855
15048
19704
9971
13971
364
31842
24303
19246
24621
5035
25262
13917
16793
29624
28118
27199
8231
31412
15662
27278
632
8013
3331
24947
3292
19488
22218
30367
19480
3953
4614
7319
7527
29472
31852
18511
22462
4312
11589
18171
6740
13962
30741
9762
25698
12058
25210
25076
23079
856
12630
19933
23344
18225
20784
27482
19926
18215
7640
8972
17416
10750
19786
5131
23883
23224
469
28028
2558
20164
18301
1638
5091
31859
157
10177
4059
5547
1489
15568
7409
23263
32018
23985
5274
6718
11299
26675
4155
12075
18989
6887
26604
5614
5286
26234
3708
26537
11126
26945
28341
21133
30813
18710
11745
25165
9615
24419
30605
11475
26530
27516
13964
14131
7850
16178
24383
9949
4771
6565
12052
4886
20239
9305
1357
2729
25055
18060
14595
8665
407
17095
4202
7323
24238
21172
15702
2306
9267
13615
766
24059
27575
25247
26880
29242
10342
23431
8102
24436
19831
17752
31080
9679
13255
18826
7602
9111
704
27370
22759
13618
8320
17718
11685
4438
27959
27367
2891
13689
19921
21838
19896
30345
18902
6882
27222
2526
16526
24537
28248
6765
31080
13557
12863
15934
5020
22689
26275
24608
6416
3644
24112
29083
14457
32693
14575
31014
27330
23896
21702
20634
1969
12263
10051
10215
3528
4333
25749
8197
8553
15695
6107
4654
1854
13860
4258
22347
7640
25542
18856
9132
6806
28457
11494
19195
3529
17772
22734
115
29205
31150
19154
26445
19227
31011
4901
1915
5972
17767
30149
31385
6464
10514
7353
25889
15297
6796
16279
4062
5569
16675
25674
13731
20763
20570
7442
22844
30905
11652
26572
14245
29178
5010
4724
10874
9558
10538
18664
3759
6724
15609
12271
897
2651
7241
12665
5548
12216
14294
24105
10975
21153
2781
2064
16749
23143
30839
31420
22597
26001
4901
29809
4900
11574
684
17590
28425
14251
31779
13331
6890
7775
74
6426
18597
27394
21533
16036
2617
20461
26537
32605
3894
16318
7967
14979
22130
10306
12839
1514
10238
21657
5494
16708
27480
14996
8867
28319
11746
14178
29238
29743
28051
32620
7171
11086
31725
17789
20918
24769
3375
23846
1966
10813
18379
23649
8207
13609
26650
116
19474
29350
19535
23064
6048
17613
31914
1243
21280
4407
1006
28099
20365
23747
11284
27956
8395
21651
29505
14355
23099
26712
19702
27692
31117
22992
902
15313
29653
25997
19918
31940
6369
26871
27936
7768
16586
10644
26496
19154
30666
8583
12819
14357
7245
30039
24532
27519
9035
30450
10377
29966
30420
23026
23542
26055
8941
32030
5456
1368
17562
27956
17140
2812
28476
1254
22105
23967
31773
20002
12355
8003
30794
2198
7482
1954
9377
31092
30267
21012
15402
26738
14765
17076
29867
28182
12438
1726
28022
30512
29711
29756
134
8616
26358
27874
10698
22137
30690
26678
30913
17662
16220
26868
16455
9069
20044
25008
30895
22689
16561
19645
2065
29468
26773
31566
25829
4428
9537
24539
18129
7949
15021
22470
22976
3184
15674
14399
10036
25018
26019
8805
10717
21680
24881
25261
16234
17170
29231
24456
27807
13926
29854
23360
10152
21750
6954
3363
7341
25628
30812
21988
8358
16317
10256
4926
18033
27412
11562
22234
18977
7857
22405
1139
18074
30657
17964
6968
26971
11407
22989
11890
6298
27211
11114
20838
16278
16395
23378
31357
13609
15119
19536
8610
28828
6217
7970
7660
192
12060
556
1661
31034
31077
10606
6826
18975
23736
692
30044
13761
6380
31244
4021
22728
32729
25213
22263
30852
23136
22262
22946
2945
7852
10117
20445
12380
23480
9929
791
1750
32273
27562
22766
7975
20958
23367
1360
29589
26141
3888
10208
8260
13615
27606
22683
19792
13975
31552
26555
32537
15871
24575
21723
16606
19323
29795
16733
23950
12562
27119
25097
6874
12667
32011
13302
10895
31780
4345
30894
17955
10873
18442
15757
10381
8802
27666
29290
23130
525
15129
21370
1022
30959
27731
10864
14952
12805
339
10985
31193
13152
14203
28168
17141
22240
11703
20829
3611
16448
4715
15628
2290
29778
28073
5419
21060
30092
23464
23147
10256
2500
19313
15867
15322
3384
5596
11433
8518
30417
187
5451
2789
29097
597
28253
18767
12234
22806
16107
16498
23097
19332
11954
18217
16947
9333
24962
9489
14262
16255
8678
8856
10563
14769
7943
24406
28899
6784
16846
25249
29288
2308
23881
6747
28405
24933
15952
15375
12736
16016
24168
15420
31255
19502
15847
20465
18081
29910
10585
11418
26087
16513
28195
31258
28690
30527
16998
11034
3574
23593
25638
12192
12624
5271
13228
13795
8780
3987
19752
27998
1611
397
26011
35
17378
18512
28404
13938
26662
19252
18297
30858
28967
11157
30825
8895
8634
22917
18400
24525
17020
24766
8698
32108
29715
474
7483
28452
30391
27591
7727
29539
2802
10613
24141
3789
20387
6097
23073
20947
16713
30711
27307
7303
15998
29091
3586
21678
13762
6633
9020
16919
24698
21031
7570
1324
12088
4919
29376
23495
19261
30953
18603
10311
20797
8624
9798
28386
10594
13979
11190
15677
8339
12167
5557
12345
9973
10132
4148
3088
22450
21973
7236
6818
11770
32332
3382
17417
2888
28437
24833
5491
29415
24033
30693
10801
7860
14758
28494
11019
20773
17557
9211
22487
2186
2637
8031
20298
30611
1614
29768
2317
26387
3760
20158
13843
25859
22293
15150
31531
25802
8156
26824
14801
13500
26007
27429
23370
27872
9407
16173
20976
15094
1447
5944
17610
12216
1199
12915
6495
29025
27322
17286
20428
30572
10722
10867
25877
13214
29290
1473
12217
19526
5107
24283
27273
19396
32499
30131
25017
26952
31332
28586
30264
20188
25017
28084
27453
165
32534
19895
12835
18789
21952
6965
10358
20549
28883
29483
31822
15314
2611
24377
10971
1605
7620
27650
19778
26375
15582
32470
10151
30068
13819
11919
11915
26848
25779
9144
30297
6615
15851
17397
16699
10409
27721
11422
7986
27942
4331
16558
21606
5031
31832
19932
31163
2894
29622
3335
2980
10638
22078
471
23356
9965
14062
32162
5523
22792
15997
18828
21829
19928
27028
15347
29266
11317
30523
15626
1065
32152
7058
32451
18950
17701
19137
27635
28030
2025
12337
4785
21337
10848
9725
3582
28319
18234
16547
12972
18933
25438
17152
888
15146
9008
3707
12410
29966
25871
25472
9663
27523
25890
1584
27956
15830
20053
6998
26565
6991
23710
20893
8647
22022
29829
11009
18067
6137
21475
31364
30580
28252
16362
27170
2500
7984
21605
7430
28753
32023
22593
16894
21510
11623
15181
10797
8135
5245
8510
14336
924
23636
7670
14947
13074
18774
1798
2100
25310
20849
32369
28663
18884
10606
6835
20428
10423
15486
20481
27039
7746
16918
32467
18335
18726
26109
19360
17649
32325
13988
9192
3749
5566
19893
5240
12521
4954
26350
21738
1148
11815
22832
11371
4198
31586
9683
5057
13287
16538
4669
14476
11437
12563
32691
17867
19785
6761
30062
5539
30692
17525
4338
12380
12590
2164
20635
15533
24472
25446
27769
17721
2755
1973
12638
30553
12088
12823
4660
16156
31321
17845
25492
25740
664
29581
30101
3635
20454
28949
32738
19678
18542
545
5136
5281
21892
23046
2606
18203
21720
6144
7069
13051
10736
25297
8226
11459
981
26539
8505
9421
11020
16464
14252
24203
27591
1144
26469
11538
28765
2675
28032
22746
8184
6927
13477
4799
21901
7356
25493
6220
786
31214
14850
27961
5355
18115
12196
20018
10661
27110
2441
16603
29158
19635
22957
25872
19620
22172
7370
27505
29590
14283
27249
21790
19432
18184
27482
24767
12083
30430
2553
18632
16556
9721
4433
14075
8860
20179
11789
4398
8208
23184
1485
846
7889
6950
22718
27300
28054
12480
24941
1623
17017
24165
26333
4402
32168
4564
13527
10408
1117
8883
28289
9493
18448
3305
28466
18247
19947
10825
11653
24381
19070
12144
21676
20526
9652
28656
2055
5582
31493
11694
1269
11980
27118
30600
5867
4255
19102
23355
4547
2178
6899
28292
18006
11709
14244
29574
9548
18727
13760
7276
1075
21993
28759
12879
14543
32644
7798
9050
32433
16662
1369
15404
23307
2521
6877
4221
29379
2796
11316
22277
1734
4694
23772
15513
2719
5960
4562
29336
2376
23458
7427
31877
19520
18105
15619
245
30941
23895
17665
8620
6116
31492
251
7939
15191
12420
10798
19085
13966
27553
32721
3321
7305
19499
22530
826
30853
19004
15617
30438
29901
4544
27292
13788
25555
14133
16362
3370
24447
10672
31036
27438
29383
1569
18001
27899
384
12247
4297
23293
25204
21063
1756
22753
24500
12297
15948
19631
4400
25379
920
16697
17796
29322
10611
18361
27925
24806
27764
7350
15197
6294
16143
5159
29315
22772
4548
4315
3375
2266
27542
2840
15004
4709
26303
27267
24815
11256
26018
14143
6599
12932
5121
26201
23829
30983
2160
17764
20014
12627
6666
18784
24350
21009
15970
17633
15935
7685
957
18797
16907
12436
31614
14373
18223
13187
10465
17831
13536
8705
18412
30004
7026
15592
163
20238
8487
5184
23164
22052
12613
18949
1042
241
8555
29225
17181
14754
16676
13277
8354
10615
1981
4109
9575
21355
21588
28969
15018
16919
29746
26667
786
19668
25435
15062
16358
14368
31586
10043
5757
13635
1154
130
18934
1330
23787
2279
15657
17075
10842
11523
20700
6082
18924
1101
29243
25139
29236
15072
28034
2970
15243
18559
22781
6248
679
6358
11314
12886
22896
2306
22365
12807
31246
24148
28444
27624
28743
6738
16492
17500
27912
20479
24788
20246
30785
24157
3808
32197
29942
13359
30417
8695
11156
259
12179
17975
20097
30576
1007
8825
11510
1181
23554
12217
2065
8450
23278
7902
15910
7795
1231
14052
16471
5978
241
24122
1636
25412
19520
21353
29892
13471
28671
22775
26868
17345
4285
22667
24591
11053
27013
16721
27551
22802
1878
9632
26802
14869
22738
23515
11569
336
26170
9877
8046
12699
17818
10232
27644
19466
8001
9319
19907
18359
22132
22626
7251
14017
10852
26026
5241
15508
25437
7078
3856
14699
24639
7942
6682
20244
6194
13478
10256
8947
25750
13237
18806
330
10041
25366
9393
17848
8397
17926
8221
11519
2969
7168
29275
29706
20078
6109
3304
26670
23517
4672
5364
19632
4519
15153
24177
14727
11381
3848
7530
22372
9161
4749
16790
7408
565
6749
12333
29012
3531
8592
20474
22527
21716
29592
7090
2467
29381
11628
11908
7809
8558
23015
32497
11751
27253
11626
15326
1783
3331
9417
32743
26281
27581
2917
20215
20244
5878
11413
4629
25577
18210
13387
1409
28736
23438
756
19712
31127
12623
30879
8820
1047
26233
31586
21167
27674
23953
15609
31881
30955
5444
945
17968
3276
10328
31365
31936
5694
2532
19590
21012
9852
20924
3968
11483
20809
11568
16858
16110
14827
18422
24510
21985
29048
16740
21370
6615
2640
482
17702
11931
1259
1184
3463
27373
31189
27012
20532
6682
9462
25447
247
31696
13847
22144
22646
30255
2722
15136
31763
11811
13481
6304
23824
31218
29482
11416
4855
25105
32658
4690
13625
9276
21631
32383
30741
27845
20938
25384
4283
14893
25029
4071
9394
7921
961
8790
18551
21926
24532
23240
20839
23368
18393
10551
32478
976
18871
1662
16033
15620
14055
28104
4217
29587
17712
2633
19745
20065
11445
27948
21602
13344
26418
24524
26237
20256
29827
9766
11465
872
18534
17807
13725
2821
17793
9122
26480
11426
27047
4477
12095
16473
3927
5933
28208
30409
26757
4966
27252
5737
5789
887
18289
8987
966
1918
18721
9221
24932
30424
26293
31644
28640
6364
28799
1537
29611
21961
19726
29073
31616
29692
4507
1464
23530
13671
31140
19461
1031
26942
470
20356
3979
17907
10800
26184
14855
8037
9062
14663
5996
19797
27523
32363
13771
22041
7635
6373
3166
12692
31232
5061
23500
14437
26235
10951
25513
4959
29213
21872
4412
16185
6415
2138
2950
30855
20711
8397
16511
9193
8211
11918
22435
1667
17531
4092
11693
25261
11618
5208
15779
19691
19597
6245
6930
19743
680
20785
24987
8189
10981
14642
15790
11456
2534
21396
29334
795
9181
14802
438
30067
15858
10116
22290
9035
3813
30840
7953
2048
25332
19715
10625
25014
14079
18585
32219
1170
3818
7836
1224
28202
2883
24946
27365
11577
548
18394
8387
29080
8027
23680
7219
22633
20425
19407
16064
18581
31752
17414
1404
29562
22097
7054
26112
19933
16284
12683
31918
5414
2056
15537
28729
13516
3710
31832
11880
8206
913
32723
26134
29668
21417
30718
25214
30005
31841
18199
11189
16202
20781
17103
4216
13955
29504
23712
32040
4936
173
9312
17427
6467
16076
22807
15093
20172
17375
31758
20927
18597
25589
6696
1686
24040
25871
16245
23327
22589
16002
18693
12026
29776
26524
2298
9100
18051
31114
28897
27906
22496
10361
13891
13458
3921
22524
9590
28676
15123
20142
5817
21106
20072
19736
14721
14924
10124
3029
10765
16542
29163
25843
1344
19862
30865
11421
28336
22081
31970
31991
15611
10133
25995
31050
16474
25268
22968
19553
22392
3695
7304
26163
18052
25097
15549
15554
1156
11582
27833
5186
29421
388
5798
4734
13169
145
244
8568
4121
29725
5896
25935
10643
4841
10802
18790
24525
5888
16096
26819
10435
2365
14866
21941
18837
26125
782
1210
9692
32630
27989
24223
6462
16473
32469
15849
3904
13556
26208
23412
19804
31914
13917
28250
9044
2311
14270
790
30149
19967
26930
19946
22271
18294
32411
31870
8724
30726
29890
19145
19503
17660
3401
24372
24615
21411
18146
12797
22612
19398
9663
986
19106
9072
24650
10208
6883
22518
17429
9378
10090
14391
26388
28829
9173
9251
30986
19924
5674
25978
18753
2231
10790
1494
21630
7753
20177
17900
28468
3458
21078
6671
24568
22514
28690
20470
32309
30120
1259
16830
10529
16466
24035
14898
10991
6566
21740
28235
23623
20736
12287
12275
7155
3148
30312
15886
28379
14374
12388
21947
23603
17216
17645
26839
23027
10500
27093
7620
23943
3963
23058
31848
25800
31854
18009
27768
2860
26059
13294
26870
32569
8521
15802
3320
27712
30543
27550
23980
11335
23827
5127
30105
22087
6655
31682
29991
31896
23640
10258
23650
12201
289
5888
12795
6388
4925
20979
7055
16945
17877
3712
19244
23754
28153
20867
26130
7568
16266
18543
18614
172
20823
19682
19469
2520
11398
18045
28678
21711
27446
24306
3929
2561
10850
15454
127
2956
21256
13786
18433
28264
32395
13900
16374
5089
31319
16772
22727
30539
11971
20356
22326
1009
27963
29214
13215
1870
27038
30917
32381
4992
25317
1693
28207
26105
16134
20180
31229
9848
7703
27445
9814
4663
10423
250
26203
26470
7594
10210
13986
9433
25283
18308
21811
29182
7431
24291
15063
17169
5135
27202
14739
3475
25774
23354
25711
8440
18132
22281
9339
30624
27314
12077
7956
5128
12575
18482
20836
15938
17211
25288
1320
13730
19794
31512
694
10939
24835
12888
9278
5513
17057
30365
11856
15344
9689
23793
4510
31845
7573
24998
31236
12524
17185
746
20165
15938
22668
27035
2072
9051
27218
5212
32227
7439
13367
14568
5062
12816
19830
20390
26203
15135
24603
32126
23996
15231
28590
20460
18758
7594
29457
32594
26781
10308
17835
11155
1520
16205
13255
18141
1407
17818
9782
8902
3674
12934
12604
21403
12395
12261
2730
24052
11190
21561
11079
25228
15584
19753
8052
15440
4846
3630
19216
17590
21072
22416
9370
12880
18718
10641
11157
17825
14497
30695
7729
14383
22549
12656
12839
8665
29869
28706
21733
18539
21208
25921
14059
3440
13507
21972
9845
28232
10783
15193
32090
19066
3364
23736
9780
25675
20694
29558
31937
20367
1159
12587
3465
17087
12445
14646
30913
32332
28821
25263
31856
15923
28232
22173
27088
27090
8813
24169
2551
30201
32352
30355
13750
11589
25378
31140
9410
21161
2464
30564
14353
21070
16440
3148
17287
29853
8569
19774
6866
18330
10282
7028
26003
12915
17550
29879
32446
26456
22247
5073
25411
10126
13113
30020
29678
3519
4688
5180
3723
21141
5124
29635
16975
16263
14012
18484
9075
17394
26673
21746
546
24683
4981
21081
2197
23636
20531
28661
1149
31149
5944
18162
24481
6957
8242
20692
3016
4241
19640
13929
26073
32053
17547
2811
21569
3297
10012
18377
9365
27365
30286
7097
27768
12136
7804
25415
29120
14077
16318
23745
24020
6263
7272
27830
16472
11519
20692
1708
9485
24163
14434
3601
16626
12209
9148
17268
31408
13317
17503
4597
21044
26527
29015
20730
27550
7992
10569
20004
16730
406
30135
13186
16780
16223
4992
7684
23218
32043
1190
30770
15237
9180
28500
27933
18975
2866
28192
1942
5731
12954
13709
20895
19354
31815
13012
2079
25946
7812
2020
14042
11180
16201
2215
20639
14957
28172
7559
6083
6133
28633
12081
27343
7927
4517
32664
18806
16296
29920
5181
9674
23588
2633
5551
21935
17421
12038
18509
14479
4981
8180
595
25935
30974
14140
17173
29826
10047
10279
20357
15069
30058
11571
30715
2027
29484
23654
27446
15618
29653
5602
15006
20598
21689
16570
29643
4364
726
18948
29515
15794
951
6703
21664
17773
1432
29847
9097
17298
15050
30039
12931
3129
1113
8542
14990
23791
12269
15558
10292
1451
19694
23393
14792
7684
23787
24468
21228
6816
25405
23400
10581
22256
6119
2014
11987
26394
16833
18051
23691
17975
31702
24901
17287
13503
27146
31877
1650
23361
8448
28525
8348
1368
17722
30340
7749
2266
9602
29823
10775
11602
21641
13659
5108
10161
1487
26536
13554
32320
12738
16424
21668
26841
17706
31640
29596
343
24516
13006
7981
22603
26157
13572
12918
16881
27394
23668
10395
28514
13126
4389
25686
10250
23044
28164
4271
14173
22325
15414
32519
25286
28131
14509
9819
31712
17807
22521
10183
25321
13009
31841
31817
3444
29502
21043
12232
25949
24718
18008
19797
5122
24319
19243
24752
3504
2804
24460
12558
29020
27106
3119
6425
4244
8812
19258
8249
13237
32717
3600
14610
28253
17527
21863
18766
6179
4089
4001
24220
15750
23590
12633
13560
7460
21876
15420
29230
1325
4770
10266
15001
9494
28574
25148
817
10130
4005
22265
17605
10430
19116
14724
29828
23707
2559
32264
26050
31170
22568
14839
30969
15443
10258
24223
15374
5423
5998
510
24534
22887
12374
10711
9945
1524
28208
19717
12630
27560
2518
32528
19079
22372
20724
31230
6949
2700
3249
31339
25903
6072
15249
8668
11496
30636
8857
21329
29471
27275
31157
15897
25778
31047
14168
2794
9045
11100
16226
24369
2960
17598
31046
10919
7175
8207
4460
29477
25086
30998
27092
4793
3868
15213
32253
7161
7279
10617
15877
22679
7857
28575
9489
5686
12234
30645
3823
13692
4501
4279
4346
12137
28135
16060
23102
1255
22478
18216
24285
19618
29206
19746
21170
21273
24338
4681
14131
246
23961
12194
156
31642
14158
23253
5706
13309
25636
2970
12900
22453
1826
5486
25793
22612
10340
2442
15622
31991
20579
29973
24591
12828
26742
20377
3217
2996
1176
11700
21245
11642
31339
3088
1191
3458
27005
18068
7719
17685
6346
4060
12543
25532
19843
31975
4223
30875
32526
30992
17894
17920
3150
13888
4042
21308
22052
28001
28858
20658
25398
790
4385
557
28911
25769
30829
9079
5575
12613
24945
31527
22724
869
11784
4026
25152
28300
15868
13029
10734
1335
11558
22314
17944
31503
15574
25514
16426
14180
27765
31290
4724
27607
1384
25528
13100
854
7736
5792
20658
32078
22768
3034
8984
2331
24775
21974
30434
30148
27391
11739
21770
18917
16141
27548
27720
6124
2554
6925
8080
25224
265
9332
24027
9567
6042
15043
10026
22016
19534
1061
25288
28952
20844
12503
27344
26600
5252
29753
28912
502
26962
5157
8300
1795
23524
639
8550
17726
28159
13581
24924
18359
17344
12169
17650
20758
895
29685
9970
28301
27896
19759
18577
14091
27565
10181
5876
2739
10374
27914
27122
26252
24251
5226
8220
8314
30707
24314
15354
8045
13230
29011
26264
25560
24032
16289
31553
29797
22750
32759
139
743
32382
5862
12948
23951
7290
12877
650
100
4118
1650
12145
23277
17667
24914
23584
7728
7042
2102
18061
9953
31181
4999
1099
22483
3250
15587
26705
30898
31617
21360
30205
27892
4904
19057
1369
22285
11421
5655
31900
31714
21116
19097
17140
31361
27122
12679
20610
11279
25305
18779
32678
16385
13092
25425
894
26768
8574
21368
10153
11110
9006
26377
15697
10910
20798
5368
22888
31211
14556
7370
18481
21527
2816
1958
23043
17584
28495
16302
27978
6654
32320
12688
22990
13111
9853
11351
8504
32502
396
29576
2258
15850
23470
14186
142
24011
29447
26533
31562
147
12800
5134
7250
1002
26858
20418
24102
7394
19172
19058
5758
23524
12798
5117
31628
11499
28318
15940
3713
10223
9763
20794
3922
17829
1225
17722
23996
19557
18124
30622
27526
2411
23761
19853
9222
10819
12161
30996
27878
19071
18039
5240
9256
2475
22108
1995
16232
15747
31312
27838
28769
5219
7308
25782
29363
15358
21062
5410
26340
24659
11989
15883
24228
5853
21014
7916
32341
2570
13838
7621
22474
30959
32721
25707
25167
24378
22434
26658
13290
22888
3163
3949
24545
6456
1552
27173
7804
32351
19439
12233
8716
10109
8554
30741
15660
3920
32409
25046
15943
2599
26585
7164
9307
14234
26810
1265
4348
15481
13848
21545
7067
22786
15239
507
27144
12119
6133
25007
12854
20015
19850
8664
2367
21451
10451
9956
9127
15660
8992
29681
27365
13699
17450
5602
3103
31209
18169
17586
25654
9552
1541
12041
27906
30905
29340
9229
4063
29608
7043
3963
360
20693
1760
31734
2690
15141
25431
3999
25245
20184
21620
14053
32566
15108
24137
29087
31904
5954
13400
30296
1029
16807
28595
8169
21160
22774
28769
22862
18028
10003
28164
31666
5018
4027
31673
21196
2015
22387
832
15214
32404
22206
31581
4187
27202
28051
23933
22874
5990
19214
7837
28808
3185
23910
12136
4594
11027
32287
18335
2403
30393
11905
190
29307
9301
30792
989
16129
22365
18077
20180
30586
12310
19269
21666
27131
3858
17433
32016
15163
12791
13494
18321
3564
3459
26741
5485
13388
2253
20638
24350
8183
32206
4824
22778
1023
8991
23524
19219
23870
17156
19083
8284
21739
25514
1749
28941
12652
17581
22908
3144
18795
21981
22432
17660
11564
2882
30396
1546
31262
12894
7385
29094
3248
11441
258
4096
1125
13187
28663
20772
20011
2269
18726
26143
10473
14809
18390
13668
22615
22043
27814
28270
31250
16544
6966
166
12528
32183
16420
31110
6800
8780
4922
3583
17206
18540
18917
21272
3030
11526
19945
27097
13935
23279
19540
8807
3227
1833
12464
23152
21603
613
24701
6857
1879
25542
19167
14422
32735
20712
8339
31787
4300
1825
18471
5872
15154
2567
25195
25482
30330
6962
29475
15608
16051
24387
510
27514
23849
21540
18380
27897
7993
31890
15339
7331
28515
25817
5634
32214
1185
25823
6130
11839
7159
17252
13322
17219
28748
7816
25467
5789
25720
15758
16651
17993
5022
12255
15373
27553
15292
23890
30608
19911
13952
27562
10711
4930
29790
7521
4105
14060
11743
3492
18986
17419
16188
28062
13130
7614
25131
9977
2556
21915
14841
1954
32010
21910
26073
23245
28775
24868
3452
4922
3685
12705
7137
27318
31016
12783
7279
6884
12379
7521
28225
4925
32545
1495
16833
20566
1615
1322
5240
14433
14040
7626
7972
8439
20617
3749
27147
25109
14582
7755
31632
6756
16052
8528
21764
2237
7368
16370
12734
7916
21088
16124
15470
12724
8897
20459
11950
27156
20865
11342
3802
23497
28406
115
34
25876
18670
26943
22749
15293
21408
2398
29472
19288
7907
31133
27536
18631
11166
6291
17012
7936
13696
32135
4879
6417
17649
4750
21804
28001
7496
6644
23802
3640
23358
8925
3354
25473
22434
12588
28407
20943
8783
7332
9558
12959
10588
27469
27950
8669
24722
11034
8377
17577
32035
3784
28875
27994
6552
21001
18531
16579
22028
10466
3711
16566
18584
15954
14901
24519
21006
1588
27904
594
10986
26214
1880
4288
15493
31531
27525
32517
6796
31438
25268
28013
12465
31881
22603
18073
30880
9892
24442
32452
19509
2017
14098
22604
10220
8216
16283
20845
29081
23583
6049
8015
5977
2284
21070
23107
6856
510
31806
16201
23668
7929
25230
10967
15250
9360
20534
12501
24048
15527
13721
30188
13355
14777
28251
11776
3618
10616
6515
25595
21418
31412
14209
28365
13700
14974
865
14257
27276
11405
14592
13745
19762
17121
15982
17004
27950
14501
25397
11287
26992
21594
10730
10434
9814
5426
20481
3804
13346
20410
2021
30458
31147
32188
6473
10964
30547
17764
23480
1424
13880
31649
16244
10564
14255
9678
22653
11702
30958
16018
8176
11366
24328
16901
24466
19918
7967
17684
31661
15336
30420
7206
3867
7665
18691
21760
3488
365
29358
2021
24701
21611
27702
17410
12609
21770
2769
6922
22243
6716
30264
4126
6414
6602
9888
28143
15804
20376
32492
18470
5382
27179
22305
11268
30522
8296
2842
17477
26927
5278
24957
29771
23253
26823
24301
11896
13328
26635
22913
2524
9159
27014
24693
23312
25912
20555
19488
21601
28558
19625
2598
28977
17333
17069
31215
12443
19565
31207
27992
25430
1181
31345
8616
4316
22506
15150
17605
14283
29065
1360
23208
28043
27985
12573
5902
8497
7957
8178
32624
1443
25648
6024
26934
26365
13153
25206
10280
28468
24282
23031
293
7674
15507
15598
13591
30689
10468
30759
14374
12482
5971
17376
26924
21856
9643
14984
23913
14409
25934
19654
5241
9725
20171
14013
10370
9298
5043
23183
20146
16663
17065
9247
15337
13304
29113
23068
16818
22433
25323
59
14200
15911
22295
11971
1015
25763
762
847
23280
18976
23178
3791
801
28087
9863
25809
14452
30712
6227
12287
32375
5004
20483
28648
30476
14617
2230
17411
4450
29286
24357
26608
9507
22720
26236
17666
19951
21148
32617
15611
6922
21629
9586
4630
26449
10520
9867
4171
28019
1206
30952
23502
27741
26587
8976
2265
28662
5413
27187
24747
4621
7798
15037
30673
18319
19798
32555
31140
3582
27282
22813
19731
3358
10537
28845
30370
242
14441
19968
23475
32742
16726
28954
19204
29006
21323
7159
28282
18447
996
727
2589
21916
17946
22233
11363
18725
15536
24267
13233
12043
3023
4673
19743
1174
28141
27364
20604
13290
4083
24589
7570
3127
30878
16531
24234
2609
32549
24289
21587
1216
5405
17227
3680
4600
26522
22690
13872
14411
7064
18181
20018
16381
10649
28923
2727
14553
7311
18111
10154
2083
14331
25563
24686
4813
18775
11000
27592
22509
10418
21493
8685
3951
11418
8246
12156
8455
5438
10559
31167
1898
13012
32129
6190
29630
19257
32627
1844
17743
727
15077
30774
10627
19660
9362
25298
30736
9801
30708
15204
8044
8503
10076
29391
13702
545
4673
9082
179
30030
30168
3992
3307
7981
19430
21677
8501
3063
3027
30797
10592
17039
511
12839
26612
32429
12633
5955
1128
22075
29485
2696
18837
19967
18749
5761
10347
8571
5652
5217
21219
16913
12183
17476
820
20843
32733
15031
17226
6938
10304
18299
18548
20861
23220
14726
14173
4581
23896
9291
25661
29686
27723
2619
25424
10321
28097
4236
32136
27248
11350
8249
23935
18896
2978
6218
2223
3670
27405
30037
30949
15340
10980
4677
27123
31083
1965
26202
12197
24253
16312
25713
10231
28227
14071
24454
7557
15732
3343
6263
11843
4295
22959
22794
2670
28371
801
16434
8131
28341
25375
9102
1262
17843
11751
10803
14661
22559
20370
1195
3254
20861
13217
26173
17406
2024
10969
9071
19740
11953
25425
6602
6150
7242
9929
17629
26522
10082
21309
9349
11991
24402
16826
22635
20045
9144
3953
5325
17874
24417
32010
21634
11895
27245
22586
27704
4283
22445
9112
25345
27390
12624
28844
13326
31800
26815
8265
23993
9962
32197
32029
25033
85
8435
25735
6898
24555
21827
29096
2972
771
21755
24253
2534
6352
15828
4268
27881
19092
18524
220
8001
5137
3737
31050
15050
64
9711
22234
4519
7750
4163
17899
18569
17060
18529
11565
26157
26798
28059
15031
31783
18494
21171
18260
19679
29609
29692
1054
4825
4594
6331
9807
19769
2366
9171
1363
13702
11656
22434
24354
17070
18326
4390
14028
23882
2092
15972
341
10532
15231
5130
5316
2038
20716
18003
3447
14709
2794
18731
7609
15502
27454
23444
31639
22000
12142
25160
24815
24522
29047
21919
20937
18134
16578
18100
7402
22678
18261
16323
19111
18142
20295
982
28152
1170
15478
29089
3021
24497
20092
3498
3237
31890
16094
30637
27740
5742
3975
20286
7236
10527
7541
19376
19320
26663
19379
2870
2413
9972
23175
23880
30410
5731
16108
3144
30842
31618
3650
27238
8447
17306
21061
9665
17417
6509
22844
10190
26695
24508
22130
1022
2941
13580
26346
14747
27863
25770
20047
19699
20861
26861
42
31673
30567
25275
18776
4264
10867
10830
11706
6761
12212
23864
20014
2487
31501
3493
27326
31425
25343
30433
21784
11728
18112
23322
26430
29481
23181
28262
21119
3637
3648
29448
23206
21471
16933
27375
20849
2110
15882
639
26181
16244
7829
6292
7711
17878
11483
1988
1998
21325
21549
5349
96
3579
10805
9935
7130
8226
15683
11107
1580
25922
7393
19917
28771
29314
20653
25093
24097
32337
12648
10652
26442
27469
22602
21941
16897
31332
6296
27218
10451
26681
14201
26321
28977
31177
22022
22454
26148
15438
16800
13738
15164
31844
7814
13764
11210
14442
8358
28424
6734
4651
18100
31021
17459
957
19322
26788
23994
23466
16751
19413
10805
17486
3210
3500
25717
23168
11864
24916
2949
6005
6221
6978
26521
4576
30808
7030
23361
23134
13241
11517
21730
30482
1047
32443
29799
17036
27341
6503
14644
12784
28294
30423
19547
18004
22281
7806
15123
11625
23382
27443
13670
21854
30193
24115
9513
30721
21374
9066
12593
24872
3982
10990
196
29775
13241
31693
21326
13698
11501
9224
16469
22910
11013
27103
13231
8467
7837
8783
31219
972
18725
20698
28973
28114
4917
29830
12758
5390
7456
9768
17411
10638
15820
27618
13532
25898
25537
26091
8272
15975
3199
14478
775
17051
17941
22390
26776
23378
28399
5672
18941
753
10224
8657
12356
11417
11457
18498
28550
25422
1640
12345
3613
25689
19484
26338
11282
14570
26199
26269
32469
4866
2094
31490
13617
29072
21214
9762
22398
20443
22439
27408
30745
25631
27613
8609
18449
12667
828
14191
25635
28938
1148
548
28137
5713
19493
1781
17742
29401
20901
23404
30277
15644
8863
875
11963
32422
10375
28782
20681
11636
27756
1552
29999
29856
19732
18385
29182
28736
23374
5142
14740
24715
20612
4209
9677
6205
21392
11043
888
10813
32720
21983
29192
6781
25213
24017
27532
5666
25144
1247
2274
30438
17638
16431
22055
5562
18366
16361
19313
12463
32160
9278
15809
26646
26537
937
23603
5862
31748
9844
3448
2655
3843
7039
16774
23789
21102
2621
2958
30799
24347
26111
6191
760
31934
26229
21481
15542
7171
26993
21972
3729
14042
8687
25234
20982
2834
14419
7042
4885
25386
16369
11830
21127
24932
9682
6184
2612
282
31925
21160
31092
16981
19029
31513
31860
13212
14826
19293
29404
19978
22514
30350
31150
22436
15153
15855
31857
16361
16119
21026
24976
10922
12961
21659
22013
7451
8802
3412
31769
299
7492
10434
472
29457
7273
4617
25120
3367
28567
15724
21875
9724
21236
30471
13774
13476
4621
2496
22993
20307
23581
21115
11039
30763
11661
5005
31752
11345
29367
7283
24678
26950
18415
6597
3524
7285
31428
8549
1734
12552
12419
20220
5573
12288
22013
1191
23225
9861
15498
9197
28764
18042
2126
21237
27788
30037
21435
8693
16369
15662
11351
9454
14561
21525
19648
21911
11648
11689
14317
20886
4396
19175
6582
18678
31000
15423
4247
12502
21558
2541
17585
3678
23131
30342
28689
28152
30366
20433
15413
23228
12545
16857
6348
27179
23379
24640
28606
12321
1364
22998
23148
12037
31771
2666
15417
6211
22709
24289
26185
28924
25103
16261
10377
28412
17941
29855
29679
8684
28188
14663
29187
15560
29309
28795
13726
5012
29059
12399
26865
8523
19848
6180
7370
10777
5722
9020
7443
19913
8676
28685
28315
7809
6154
11252
23066
4013
30164
6635
10351
20793
19407
26462
29739
27395
15280
17211
13395
11408
31035
27465
25698
17662
21091
9146
28046
5945
691
19715
13644
7794
21996
3051
29974
30413
24048
14306
16236
24154
16350
917
22041
16967
23679
5055
13751
11348
22497
30786
31349
9350
17473
15222
536
23328
29742
31681
28480
11983
14316
17256
29165
25381
2583
4772
31041
6984
28552
20473
12936
27884
3709
4803
31093
8062
16627
31762
7598
27554
9815
4535
8588
20192
30814
20383
22043
18330
10034
25440
30825
3394
206
17938
13309
6346
26539
10336
11941
4443
23708
25822
373
29001
24566
27806
17164
30535
28149
25086
1817
14295
6747
21955
30494
25349
3930
23148
26740
4693
29620
25024
5008
13050
31777
6314
20612
24648
11249
13638
31944
17004
2290
27452
28219
17755
18068
31309
5989
15368
11339
2859
16639
17370
15157
20110
31925
31837
22269
4740
13610
26424
30207
16904
32573
1119
7341
727
4235
32393
10289
25983
32564
31717
11348
23481
12003
26376
26782
26872
3848
17450
6334
16706
3688
26259
9261
19007
26584
6736
28943
12944
11333
5674
24154
4961
11768
18905
10553
20546
12568
23668
16819
10546
1393
28460
21128
13053
28019
30778
91
10697
30334
18966
9238
20971
9821
6890
1163
23295
8720
8262
21335
31031
12750
4885
28940
10483
17994
12240
15503
20626
