100
5040
32087
183
21513
9840
23575
16059
11636
30989
31711
31683
30585
5349
17130
15920
13258
30316
30500
16972
17237
31082
18831
26660
27848
21860
12517
13206
11349
15959
22399
4778
12467
32173
8309
24102
10597
5993
2055
18524
19006
20389
25404
11847
10277
9278
17096
32470
21270
3790
32051
11400
20841
8922
9272
23865
24663
23629
26988
19516
7610
12837
13856
4777
32532
16749
31367
18936
14803
9323
30748
15567
211
18970
2878
6681
15141
25051
14365
24152
6159
12135
32474
26428
9299
23304
15082
25972
17588
4617
4540
8388
14775
2922
13467
16984
4263
17625
31189
6488
9691
