1000
19642
19759
30114
2053
21009
17151
19185
2838
18983
14376
12152
31932
21958
14554
29429
20686
12344
3785
1437
3769
31497
28125
16902
976
30479
22826
3652
28644
20136
21538
6227
24597
21827
13321
12725
11239
24610
9642
3675
18585
7262
15177
27337
26290
1579
5848
23926
3548
25949
1134
22385
10997
29483
6388
6218
17508
3379
10530
6448
18601
6591
11434
13143
11064
327
25010
1437
17288
24887
17544
23916
8807
23537
12177
9954
20880
10774
14211
10287
12671
20738
6100
3135
27012
8853
17267
154
7703
27193
28085
27272
24939
27424
8082
30584
4678
5070
11537
3234
7439
2776
7937
23020
21289
30955
25834
5130
19583
13327
25411
6634
1888
12333
12773
2383
14990
22735
7872
1724
3473
14376
18637
15507
11089
3924
26435
21886
25316
17377
4366
30222
19109
18061
6269
31138
6534
22353
20283
30347
10919
19103
18048
19821
24359
13289
24456
18408
21050
6498
16453
2680
4987
5384
81
23962
23428
1762
8742
4657
28348
15494
11409
1319
8817
12767
30820
1623
14375
20269
1644
9899
815
18509
29090
12673
3195
315
20901
21844
10416
7125
8552
16280
13437
4834
32296
12261
27436
1618
21154
18008
2934
7367
17026
4407
16028
7765
27166
7635
30131
11398
18020
4275
12607
15266
22801
2286
26372
12589
23845
21209
31257
19376
8083
11746
31038
14269
20540
10684
5999
30253
24350
24253
4794
30636
14793
1412
32077
4472
32019
12766
7379
12133
28429
13547
21505
26405
21814
27260
19051
20678
31470
30144
18077
18556
31789
12576
28263
32161
10356
21863
24952
29434
4612
7206
25134
21564
7503
24919
173
17614
9388
2112
31791
3025
1102
10138
20123
16734
8823
16627
5720
24846
18409
1873
21091
26048
23710
31000
9375
21142
23736
20781
3693
19777
6587
4956
23421
11647
7162
14327
12004
9697
14415
15040
26222
27090
11791
4361
18485
29909
24893
19226
11890
22286
1278
25811
9620
11012
19021
2451
12431
6309
26352
20312
10103
2443
2219
11559
25677
29309
2227
12462
12825
22073
29541
14120
12856
25968
14392
11649
11256
24595
5617
7098
31330
7117
5910
32656
3159
21457
12964
14936
10975
9685
25860
5678
31165
24670
21820
9806
26183
1599
23139
1730
30836
11100
30039
16190
14903
3764
4786
19784
10507
5535
10489
6555
26063
3155
1815
23758
5845
20397
26378
14129
12342
17455
6365
32760
5736
15941
22998
3995
20242
16332
11248
2428
13342
11988
16779
26827
23824
27045
20835
21670
12951
23553
26303
32645
24674
31145
491
5590
6453
16931
7399
32740
24892
12729
26721
31485
21151
17349
21729
19924
4182
27180
15428
7204
23359
7721
16235
7574
32110
28236
11316
15333
32708
11714
32681
23616
24003
10454
22648
22512
11168
696
28068
26682
25242
8317
23929
2439
18315
17768
26821
6594
8125
17512
28229
13826
10238
27361
14942
7017
503
2223
32525
3916
3001
14697
2081
4755
21913
21218
32680
25699
10814
7414
22183
6139
23800
13955
9742
16860
21075
19381
7146
45
30445
391
18653
25181
6276
14982
25035
29706
21843
6360
18903
28450
5535
24958
30862
22856
17293
9430
4193
4217
13622
20580
14681
2799
31997
3537
5126
20037
5153
4916
22713
25053
5006
18577
30451
16511
28409
26271
18716
3394
26155
29391
12408
4016
8349
15497
11608
15141
10054
16313
18317
17784
12465
4234
23330
4317
29522
13425
7499
27914
29210
3182
28056
29593
30537
13455
18286
942
12676
31925
26552
8409
10023
24218
31450
14654
29660
5395
26342
5875
1133
14483
1555
169
17622
1265
25963
19855
29855
11371
23491
28787
5480
23530
3312
15914
10182
21640
11576
29491
10829
15951
6407
15511
3822
6211
5347
18451
6788
27043
18850
8057
25257
6253
20699
21332
24014
2336
26010
14539
14731
27589
3416
16072
27443
23088
19754
7769
11948
11140
16184
27222
26493
8437
7281
16964
6185
20434
3709
11385
25532
27842
24051
23425
19875
23630
20685
25281
11200
11423
19737
7770
32446
23689
5105
21072
9378
5065
10412
17644
6563
12427
14422
22622
15164
20016
5470
26535
16767
10573
7055
27318
25260
1271
4161
9681
21762
30014
21201
26679
8917
13047
29006
7684
1249
23743
30069
14676
14046
18748
32224
13995
31317
20134
30586
16533
15281
9094
2870
13961
3481
15550
5121
6931
28285
19658
12533
11571
3183
18501
18383
12544
31541
5039
2979
11152
4252
15981
23502
5660
23311
28433
3885
19552
26215
25820
32652
14913
17157
12929
26977
3250
798
5676
29627
27096
8791
4803
29813
29804
2962
11884
17583
7778
12551
31311
14718
3784
27286
18333
5347
7920
3675
11729
762
13009
30596
17974
30580
28843
28511
16553
32583
7146
11447
13728
23204
5965
23905
22891
29482
21063
28178
29882
601
9638
1140
18016
31817
25458
24440
12886
4764
7704
4589
25091
25521
27335
19282
14778
10778
8987
8936
18309
81
27129
6412
3873
3238
30650
17092
22345
10620
29067
21400
23608
23989
20499
31139
2921
14699
6487
16361
11425
27361
29147
27371
7215
8121
18698
889
31346
1639
9432
968
29853
997
20646
23236
2743
29096
29542
14759
30438
30676
20735
24523
6636
22444
15091
22716
4338
14924
29759
24722
22661
22426
3203
25214
8414
2426
30306
17826
14182
8001
23852
31782
10617
1389
32186
2184
1130
5523
1690
27955
22216
8856
17261
14932
22240
5412
6028
11753
21123
11348
3058
6682
19466
13999
29782
1485
26774
22364
28567
15221
5021
11154
18269
14890
31650
25679
29438
15615
19523
10317
16798
19600
18809
21042
28571
3802
12316
24326
11048
18768
32677
8427
19511
18731
4408
2568
17309
9729
8162
9159
1392
4761
9759
1600
29364
12286
13471
25589
1591
5842
9801
32191
18618
2789
21889
4872
20561
3334
13990
8763
20237
16153
31711
3449
29911
20074
9752
30606
10399
22593
10055
27939
23735
31927
31220
11828
633
5063
20984
11205
24880
14504
19077
3537
21558
8026
13670
21892
13401
26752
28552
28586
28803
26477
24250
19302
6555
3713
31921
18727
26022
30134
4943
5592
28210
12150
3621
18007
11764
24496
1334
18217
432
18730
25853
29804
12377
17689
22450
28172
15994
22767
21450
31802
4308
24180
29629
6170
8776
29208
31499
27836
20728
7047
11393
25678
1706
25727
21944
5520
16493
20958
13280
9608
14718
29440
