10000
20080
18253
31849
15273
26906
19045
10270
3799
3312
9735
25101
5066
6679
3538
21290
17462
1475
15165
17378
10347
21079
5418
30041
23428
21198
30143
8182
8162
15705
625
15137
6105
20809
19041
29259
30376
5168
7916
27439
15791
27203
23165
16728
23004
3587
2470
23268
13671
11037
10864
31367
4543
8334
30191
13011
15812
11786
26649
7862
31798
4255
31192
836
11885
21142
16733
16054
5963
21146
27832
10419
19056
17948
19109
18383
7084
15093
21929
82
8890
23629
30046
8250
10027
32444
27147
27779
2208
14256
5752
5029
30524
1039
7169
10591
4185
16925
31976
4019
13178
671
14576
28978
9089
30017
6183
12409
18467
29749
6147
28924
9112
29469
11952
7426
20631
21803
22697
3313
7297
28294
9350
13260
4573
13552
12564
29946
1796
25511
20907
1865
1309
5768
19644
2354
6988
8314
26794
10847
29223
8458
15067
3690
13162
7507
27918
19688
6635
8225
27887
12966
15824
9558
14824
10290
28927
21644
17723
24989
16342
20219
6222
15232
27165
5277
13637
26941
26680
17553
26070
22663
20641
15550
27737
28197
12694
23736
19231
32754
13071
28647
5637
12329
5363
742
585
3551
23947
10281
10396
7889
19511
28643
11640
13920
25696
5926
17331
15834
9389
12876
15701
20987
15994
22167
7847
22964
24966
1812
26508
31274
28651
26821
1812
3074
11860
510
11599
30172
17514
2320
28511
4125
8591
1573
29137
30194
6607
19563
3374
26514
20243
3701
8396
8643
15000
4574
2026
20127
27296
17967
25852
29592
18536
17154
14148
186
31321
29032
28322
25904
13954
25737
29101
19722
6470
9610
18946
27709
21586
30388
27357
31467
18899
20946
17894
18149
26597
9690
8781
32367
22606
6096
27160
6211
22636
19176
25020
31960
19820
29675
32235
21731
26813
15323
19374
8479
28868
13786
7859
32585
466
27720
31208
16495
23379
18732
26185
13419
3400
24021
11253
20139
6647
19905
8584
2099
24544
24765
1445
8932
24564
78
5842
12798
13314
9296
23945
3044
18802
29405
23691
2335
13365
6000
7032
13478
11772
5450
16285
20828
5544
6421
9997
22747
770
3528
14835
22384
17069
30922
26150
18790
20057
24922
30974
23944
5432
18222
19303
16609
10422
27738
29747
22470
8549
30324
29877
2071
20534
10998
5003
30913
4079
19171
22971
27271
19161
20910
26114
3587
2233
6999
2664
31463
6402
13783
26648
11401
11593
25022
32111
10143
30713
1563
23123
11590
9032
7068
28358
8010
13418
21238
10170
31137
12036
31367
20007
1336
3299
26426
23644
10227
24046
25772
15763
30191
9305
28813
11207
26634
16668
17736
8138
23461
1188
30694
1938
16296
14280
11567
14035
4807
12542
10771
17876
5892
18895
17225
21115
24181
18568
28726
22441
5448
4659
1296
3790
11524
14533
22595
4020
19729
14745
22292
8863
11387
29
19844
30872
14579
204
25975
15878
12055
92
8469
15230
2035
23352
21617
30940
24519
24880
25192
5779
14858
6511
16589
20801
18096
686
1987
25479
3241
9128
4201
14871
7594
32718
26301
11790
14127
17467
4794
14725
29889
16618
31940
23138
30580
551
28998
6004
9909
7747
1946
23488
28226
2956
28713
7189
7546
4732
28115
31463
19415
12337
32401
24154
26297
32029
30552
11420
19557
27647
5953
8824
6221
29970
21992
30760
1170
388
28945
18539
1223
11049
32146
28120
32248
9329
32621
19058
16362
23704
19772
11644
9125
13340
17106
19343
29488
21876
1823
31977
32412
1535
26964
13832
579
827
6472
28280
16978
16439
16154
27113
32645
5963
13849
6020
10546
17414
28384
31615
28809
14696
15557
22255
8474
10321
4725
478
25240
19002
29144
11166
18396
17443
4923
30044
20268
13772
1965
6904
14270
18728
23209
7701
20600
22031
30454
10092
9210
28211
21196
4709
9694
25941
10040
22248
17726
10681
14017
17776
2167
215
26444
18786
5677
31827
13117
9630
20368
15151
13791
24403
24541
19264
22278
19223
25895
16094
23027
28727
5719
19168
21367
13899
2674
200
19292
4366
1306
31034
3328
7789
27736
691
27459
27358
19352
10359
31651
20467
2037
9675
3238
8495
10679
6501
23417
6936
24346
3361
19670
18573
7250
9717
11562
21082
31947
4135
15352
27914
18869
31677
1656
22781
18880
15670
21893
10426
15908
26231
12982
16773
12517
27656
18634
18997
30805
10880
9033
31808
5082
24638
4456
2840
17905
28506
12333
5562
3955
31707
24533
22147
28696
14891
10355
1350
4153
456
20953
8093
14298
30779
12987
2940
14055
26702
31506
18444
8894
6522
32191
8374
3310
15263
15729
5757
5950
15096
16584
29586
2290
4173
29115
15650
18761
24938
3127
30579
25418
1489
24584
28719
30400
17324
27133
768
14980
22789
2119
3164
29690
9529
20003
32419
2014
1706
15033
19815
2113
16565
22339
8970
25550
32228
113
5263
6738
16996
24332
18346
6780
25273
21467
16153
11489
21168
23235
16695
4162
24725
10545
3279
11026
12455
3005
20526
30259
3273
18183
5756
1281
23674
32741
8012
20113
22791
28353
21617
7226
20991
25148
21011
16725
5608
21783
13571
66
21296
6996
9036
16556
1383
27288
17163
31501
17067
16852
4992
32116
32099
29732
23652
28038
3632
23288
10109
11202
6688
29553
30833
31754
10533
27406
14040
5983
198
24455
32404
2797
5909
22009
19045
2119
12769
11588
11448
2803
1580
4017
2752
30505
27615
10201
3528
5592
31165
7362
16072
4586
7574
6474
54
23241
1213
25289
23070
4130
26812
17138
19573
23273
5189
18682
7083
22429
13420
9725
19327
30157
18964
10397
15383
28891
20391
7148
7504
17920
26379
3468
11347
19344
9169
16148
28521
19839
17839
18102
25616
21285
30512
8991
21326
29246
25770
18079
16453
21301
16241
23946
9480
19106
330
21470
29101
11281
1058
24101
419
14853
16896
2461
31558
22332
20793
6039
19889
23861
28899
10269
16595
15344
14731
30679
19398
18165
17963
13616
9563
21399
26966
12468
17146
3194
17078
27836
14761
7763
18616
20558
13674
8687
6790
319
31434
26487
11830
10650
9911
1778
12096
11334
8338
23051
8502
3298
29317
17172
6831
3828
31767
25932
11397
20547
13053
12893
18752
25217
26163
28969
16593
10285
14156
8646
9348
30904
15879
25287
10032
20455
2594
15294
19888
3192
30579
28927
919
520
2100
17574
26656
25140
14751
18651
26468
16639
1723
10068
29648
14451
3445
540
29653
28556
2546
20883
14305
2129
7204
25527
3215
14660
2971
24737
15643
5628
32158
30802
6680
19217
20859
7600
22629
20792
5915
29388
23645
23471
21465
19046
17742
1500
2452
25267
19756
1073
13315
15710
20615
23634
12361
14540
4795
26746
17098
20132
4711
10779
12092
7055
544
12228
5889
5180
14694
4680
4532
2984
12758
19741
13314
28316
25762
30210
30907
22647
7231
6116
16424
25901
3677
13571
22944
25744
21020
13393
19286
21198
1661
15898
19573
14907
15638
19434
9583
25169
32011
28588
27281
28661
29241
5647
17628
23292
7348
18478
15632
23790
5236
12399
15625
15626
13643
26283
15182
7562
18202
18320
17640
11816
30277
23364
22896
26592
12388
3915
19820
13816
14652
18347
9948
12350
3053
2894
10255
19089
23660
20391
31931
7586
19764
10137
15693
11516
11577
22932
15486
20034
21022
8449
21287
5560
25255
7904
7766
27653
9585
15791
25505
12600
10209
3214
4026
4360
20826
21922
836
27744
14003
29623
8677
31771
16872
11049
22429
4364
527
2564
2134
5441
14222
4970
7612
12936
28812
14901
10062
16947
18853
28382
16565
27161
9954
17566
12885
2781
30952
29138
35
25459
25199
12196
23222
3551
20982
15592
9888
14656
25525
2116
3582
17678
8148
17812
20558
8608
26842
29324
17537
6641
11880
3743
16721
27299
14375
2592
24533
19012
7423
12456
19539
18129
14986
4791
6485
7288
16584
12958
18687
27042
9748
30876
159
25649
5974
12871
6790
29702
14459
8493
2583
22215
18722
23740
17949
12511
408
2911
11618
12230
15367
14058
6525
8578
15850
16440
5099
9582
13764
13842
24929
23098
16658
4947
22369
11571
3710
10314
12300
11972
28757
13152
20535
4157
29499
27899
13248
11988
19742
2722
29730
20458
14440
32097
7496
29327
3961
28527
17567
23111
15444
17678
5743
14094
20632
9395
19819
3739
22963
19047
18567
19170
17746
10861
13065
4572
27163
10021
29411
19082
2207
24112
20800
29496
22666
20693
4445
11519
30237
27555
27034
8333
17375
12632
4817
8233
5263
3330
25062
10993
12636
3940
8095
13670
4185
7067
4790
23339
20267
18178
28717
24074
17924
28754
9698
5688
18134
21006
13155
14298
23744
5150
1283
4551
8141
8377
1326
10640
28893
16521
22521
22718
12771
16906
29949
20314
20049
12340
4966
8115
10193
23641
7239
14171
15158
16208
5937
26995
4530
30163
17667
28200
21065
23590
23811
31614
1925
3321
8238
23373
28012
18320
14029
8840
23471
289
3145
28101
8228
9598
7488
18170
23926
19187
27608
6277
16924
23922
3668
20848
11143
1261
3045
7922
2464
19204
31682
24377
5745
17376
6778
12646
13858
15967
18825
18138
4904
16241
11562
22960
19129
19650
23661
27786
15747
19097
22409
14225
22685
28928
14451
26295
27326
7205
20912
3392
22957
31744
12135
29312
19448
26422
11962
7142
6889
21821
8022
14393
8374
17345
9033
20514
14072
2887
16661
24555
31070
26385
23554
16006
8355
13377
1720
30161
2493
11329
25612
28696
15704
7777
2587
7899
2946
27842
7061
32466
4008
20596
2908
7471
12481
10459
15950
547
29129
23127
32606
9379
9841
35
31210
19308
24597
30078
11849
32581
9966
31241
5283
29316
21385
30065
25093
467
7287
7757
9140
12852
11335
2122
9410
20547
21425
23941
20960
5307
11284
18232
3955
29244
15907
18841
13802
28748
218
5887
10318
14235
17592
7751
14618
13195
24360
22646
20814
27887
10816
6559
3519
531
11437
26888
18097
24574
32238
9352
13735
8435
15041
29491
11642
13374
7643
19258
6313
13101
4316
3852
12784
1884
18818
1473
11036
17973
18205
12985
13853
26040
17475
20608
9309
11896
28868
29429
4176
3814
2016
5292
17741
13266
5816
5008
22940
2607
1795
24781
11984
3607
16898
26605
19542
2831
32694
28992
18511
12683
5712
898
12955
9653
24041
2232
13878
27498
31859
14939
25800
21381
11760
6328
24695
20065
23778
29079
22528
18329
7938
14875
2310
28434
27188
16361
15530
4924
5563
30092
29275
28820
31657
24089
11503
6766
20122
23566
5619
24817
30626
26496
27456
22627
4228
28534
27343
26023
20005
27280
12495
29699
28480
23276
15348
14375
858
18761
3089
9323
7673
31597
3817
29273
18961
27077
20291
25963
20927
14412
6716
11029
11833
13997
3809
31750
13318
11180
19453
25260
20330
28610
12336
19190
25893
6919
24641
16221
11101
19030
1973
30501
3800
16299
1953
6624
30830
25039
1980
23605
1726
24376
7608
23007
4129
30762
32467
20728
220
13347
28585
8824
27034
1654
26188
15353
21017
9782
4758
20157
9251
7509
16574
30705
17088
21261
18986
15923
8618
5503
2180
2131
28929
26267
32528
29014
12608
4159
11837
7617
17264
17315
17786
30228
18843
18420
10058
27284
27524
31807
29595
9293
21397
12433
3156
18264
30745
6749
18477
10842
1195
26653
18371
10061
30702
14396
8428
27011
18815
30516
21575
23783
11304
26868
16664
8839
16471
24964
2899
11855
19150
28907
10231
29207
17307
1617
925
14817
20811
20065
30545
7515
1115
20721
32672
10924
26351
4581
27122
11884
13510
14672
27675
15604
20334
1757
23084
24793
17076
5230
28303
4787
27999
11266
22611
24099
8734
13532
964
22548
21694
31714
20799
19008
10144
23363
11844
14326
28011
1372
17613
8219
29438
30429
13534
8304
9641
21543
3166
24082
27036
13817
28965
22343
13471
10572
12630
631
16644
26235
11759
24185
27866
935
21406
22545
6500
9818
5591
10422
7882
30826
8227
4760
10253
25633
12731
7649
2880
23450
22357
15163
29174
12142
30526
28563
26103
14481
25513
27933
5687
22902
26439
15769
26632
6778
23
25044
10382
25983
15488
2673
29299
9431
28317
19945
7133
18789
10712
32721
16541
31742
16058
3420
15530
32277
10497
800
10957
32152
9203
8221
15261
24597
22771
6651
30894
18721
23634
30355
18438
24570
27751
7857
17360
6251
9954
3608
14933
752
10333
17607
27175
26651
18996
23931
20127
13110
29335
28021
4234
28714
10973
4477
28448
24736
28699
19495
13622
27749
29174
6485
3764
28947
13237
23293
21064
13550
17307
813
4956
268
31859
8012
4166
9913
1388
10402
20671
29721
1063
15899
2199
23567
13583
11079
4775
21854
24041
24742
6150
13582
20139
16675
14208
2066
25746
26846
16707
12327
17263
20782
23260
18431
14658
30183
8034
4767
9
24536
4081
31238
20954
14488
26714
24847
816
19331
11289
19608
6019
6143
32648
10212
1051
22788
8530
10302
5413
9691
6185
5087
10503
4133
26812
28690
13809
25376
26595
23190
19892
26662
32029
4676
5080
21622
26941
29425
23016
17463
25952
26774
22033
26298
11810
7599
10220
16384
20242
26848
8087
9084
16995
15838
31498
19481
14564
9613
3496
13695
7730
358
1557
6802
11563
7708
17992
15676
10407
22911
481
23405
3171
24480
5820
30048
19006
17206
21446
18719
26536
30016
8719
10057
3927
24556
17441
1299
27451
10424
8081
28557
23221
24023
17619
17447
22788
4822
10578
21107
10240
12415
18368
19244
4874
31742
6827
8312
24131
6466
9554
15210
13820
3238
32438
10955
12910
32721
4852
12058
17323
19930
3793
18385
6613
6832
10647
9706
23950
31162
16672
10146
19631
26554
31792
16765
3901
7159
26376
30858
22681
29851
15927
20968
10486
602
23476
23433
17168
30548
31274
12854
10780
32061
17043
10451
15354
14011
22536
29925
15282
28687
21975
1105
24606
17144
29655
24678
15076
12756
17656
16926
2984
32265
17438
15265
21375
15779
9008
6923
15526
29759
4203
27247
10868
13095
26109
12572
1421
1214
30671
23071
6233
10015
29602
25609
4020
23041
1885
15858
29671
17374
16805
30141
11735
12884
24751
7070
27773
14795
850
32474
32406
30808
28769
10190
29852
32737
26679
13107
7924
11138
13459
29344
15465
25648
27303
30288
27865
6300
4971
25638
15406
27738
11831
16366
22928
25155
16785
2278
20186
1560
28228
20605
19530
22888
14514
11866
23676
1971
31850
13728
5273
9679
15869
20337
5324
139
20238
7857
27893
16019
30889
20748
14754
22931
8150
314
3387
12959
6253
3713
31100
17875
6699
3452
19752
16694
3078
13852
23036
740
6590
29420
22242
17005
18357
30105
12904
27000
30976
29873
26992
24492
7102
30379
13865
19920
28584
20008
11070
7216
6890
11128
3917
12355
306
26464
3226
11660
4358
27418
2309
15806
31578
22942
14905
9251
2402
24096
18983
8254
1189
17370
8115
25520
25939
15115
8108
8024
15064
28480
31234
27582
689
21202
22323
4274
24958
17328
31239
28720
29273
27998
10621
6279
8295
3134
30469
16826
16044
30223
13551
14887
21028
2995
12580
1638
16911
30773
2068
14452
25228
24842
9199
16913
3433
27543
15384
18022
15674
15348
26839
12011
24232
20720
8014
1928
19468
24917
10670
26107
10045
7789
28586
24697
1445
32708
9004
22424
8859
31792
9543
5996
3053
21519
14190
5104
31931
20688
19683
17576
23180
7605
4209
25477
2203
7638
29278
4873
1394
25450
21148
12203
1722
11330
6975
20605
1874
1942
24372
15116
31646
2308
20783
20104
8226
11478
9957
10789
5711
20868
15484
4800
17308
27257
3135
23494
9945
20506
20119
22354
6080
20741
22070
4501
9422
26774
31894
23419
849
16048
12962
26763
17857
21690
2483
1040
19539
999
18621
8566
9164
12475
25035
19446
18067
22475
23464
14710
29707
22468
991
1194
4639
7342
31974
21120
19743
4210
31895
26299
27082
29850
20191
27613
32172
2393
28858
29259
426
9675
22367
27308
29403
9597
14263
8082
30105
20272
25108
29276
11992
6362
1568
24411
18359
27886
29460
3379
20309
21725
10282
27524
28390
11485
18772
9418
9222
17641
19502
26498
30028
4873
28977
19087
21795
23251
23850
20699
9941
28210
26347
20545
6633
27494
27969
16299
20399
7244
18726
12407
32537
23264
12343
30496
2764
7936
7016
18202
15735
6515
1526
17917
8292
41
6301
23014
8269
28612
5388
14106
29808
1624
5526
28909
31717
7023
29994
4579
1328
14673
29573
32532
13331
15234
27046
10965
31142
13963
8834
23188
21161
3325
11258
1028
16408
21940
13322
1403
11776
30553
17987
15768
15506
7466
32123
17960
8053
26878
32195
22090
1889
1667
19097
4050
18922
971
19807
15340
15257
4871
8204
15106
28737
6546
28706
11231
21904
12337
3552
3604
23525
30873
31672
25498
8545
27697
4611
5562
21313
2074
2804
8490
14699
31341
2762
19833
8262
13507
30794
29612
5327
2043
14701
6186
9962
11575
10326
23509
9717
24616
21638
2170
2979
28300
25683
15467
2312
24820
10902
31082
27120
8395
17573
6857
17013
16276
21633
30416
6865
17267
11088
12127
3440
7407
30733
30164
2890
10742
20094
17967
14959
27169
6758
23925
8931
18490
21245
28498
7597
7420
669
24321
14891
20249
30398
32625
3496
13442
11300
7840
8496
6370
19287
24651
29091
3435
18772
11210
13833
26070
130
12598
24613
1701
21991
18892
2893
26796
16028
14230
19833
30159
14718
2120
7833
8973
4391
8040
18988
27582
31261
11185
7950
4632
24904
3002
20881
18680
32426
26067
17360
10976
74
30511
10304
8763
24945
24137
12936
9961
16921
25728
19091
29943
21155
2820
30179
8366
10184
24310
27432
11216
2770
22731
1041
30
6668
19186
354
29469
19831
9142
21831
14106
13246
1637
26599
23916
31596
32690
2621
19961
7261
22872
2851
22524
13682
20736
8880
16389
29321
13925
10180
28481
3757
13494
17377
10235
18057
19260
6461
25443
20259
14652
3861
15502
9415
24863
14403
3263
17984
26320
2067
7397
12367
3430
18771
4196
11605
6147
2985
27928
19795
12795
31530
25751
6676
8761
22055
17079
23465
19935
30026
9553
278
20013
6626
24900
331
7588
30332
14524
18518
8299
9651
18100
1238
3057
841
17337
27059
29140
7030
2033
14348
29186
9343
28253
9585
22558
13963
32091
29267
10277
13747
30831
17592
24145
8792
16194
6963
26173
17337
7659
27668
3403
24772
29294
17628
29763
31533
19330
32244
17468
16574
25752
22174
10944
9966
8984
3371
24875
25780
30958
18287
17236
16029
20549
24434
14703
22813
25746
26728
31026
1314
11477
32739
25143
15087
15132
16200
31138
14120
13640
24959
18691
28201
19219
28911
9342
18844
19794
4522
7209
25675
19064
15332
7349
14386
21596
31402
849
29401
21308
721
10443
25569
2561
13868
10232
14812
12228
26370
25431
354
17042
28606
3569
6753
30572
29417
15235
6068
27538
22358
15327
15607
31490
21660
17808
3738
24635
9161
13245
10293
326
10325
23376
19739
3575
9557
15190
26418
21361
21233
3241
26626
26856
26648
29901
16395
6571
27763
24601
24668
12385
26263
18199
31329
1938
14974
25389
29181
874
19512
5756
13784
22714
15070
2824
29179
17728
18376
19737
20634
7464
15871
25826
15664
20946
28149
13153
24018
21974
4468
5766
14012
582
11221
6295
11313
24883
14962
11987
22146
370
18782
19286
23660
14239
16467
17980
18342
28771
31723
25097
1979
30707
1811
28489
5910
23257
2237
21363
30299
17399
14806
30483
29182
31689
30584
24360
26126
27882
17760
30155
29777
20954
21666
17938
24726
28670
25243
12084
1863
1000
1064
21230
8766
17113
12565
17189
20441
5508
9177
13004
4177
28693
24960
11784
11591
27506
32232
7570
16288
961
28720
6494
18323
8234
2926
20090
2816
18398
28576
31800
11780
10328
1766
19599
14794
20707
25326
3007
1444
18268
3759
820
13914
23097
10330
31661
18370
21450
22413
10909
21648
29375
29642
3793
4208
19435
28457
84
10322
31047
22857
30608
32005
14906
3724
20405
27656
26903
26500
2143
6813
27112
31912
19059
30494
30314
21068
13385
25748
27480
208
12561
17542
31468
11543
24431
21263
26788
25914
19305
2355
12866
13694
32643
31091
18966
2436
12584
23199
18047
11712
3148
13548
10928
1324
25168
25927
11440
18238
16422
27368
7332
23063
12213
13097
20817
7421
10367
22425
15837
14091
29569
588
5333
15911
1626
27766
7285
18997
6576
11064
6179
18570
32464
16058
27452
9124
30868
6010
22803
4888
7050
1508
1591
10187
31058
18466
7925
26725
6984
10805
18206
4611
4196
27717
14091
20781
4702
25397
10717
1799
1557
1915
265
28363
23345
26159
16661
14198
3847
10337
19356
26050
22206
9392
31384
4693
13488
12056
225
22584
32019
6924
13296
1930
3545
9157
8937
28790
15828
11993
7897
23138
18206
7439
6203
31593
12472
7538
30146
1036
31601
13988
18514
4900
5642
31349
79
9755
23703
6068
2075
22876
10024
15942
26586
3336
11177
2420
22137
16875
14087
25737
23534
17070
405
7581
26817
27982
8877
6828
1739
12493
26522
25835
1854
4903
4533
32347
20965
21383
16335
13726
14765
31931
1743
27658
31333
31717
32156
508
17346
3956
16446
23918
30118
8787
11840
16076
29089
26464
26712
22532
9657
18720
20810
23005
13414
433
5641
27529
24033
28416
287
16509
3742
30524
7504
16512
14103
4490
27514
30210
20684
18170
12224
14000
13448
16313
6631
14917
9701
12425
19712
5027
14354
15471
2632
16418
28628
7851
844
16680
18123
12525
5969
29690
29687
8646
32754
7121
7547
28509
12555
21041
22432
31331
28630
20854
5404
17737
25940
19888
27797
13232
12271
20400
22369
24097
14429
18019
19856
19966
19911
16991
25388
13752
19755
4028
19135
31043
22527
8741
24854
6855
24087
1838
9797
24473
32456
21224
18411
16745
1358
15028
8375
32701
1131
21076
20779
26014
21841
8008
21920
6032
32194
30295
15755
32200
16758
22380
26622
7834
25277
15267
26994
32049
22117
2468
32451
20610
28382
9264
12668
9858
17052
18169
4437
18327
20925
9655
9978
28237
12012
376
1038
10059
12165
10295
5232
28037
26361
4785
5309
22195
29045
5236
21014
25601
20926
21049
5923
19208
26208
29299
27223
19197
14855
15400
374
25128
13101
6144
3669
30616
26357
10140
18658
19734
4951
26408
23139
19799
1150
3380
3587
2678
26990
7359
27274
161
23530
23957
6508
28946
8085
11996
16133
26944
23639
26601
10275
19031
22530
15192
28869
25830
29494
20571
2082
31960
28034
1618
13805
18854
13515
5788
1240
18123
17394
2221
13911
26743
21681
11361
9126
2183
26822
3728
12301
8117
28244
7139
12387
7948
902
26086
27601
32160
7541
15966
6616
20091
5708
7388
405
29402
26282
658
7748
15514
3655
20582
27908
5357
28635
17221
18393
31569
9275
2746
29175
28867
2245
11711
14654
9007
3327
12755
20737
27948
891
14412
18955
32230
31230
1519
19428
15707
23776
10430
29520
16587
27062
12305
31257
25449
13615
10984
3086
22359
18492
24704
27980
17105
6260
30500
21948
15785
24502
32070
9693
17139
5904
2254
22724
27393
6367
24754
22369
402
11832
25799
4355
19526
2951
10199
32030
5461
118
28659
27213
20097
24337
4362
16019
24649
24103
21947
3302
31072
31475
27240
9198
29277
7675
32396
31242
6580
1849
4174
6804
31717
17785
5718
30822
31731
15618
31711
18844
20504
376
8973
20636
14007
1793
24961
13908
30610
28327
11052
22979
1341
29182
24416
14523
21203
12806
27693
21989
12775
27986
15338
16389
19645
24938
8466
7807
4282
23407
13394
26395
7450
15357
22751
8453
2529
29269
23309
22808
6932
12988
23838
11099
13352
27678
1623
1484
8123
16631
10330
2141
32642
1908
20143
9789
30851
5333
27812
27736
28548
22549
7511
4385
27075
1997
10769
12687
26087
26454
19157
24421
16695
26413
21817
25783
32010
9372
19829
24746
30846
3223
3514
8571
29293
9701
30661
24515
26525
18048
25779
16121
8503
14397
18199
14136
1915
4271
13130
19522
3249
16457
16898
13766
17507
7364
294
23774
31433
27328
26337
21212
24709
10926
31478
9542
7825
11501
10835
13087
26229
12595
30952
26472
21181
5423
1465
31975
11178
22125
5426
12071
25640
27513
5563
31936
25344
14407
21133
24280
27727
8658
18628
6634
16183
1284
21173
3015
15316
5334
7553
6874
9585
25528
7403
10927
21756
7219
29030
14775
28600
11469
29810
3141
30258
27437
24361
2269
16246
29311
16149
10670
13442
16666
11589
10077
24571
22880
31648
16644
9759
27110
19577
17787
14587
16598
18531
16854
7390
3729
26182
31022
20749
15256
31154
2469
28856
21932
31604
25252
24621
22580
16487
28775
23116
21472
4749
8380
29243
14732
24670
9479
23899
19559
30304
5514
6522
32596
30456
23011
17226
16784
1152
31446
12561
32405
20889
16717
9635
21823
3011
18077
12174
18990
21547
23051
2196
31083
15043
24463
2398
2894
28568
3032
1390
28831
7777
8591
9046
10747
10323
5088
1319
7801
12349
12855
21805
17806
11472
16711
2777
10286
30014
9553
31743
32052
31752
419
3650
25860
11280
29023
7372
2159
7158
15741
26178
7895
2977
13331
5878
8083
24604
1236
17247
8852
4516
18135
26311
13385
16383
2971
14916
8385
24847
9031
30697
31248
15782
30262
24125
24051
12444
6066
2028
16055
23583
30208
27581
13142
18763
19358
6340
4836
9722
13768
729
24361
5342
5184
29513
17040
17357
5711
29131
9536
15451
6407
14773
7560
8878
15052
3951
16256
22158
18451
2600
4077
10940
25960
9673
7782
9861
6838
12583
2741
1430
9155
27773
31104
27154
10746
27673
15401
29922
19309
4949
12274
14413
4890
15305
6245
14536
18029
23743
30963
28687
11271
18151
12763
1652
12222
18509
25677
13943
2021
19591
25039
3736
16333
19763
10977
1385
19339
9889
16604
5095
2300
9420
20256
18954
20999
23695
28526
4507
1058
9493
3475
4934
8472
17810
11847
29168
27913
11056
7508
20555
11698
15181
18171
21671
28398
5603
16531
7947
28797
23623
17523
25988
8453
20503
9490
10941
19030
24173
31597
17104
21234
27481
5289
6748
14541
29071
25338
29656
10577
19036
30147
3878
23205
12767
15615
28523
2607
23413
7135
13087
17496
10869
3764
12896
22927
25374
26640
22412
9360
26573
26920
26126
1510
22131
14717
9080
14510
6727
444
5843
25759
17848
11746
21042
4423
18598
6819
31374
24215
22225
12813
461
9890
4754
15209
18212
27810
20425
25186
4511
15676
790
14697
6398
25605
12620
15191
4291
6724
29474
4180
27017
4858
24876
6648
15511
2079
31754
2737
5557
11567
25824
3173
3903
10981
31238
14936
29815
2118
11264
29263
24095
9442
7856
16630
32072
10327
27338
28031
2149
2838
5001
26764
32419
7274
1184
8783
13693
10678
11380
3055
25738
11006
1672
18478
9114
6312
10808
20298
3842
20100
12715
2592
1588
8203
3331
10391
14483
484
5590
14140
29829
27821
30434
14378
27849
23799
15356
17197
26635
5266
7754
28967
3765
268
24754
5810
19209
27508
20626
4614
28525
21859
16050
12318
5893
10046
1143
27926
29831
5045
26969
5080
843
21647
31894
247
20130
9386
14120
3291
17257
6973
31221
24863
16350
19553
15431
15671
21938
21200
32379
28246
29279
9964
21757
32398
25019
26371
8052
24378
24269
29905
16441
4761
9952
3142
26638
6331
17111
14218
18957
9121
31424
17471
19422
22176
10156
7686
1581
5382
22461
12868
10587
9216
30848
16678
6772
9147
31613
16354
23650
9162
10509
12352
6496
22216
5484
4442
24753
10558
27663
19871
27793
16326
1336
18974
1132
8305
31175
31490
20302
2919
10579
8536
10907
18125
26233
5657
22784
25068
15732
18020
7593
13199
2286
17675
6068
6060
18710
5457
29158
12359
28915
4850
15005
11668
7672
7012
30726
24924
28120
23645
19600
8609
26268
27541
16289
16005
9458
3021
32391
3944
17608
17168
10673
23377
14361
9785
543
8335
7
32181
2839
32672
31787
10122
29722
19793
17449
23192
24342
4135
16263
12063
22237
27902
28607
4226
2518
18160
8338
31819
7410
5752
29344
12910
10978
15319
29750
15058
17288
20663
15463
25613
32683
15631
15454
8048
31982
4934
15090
24131
22019
30619
11899
21585
27420
5828
26852
17320
3746
28629
18946
13722
27178
30052
27684
17671
12197
18923
32492
24031
27350
7021
17501
5602
1802
25181
25652
682
23811
1979
2428
12524
23861
13952
32349
8443
10805
23612
14901
27789
14190
7422
5610
31170
16406
15988
6782
24418
10848
20051
7651
24166
10995
2041
8721
5307
15516
15698
10839
19778
16447
18168
31470
4379
22804
16286
30420
24099
22799
3758
4055
9915
20896
1585
31984
32460
7325
6128
10963
6664
29053
26072
6852
32626
23238
12707
9132
5664
8136
28597
18796
28479
30348
324
7793
29017
4616
22972
25481
18643
24724
4962
23029
16826
3746
14135
31679
28351
8617
15391
3662
16767
16226
322
17207
30728
30007
18355
23382
921
5113
28496
30
19626
29649
31465
18221
30764
13433
8100
5155
4626
19883
25503
19637
16656
986
4056
4861
26531
5409
31050
31252
22097
12921
25945
26851
29490
6446
3440
7990
31407
24724
1513
4370
15754
20470
3117
3145
31
20687
28
23627
24297
20796
3247
24639
23623
10930
17371
18259
31616
24812
12729
26448
3333
19752
10981
24945
4087
2451
23076
2421
19689
12546
20809
17139
3559
18146
8537
18670
6071
23410
15853
5033
18526
16432
12248
20668
32487
24720
23306
8552
12383
4852
23476
4904
20004
30169
16045
1672
24928
11598
6421
30778
32720
5291
17208
24679
32202
14463
15028
7235
382
11466
28639
5604
23420
4973
611
7764
18550
26334
12587
11749
71
23840
387
32452
13877
30451
24954
13777
28275
3912
18827
3502
19690
32503
8573
14358
16698
10420
27784
26993
13307
320
185
17061
6472
26588
19864
3374
3198
25347
30215
32113
22849
5464
16749
28493
5568
32478
10260
20724
12858
24167
32464
12281
8642
18255
1506
7338
63
16233
24347
22431
22966
31034
12101
32147
30412
32357
28350
9587
21126
24167
11622
9397
7508
13700
19899
28139
29006
8193
31555
15768
7101
28052
24619
2370
8157
10521
24109
25800
22241
18566
20151
20982
20792
6433
3657
11863
23823
15345
22302
13130
22039
18034
12048
15448
8840
23437
27830
18373
358
20678
6095
25957
3587
13240
10467
1969
7365
17342
27687
27418
21801
13300
2978
1950
11528
18782
1166
16536
10521
10598
3073
18140
1720
27788
9932
24835
13029
18777
30883
3588
12944
27540
3711
13829
24596
19385
10305
23920
8705
6823
17816
3656
32542
5529
31268
27582
13230
22103
19676
9215
11251
29614
9901
13393
2033
1565
5219
13150
3188
25809
24525
5583
9556
11988
17436
8477
23800
29825
16781
164
27929
5435
21576
12538
19656
9566
4743
13694
24499
28790
30202
19508
10916
27567
21611
5072
12618
11405
19358
22544
24892
14301
9339
30799
11835
15596
29038
7256
17335
4342
27663
11128
28565
32481
22014
14807
10800
16171
24849
24583
24478
11298
25266
12510
24116
1619
22146
16769
3660
23876
29763
30658
22341
28774
23796
4780
21964
7237
9021
8539
18266
10242
13070
23570
20222
1795
23684
4999
30557
25321
1548
10881
5623
450
18890
19877
29612
23680
572
23949
24190
31147
2586
16155
2200
24658
13185
1549
22672
14151
14929
11729
3817
25740
13780
21658
25820
16648
19872
11443
2135
13438
13758
6164
6471
19904
13835
8755
3091
11040
16607
19484
5480
18216
23789
24260
828
32139
26218
14234
9997
23642
27506
17248
13674
5499
10151
6969
16053
9304
25371
30723
9511
31700
14448
28646
13332
20611
1597
12845
15473
21274
4020
13653
23187
28452
4226
2916
18745
25079
18423
20605
26061
15847
16231
26544
18919
11705
20432
31254
7699
3163
10940
27678
2516
9426
27241
15650
25833
11891
27944
1342
3534
22870
3
1377
2438
32520
7330
32164
20632
19328
15984
15835
27992
29268
4857
9322
20327
17453
2454
32603
30845
14457
1613
941
26214
16223
15347
20206
24139
28664
29075
9996
32051
26300
14100
27752
12745
26682
19733
29228
864
7181
17436
12511
18996
29707
5872
1846
15603
5055
17475
32045
30588
19482
11156
15703
24294
32613
12628
14450
1732
378
28232
10047
31655
18484
28206
24209
5861
36
16803
10659
16281
22917
26436
7854
15595
8562
20500
8635
32146
31575
798
2486
30871
20134
9307
7109
2907
15563
25301
20696
30939
13153
4621
6528
28211
28326
29338
5124
12385
44
28180
26802
22348
11730
18992
16499
14853
15603
5932
2466
28748
32221
23918
32542
3414
11141
20072
9630
30669
29561
31934
13125
793
14869
24491
5495
11742
28410
9633
2282
10693
1468
6703
30720
4224
26331
9000
4948
27144
27893
6402
22674
26665
16953
32380
31629
31553
12831
23427
25995
9285
17238
16215
16099
10244
11774
11754
14027
1968
536
31881
32107
25242
4667
25021
9270
9533
30344
15476
22649
10622
15328
22108
11316
11314
4948
9616
24874
15329
5596
20854
27188
1225
28748
32487
5850
7718
2949
10129
7460
15537
1256
154
30126
28263
2833
13446
15867
17291
29377
29787
5387
2286
6171
9219
9776
30574
24596
9713
22045
31933
28197
2568
17984
356
25154
9144
8786
20487
13072
19306
27692
490
30803
20254
14812
5300
14757
22098
6648
3443
5486
15654
4658
19681
21520
10943
27693
30950
15202
26345
17551
8029
13920
13056
4184
30235
9505
10768
3186
23597
26889
27707
19336
98
319
6491
22044
20746
19297
24297
4308
6396
15479
7454
23829
28126
9766
26455
10195
21408
23591
25534
23208
14666
19959
20007
25379
13048
26831
8760
17506
5410
21974
12493
26339
21793
26774
9370
6807
21231
20908
14867
32568
28719
27076
11912
18141
6253
10437
10901
1740
7846
7497
11193
2703
5131
30800
12613
23882
31746
309
12408
32075
366
1505
5096
28131
4400
6974
18979
7028
32238
16878
10135
17868
4370
17214
8111
25777
11542
23125
6463
15037
25856
32178
25122
2669
11560
23765
1570
8564
2369
26171
3351
11861
23447
27024
25683
5168
14742
10785
30526
12508
27020
30096
15166
18743
28080
4811
13018
4026
16482
7486
11294
31057
9652
8264
15937
21609
13866
1772
19077
22090
1726
13258
1119
4775
4647
21837
17624
4467
18267
18981
11571
30455
24915
10744
23760
29218
27662
18004
15952
25888
6872
14313
12282
31790
21452
19445
2909
9900
5272
26111
20535
9843
5248
10696
30358
10602
18342
383
11325
8532
10120
21556
329
19948
25802
143
18453
11572
26166
28610
11354
17930
14593
21692
17819
252
22095
27551
10432
861
25082
19829
15617
16536
18063
11295
22533
13765
21146
2701
25931
890
15140
17717
7370
23012
10105
32445
3284
27414
10799
17659
31552
22432
19299
544
25032
18788
2118
3632
2480
12453
27609
29878
2729
22369
9460
17077
12532
16097
15757
28897
3786
31630
22327
15887
15612
774
4329
3563
3799
8303
31233
8169
15690
780
13960
12926
19787
6925
14520
26255
13686
14508
13243
30506
1783
8565
11190
6516
7595
4069
18182
6370
7042
20791
17610
940
13096
30075
15521
31615
1508
17896
2997
32371
6336
30067
4856
15420
9450
16289
10925
19364
18266
27033
28459
21561
21429
22909
19165
66
20081
14330
24974
19192
21051
20510
16611
32499
25749
8554
31273
30947
32196
22569
2385
640
18409
8192
11577
22980
22894
1221
5422
14423
28323
21908
1966
28491
26281
15904
26226
27401
1936
2632
13228
13195
19900
18411
31885
15564
19085
15100
19722
7037
22079
22489
4320
29178
6414
14296
1493
10620
12190
15395
9025
19344
28315
21191
6862
4040
2460
4615
22140
29104
8526
7670
6120
25347
31950
3141
7373
28191
29270
14937
27851
23735
17180
18848
13415
14024
28279
13862
20820
11726
16452
15203
29681
18487
7816
31576
31250
24856
23127
7130
26371
20511
2036
20013
7370
19913
8761
29908
15021
26580
32057
23464
17652
6648
19493
13864
31216
24274
15980
22544
30780
19745
30758
23597
6723
5428
27059
11631
11010
29347
19103
9792
22544
26174
15305
14868
1243
19523
21701
23873
25396
8916
8318
7954
29966
5287
19744
10774
23426
7168
4917
7870
5911
20956
6158
31783
7489
15727
20324
2869
26407
14289
8255
32737
23977
14325
20759
17620
18082
6874
32569
9524
5994
15365
9581
18622
20640
29230
30166
13845
18214
17466
2841
20313
32364
27241
13506
31996
30706
28625
25315
31441
7176
2059
29949
31590
8153
27948
28708
5524
3239
23030
24671
12372
19544
29776
26958
24788
24370
15348
18959
28363
7907
20840
22625
29449
12996
10543
14090
17490
6494
32576
19319
9836
27438
7863
13987
28535
15013
20939
21818
6013
13683
3584
2813
26186
27397
12445
23912
13182
23628
24417
8594
27872
14529
24946
16726
22261
27814
1174
23472
15314
25742
25253
17513
31790
10783
6975
9975
14011
15895
21946
20639
31159
21389
8030
26076
12989
20602
31189
1796
20706
14199
11741
10281
19709
24264
13888
8253
3142
6298
22278
13178
20771
12425
13545
7425
11838
25189
265
23490
12251
11830
3297
18075
12137
11645
23162
11204
1366
19901
31966
32618
3368
5178
23760
23962
12234
20225
13754
25441
26659
22312
24295
9010
30189
18519
13554
14471
12997
20872
14207
16075
15742
778
12072
12152
28603
15820
28603
27517
20925
10200
2722
29666
121
18974
1442
5550
14830
15219
27081
3337
949
31961
16033
25502
8154
27393
17834
3651
17386
26894
2567
3548
17997
10396
6264
6012
13782
13057
29576
1998
3993
6098
6152
9652
1789
25770
9659
30765
5138
18982
83
13180
15396
4660
31900
391
18576
19342
28152
10621
24534
20097
10251
23227
13552
32499
18615
7921
16610
28580
24139
14208
14995
19124
15863
27175
16603
9062
7812
223
27357
5411
19265
259
12951
21442
833
23988
28087
4358
22723
10620
18608
23400
9458
2865
30734
23063
25551
31261
5126
2622
3179
1371
21074
24965
14681
10884
4668
31194
13667
32652
28408
10865
16508
13286
19510
12809
8438
11503
4344
22130
21749
16777
1185
7500
30756
22790
591
529
12710
29001
30315
19798
15952
20519
23167
29005
27413
25619
9031
3983
5057
6139
21770
3096
31211
7789
12842
20883
2084
30718
14331
10969
21877
14572
24017
21940
32009
20994
19037
13032
7718
24764
29497
14196
6242
19116
23233
789
22547
10268
24613
16396
18183
16885
21948
12321
13685
9952
20891
2792
20276
7082
27751
4419
28971
27373
25191
31272
29449
22509
19165
7332
14646
14528
22935
31520
8969
31666
24257
5092
10555
7143
30973
6873
16539
18754
11702
147
21764
18310
23472
27278
28812
18619
15332
184
25343
18132
25740
13360
32140
8334
634
25422
14013
32155
15533
32483
19117
15872
30246
5314
11125
30908
25080
25471
21991
19882
7583
23414
24191
3752
17810
12559
19094
1017
14364
25665
2521
20456
31335
24917
9210
13742
29658
7917
28325
18326
29604
23876
24502
16479
13465
27319
20393
3042
21310
4485
16465
17141
27167
4819
31693
7822
18537
21235
8121
9772
30388
6885
26785
7538
32289
4894
20923
29973
9637
23433
23765
17145
6564
25804
5772
1431
12738
28364
10943
13986
18678
20595
7491
28906
23520
27825
31448
11648
24924
30912
5724
23579
4439
30637
9791
23226
3553
3860
22071
4235
8836
6443
8501
12300
3540
6145
1943
25712
2376
28168
30111
28228
840
32722
28196
29522
16263
8984
19847
1478
20883
32512
14569
9871
9643
16799
3483
18184
3024
20157
25814
3544
31006
19417
32685
25367
29533
11629
12095
1970
23252
10612
3377
15376
1629
13096
6236
14837
26047
25616
2498
1447
7735
30266
30151
23120
21848
13254
3486
13732
7702
32676
5377
18115
15389
23453
24613
17505
12647
3992
28141
28196
18957
22038
29278
15693
6749
12800
25939
2203
9006
20898
26993
8044
4208
8951
8030
8230
17927
32039
14638
3541
11994
846
25118
26902
550
9343
20101
20531
29465
23817
2055
27279
32412
7416
18956
9029
19312
30687
624
30476
20604
469
19069
22878
13669
32190
27670
29913
8544
16588
18228
19173
27716
28485
11159
30359
26084
30342
31413
5845
10139
26696
9719
9147
9256
6946
23844
13118
27068
13391
285
28943
19026
32434
11980
19906
24127
13079
30295
10544
5386
5564
4761
31770
18557
3344
13522
17679
1532
5562
14493
15503
534
14301
21539
5232
27226
24986
6287
18049
2412
19159
22210
13934
29016
17983
15431
10979
8229
9098
15497
25076
21166
1791
6723
17597
31149
23095
9529
32325
1305
14883
38
31145
31154
1617
757
2934
1242
30058
3379
19030
678
21248
23749
23279
10805
19078
15574
13064
21568
25504
8468
6125
4083
5022
284
23573
31227
2114
2098
8195
2529
4042
27958
6762
18838
16938
1747
11156
11087
20378
28666
16388
29074
6224
20623
18011
23953
29071
7778
15480
6072
15328
27232
6115
1666
11936
3595
3436
1936
31930
19751
31759
16124
14006
16310
32539
28907
3571
6183
27540
6497
23856
6603
15573
13914
6737
21384
13433
30742
5472
29393
12668
19380
10451
17109
670
29698
16141
11255
14344
9364
20775
18303
14386
21267
17135
23439
7172
13016
16433
21336
5692
3769
32566
1933
27151
29987
3211
27416
13587
27242
1027
28685
4188
5468
23295
14556
19685
6684
8173
27082
20274
5934
21263
11938
20020
30926
15486
18599
31085
5766
25454
14542
19029
20223
2739
23082
1275
5656
22149
168
11247
10549
32640
28668
27488
24025
14062
16091
16258
15992
8265
31339
23090
27014
1020
7672
3037
26324
8042
13032
13214
26396
13873
11505
31398
8667
18608
22153
24289
17758
5063
24990
20695
11552
15837
28808
26832
21075
21800
11068
30523
10941
808
13506
29776
27077
6517
5353
4853
22478
23483
27193
31454
13251
11011
30761
28153
21235
30260
26002
23817
29472
5081
16228
12176
29394
26916
5016
17139
25585
563
14437
25817
11411
32659
5047
19668
10771
32003
30429
22851
2659
21882
25217
4983
20387
26731
18142
16148
12786
17479
5165
30906
21380
23108
12128
10213
31476
8029
7955
18450
18396
16025
1216
19748
5540
16529
13874
9989
151
19500
2876
10384
16700
25774
13226
21935
20963
18673
10616
23744
4734
22513
4930
16190
24242
7823
11004
28061
18990
29326
31971
23157
30524
16098
4787
18659
15253
25898
24347
23085
1914
22651
32110
7844
17152
21855
6555
11727
5548
23325
5215
2501
19519
19003
14265
20955
20691
19522
3999
2175
26919
26817
15087
28772
12088
27540
18600
17632
30737
102
30042
20882
7395
10101
23771
11591
23128
26517
29756
7198
14885
24952
24571
23787
15071
10284
31354
26074
10767
741
7856
21589
25736
31741
2847
5159
28920
24889
28934
481
10430
6478
983
3196
25339
29348
7403
6721
21996
20313
18293
13542
8823
21129
18613
16634
15875
29389
30830
17539
11917
5633
32153
229
19704
6731
17243
25605
421
28760
14901
5295
12100
10985
14715
7733
16362
10127
5383
32601
2147
13490
15150
8301
30153
22744
28403
29881
14677
7972
29307
19229
26230
3357
13761
4600
14112
9650
23947
4680
27239
7546
13981
26130
29004
9280
26924
11780
24023
26558
149
19033
18534
13225
6991
6909
8004
21230
22302
2801
5245
5692
19850
27378
7665
9154
13456
24405
15272
29754
30615
25910
30821
8486
23718
13009
22654
26713
2515
30512
10986
2234
32511
15623
28828
23621
22464
29916
19983
21330
27039
27242
15139
13594
4740
10568
25895
18807
19310
5318
30519
20459
21351
14104
15560
26596
1720
2998
21121
20030
13913
18690
22861
5130
5035
27947
24494
12942
1129
4690
30036
8332
29404
19948
7406
19656
28239
8040
4160
8644
12227
12817
2677
30414
22244
30261
3255
4668
29499
21895
20734
8439
11684
1730
24357
18230
9731
17551
30787
11916
22835
27561
19512
13605
9023
17471
11654
8781
12757
31386
14179
1073
31479
2815
6668
6890
3060
9431
347
29879
17559
18701
18844
8074
21150
10168
30365
5063
365
250
8452
15432
12804
3367
19941
16292
3887
12330
25748
28337
20988
31781
14008
31815
10866
18264
20129
25159
8320
22852
30684
6108
308
29456
13828
32001
11310
14123
7642
8004
21843
13363
17560
15305
3782
5910
14723
8849
12052
18551
15808
24316
26542
31059
11880
18829
8093
25316
21727
26350
26225
15813
4449
14388
4986
13400
5085
24675
25915
21605
5895
17205
13596
17411
20905
279
4959
15804
4665
29813
24405
6124
14513
5175
12242
23402
667
24460
8158
11626
23915
14054
21421
4258
13074
17990
18898
16812
25808
25785
19631
12972
26698
3362
6192
27186
15068
21563
1977
18786
7984
32727
24668
32082
22800
9066
2896
8115
23416
26058
21662
19124
7408
21559
542
9251
1560
26266
22178
9173
11909
6410
21873
6473
23499
16020
23031
13448
30427
28988
22458
5711
27536
17215
22160
11120
9860
5531
32528
22390
9512
14289
19270
12936
19476
13546
12203
24208
30619
29112
20563
14236
31395
94
5737
25476
32691
19731
14809
1229
78
2082
4940
5325
18048
28981
19033
10512
11446
26580
13305
10235
4051
25897
30012
12463
10111
17158
15931
14896
14530
29737
12622
11719
22227
4542
19071
164
9770
25125
23358
4296
21980
15606
28246
18722
17192
28738
10271
20728
31565
2844
30453
19081
3999
12632
10218
25841
28634
23699
13240
17740
16054
11892
22522
2846
21692
14384
20635
29683
25943
23380
17806
25154
31278
10175
16575
19351
14513
23277
16458
20977
9714
25724
14572
3177
23735
5096
7350
17173
27085
21402
14857
8748
17055
5409
1726
10347
2567
21183
11173
21687
5987
18983
25649
22275
29676
21637
1649
18548
16963
32703
18242
11971
17485
19706
3780
20196
29505
14433
28938
4837
24063
28193
7958
1816
16804
20664
25604
12916
4187
13424
645
20025
23158
29734
1679
8403
19901
17232
24403
1
16133
24895
21872
15926
29189
4513
12646
1856
4966
32329
9805
28711
6425
26163
21703
15960
31981
15810
31283
10754
1377
9293
8227
8129
4278
21210
24592
17786
5705
26665
3917
18054
21024
13813
26426
11026
20163
29558
32186
16069
16717
31018
8679
19108
27586
27093
28932
9779
31139
27847
14258
25565
2752
23901
29543
7318
24654
5066
2077
7871
24633
11031
32327
1098
25276
26729
23817
29726
32302
10115
29864
4797
17695
28811
11584
26148
10915
6929
11701
12531
238
8781
28395
2253
17953
3752
3898
11266
13156
6271
31260
23147
16949
26659
14377
13718
7167
5924
31558
27683
10223
22223
15129
13422
11011
24565
30144
23151
11876
4078
26818
25822
8181
22238
22085
5530
24876
23351
10882
18763
14369
30335
5495
31302
22244
28500
27867
27314
27924
5293
27223
14825
30637
7778
6643
26913
17186
30447
3279
4940
21420
21109
9235
23613
10209
14081
2088
23307
2440
23057
8233
954
24748
30548
7572
21528
15599
1202
28742
18406
2337
26508
13990
22584
7441
3909
32288
2591
8611
6401
26581
20612
31523
24748
1424
17751
11737
9023
764
32234
28894
5694
28437
32407
25390
6277
14813
4521
5885
24645
14928
1402
26447
19018
20633
5592
19395
11903
30854
1197
7855
23987
24634
9695
2418
11421
22306
25206
2822
12318
10538
30461
19669
3783
14896
28970
14798
2971
30136
12481
2999
11798
26338
28597
17093
11118
3226
5520
15210
29976
15887
23062
22126
4238
13158
31525
26433
7248
1711
2528
23696
9768
16664
4877
22294
14003
18528
9914
8885
13853
16527
807
17861
3628
13797
26336
6828
11648
8976
20010
10158
20505
10146
8096
10503
12569
705
3102
311
2507
9760
9694
926
485
29999
29409
19784
29962
1167
32401
8202
12691
28105
11940
29646
5263
2879
24387
12843
9992
12387
2668
20537
8329
12838
32405
15011
29404
21428
26770
18429
17176
27486
13496
9560
29660
21463
2883
28948
9429
32164
27637
30710
19334
13518
11520
18554
18760
28378
24870
4203
8847
13562
26911
30896
15216
32389
13371
29545
15712
4005
29768
12347
2623
12368
18614
10983
24725
20345
9465
2082
5403
26247
30255
13473
1405
12550
19459
31347
10334
3228
2257
147
24220
5439
23819
26814
27094
20902
4571
32642
11308
1021
26377
12952
5446
29405
2080
16755
24728
15995
23756
23577
2276
5664
14471
9266
5376
25049
11636
17502
8665
13423
1675
4556
19896
6553
11511
27657
26820
5233
31932
20245
3785
25125
19613
19388
3639
21743
11581
23075
16494
23367
9092
15010
14136
1879
25156
22737
25495
10927
18205
25830
6594
23098
7838
5950
5738
28272
29612
21049
26945
21454
28200
5707
26813
16259
1228
31824
4889
7277
1622
10784
158
17475
15849
30052
19232
22804
14000
10408
3787
21232
25284
7857
26656
5605
10576
10256
4922
9261
8179
28407
4182
16549
29541
19788
29074
5505
17246
18684
13813
13118
30131
10898
21936
31705
17602
25096
25507
20031
3345
11740
26659
1540
7730
14439
22779
9047
4842
8043
21168
12086
29842
6635
30474
12254
11708
12351
5327
16774
4122
14951
31954
10060
29084
6304
10284
26736
9433
23093
5066
19904
20656
18072
29992
21331
27439
31921
11355
25210
23475
7286
5973
26612
2129
11964
10853
6753
21109
16204
29181
1273
18121
23866
25016
10878
1113
30066
5275
21615
7924
15252
25244
25215
213
5378
28512
11846
3971
14903
5705
22325
6133
602
22448
2767
17914
3346
11119
7446
10968
16029
23715
1348
5939
16924
21168
4796
19505
1585
27525
28224
18396
26572
19233
15204
12488
32578
17493
28227
9461
17312
16076
10608
28662
30782
15946
14384
27731
6295
28465
30950
5165
13911
23625
19406
1312
32182
12736
23022
31598
21509
12656
18506
2137
17542
15457
11096
2000
12161
5519
20147
6478
28564
16877
9491
8192
26955
10665
29821
3622
14577
24242
4791
32699
29349
11384
17919
26712
10416
21747
7676
22614
11285
7910
22773
7475
15210
6501
10561
16694
5095
14485
28415
11862
6333
12211
14855
30809
1192
11351
10272
4665
22984
22266
29555
29387
941
15542
17727
27810
24497
1614
8399
15666
8074
8302
31401
5937
14879
14644
20489
11331
24219
14062
21133
31189
7616
3110
31794
23881
15743
3292
8063
13140
27333
10514
18432
1701
15767
12430
32502
4552
17249
987
18509
6217
907
22161
27598
23324
12878
26326
24214
11324
1478
20005
24775
26003
24904
20302
9085
18202
19189
17854
2820
65
24463
6657
24904
26769
14476
24453
3212
11152
30825
32673
7775
27621
28993
5589
20172
8636
6558
24916
14290
14444
17295
28607
25876
12119
18939
25908
3024
16914
10292
1415
32533
23495
12239
25295
13361
22999
20660
21797
27497
25027
10097
8104
20718
20044
17876
26309
10764
30681
27064
23477
25251
23578
5663
16710
3803
26859
17025
11743
13588
28283
5220
11966
29724
31917
22317
12421
22949
12222
9782
20725
31990
12329
32032
32249
12768
27079
8811
1510
26612
15931
8259
32001
2547
13965
16285
7234
29062
30741
14723
32087
17199
155
4780
22508
18048
28092
21840
9258
3723
21391
7482
18045
1689
26249
10783
10395
14111
31902
27694
25538
22253
10665
16104
24640
31913
31502
17970
3641
1148
5790
8617
7077
32267
16571
27189
19352
13993
3516
11745
21190
13258
17043
24042
23878
12731
10412
25365
8598
31377
22809
19526
9440
10592
17133
19279
5243
11693
28901
29702
22709
8997
21070
29082
17616
20879
2850
9767
2122
26879
3957
26759
17762
20044
3599
21612
28887
3013
28251
24747
24307
14880
25984
12251
8648
30131
26317
20255
7354
13287
29530
22336
28989
3305
3308
9215
10464
19874
20506
5545
16523
26090
31150
4331
30980
1784
23374
12520
4280
1565
860
24457
19129
22451
7194
18452
26371
13904
17938
22529
28675
19007
29109
16905
346
25904
31810
14207
27614
9774
5097
19427
23265
6610
10033
14005
24247
10934
25495
26503
114
30253
1911
8278
17136
22833
2864
2586
13592
18845
25988
30620
31072
20381
28477
19080
26258
13154
10774
11971
9681
13082
28376
8190
29143
21791
18116
28044
23424
10862
29745
12400
14220
5468
28278
26555
6560
26756
21770
12053
143
29188
7658
17305
6104
18153
827
19174
12912
25319
29745
4210
25281
28750
3375
11554
21490
19513
23344
19736
18537
6920
28261
1997
24974
273
31
32351
5330
21395
12272
13356
29169
21995
7181
21919
7795
22283
22775
24906
10873
17191
3163
26421
8886
32177
12086
21110
956
6024
15164
28930
29305
13677
18299
11715
24065
15030
22588
12523
28302
3142
26154
23175
26052
32700
24758
19287
21562
19179
12217
28637
18487
1931
30811
16820
22969
7981
10549
13091
14268
13173
4530
30962
6840
22147
2235
9852
16492
10162
26259
20486
21722
10373
22015
10063
27795
24030
16555
18024
29748
4465
23241
7366
14641
18297
4603
12950
28625
15529
25459
13904
23162
102
23896
2191
30255
32563
20332
14880
20567
4461
28397
12377
27072
25144
29113
25516
19171
17081
25781
27772
11626
15750
16750
21038
24303
32346
1793
20612
16647
25102
23097
1830
2687
17092
28920
18306
11749
21606
19672
29910
2378
9551
2321
10891
17223
5959
16286
7365
31038
25781
18843
26424
8930
1552
24306
15933
20218
2967
22838
13861
7522
16194
7631
5325
6738
8952
29528
24946
24290
7938
17989
9927
6862
29888
8393
6981
27511
18842
23031
9155
9259
24122
16423
25670
27558
17912
17051
21274
21209
12950
24162
546
18666
10286
21117
4716
4219
11624
24385
1544
6703
19440
5372
25627
26730
29992
30171
25391
24665
7962
28427
3533
11315
11696
27935
5454
4798
31783
4018
18158
26644
6849
16461
22306
31655
5306
12427
30508
10115
21118
890
26860
25811
27673
9797
1273
2471
32751
7184
26352
5108
25005
16676
13324
9692
13695
18764
12279
5936
19332
32126
5088
16436
20351
31934
23502
24994
8399
1088
32308
19953
26273
717
16837
14294
13412
31591
9609
18956
21117
31536
3889
27729
32572
9864
13224
22961
15375
8566
28138
27654
31478
22345
30745
16576
16439
25983
15054
6882
3155
11749
9901
9805
8760
21504
19516
65
32184
10668
9717
10529
3642
20227
18585
17270
2480
2432
28104
17463
27593
5732
3279
30792
30055
31833
30145
832
16467
8278
8905
15215
15152
8642
13246
1824
8621
16860
18424
7963
17663
23130
10850
23150
14479
10064
977
26477
14063
26708
1940
5624
21267
7392
20045
5884
18878
24568
21247
21820
1850
9996
18023
19282
13644
26655
11408
31472
25959
27433
30882
26988
11040
19130
6906
17788
15074
26593
13696
6718
24803
21836
27189
13179
25686
32176
30732
5932
10979
2412
6651
14397
12372
18281
23633
18066
9873
7492
23626
16456
20942
17071
9697
10301
29955
19476
9189
1490
25244
18556
22095
4591
1394
30384
17107
13640
30203
21917
21429
15327
28605
5117
6366
25034
15113
9012
7983
7479
24293
29048
21013
18861
12106
3893
7006
6293
2960
17328
13643
27384
24870
21738
25318
30858
18054
1735
661
26600
17000
5487
12016
15390
4918
12021
25040
15212
2753
12343
19880
13130
21042
10501
24857
15785
10819
27525
10432
27516
31663
10965
851
30839
19430
27891
23532
27670
27142
21466
24228
19426
26631
494
23396
17136
13365
7578
19192
25258
26340
14392
10853
24785
6239
7217
8317
30403
21281
18021
8624
17914
30280
3789
1573
26070
7238
17502
17930
32412
23002
16433
20520
5566
26943
13282
11962
28509
5539
14134
28287
10508
31450
22784
31758
29143
27988
14149
27498
900
7756
25246
24022
16664
20547
4318
31210
7837
12205
25333
10727
13859
9194
16916
5192
11781
11383
6162
665
21613
7782
26383
10892
5146
22027
1111
3402
9825
12537
31368
24839
9842
25645
22264
14553
27101
648
26193
24266
16981
18307
9342
5164
3251
31262
25547
11308
12606
31769
28487
13482
31017
22887
11373
8520
23901
27616
4
11457
12921
26422
31300
25725
22039
24874
3642
4706
16722
10751
22638
30956
9349
2351
14530
5504
28756
12894
17309
23805
28657
1676
20041
9877
22680
30094
6810
14555
29276
5055
26065
11548
15910
14323
24255
7411
15611
13740
18222
19992
15485
1937
17532
20601
19637
32283
9097
17036
17167
18066
5076
12259
28326
24120
7648
15873
25026
17860
22749
7020
29855
2321
9092
25859
25969
28440
25667
30098
14756
26140
5274
21412
17512
36
7109
12696
30317
5038
15515
13303
23275
21666
6838
29189
26086
31109
6868
25750
30640
16623
8829
14115
14767
27455
31462
12061
14432
31885
23318
7553
24220
23264
23879
3757
13851
7329
25487
11378
4406
6992
12223
1642
497
7798
12940
13452
16952
13019
21996
2045
29033
504
18115
15913
19219
15791
447
27155
15102
29754
10112
2025
29291
24674
23549
28380
25244
2545
13603
5423
16535
19049
31935
23181
30248
2550
18845
19615
9253
18594
13297
6622
6645
18376
10487
9894
26195
26571
8663
30860
25936
3591
16843
27634
28567
9992
8067
26585
3829
6394
15817
1014
23577
14945
30561
21767
27032
8459
25139
21351
24628
23874
28076
4064
12381
30022
16481
10945
31992
13562
6389
16689
9056
9693
13885
17603
1194
17212
2723
29003
29742
16038
16072
21743
28482
26785
18286
7809
585
4507
4756
9740
32493
30499
4066
25516
26536
4441
6216
18595
13449
21667
30947
11946
21813
15266
9504
20869
5164
11621
21539
1754
16205
5084
3434
10307
14749
13967
26797
25506
23108
11663
1289
26037
15576
173
31582
4842
26334
18155
20470
17012
26254
23088
10087
12190
20183
29504
17082
5471
13475
16874
1740
10287
4444
21892
4853
25114
11951
27028
10984
21779
32656
27344
30682
30602
2686
18505
25831
8001
18696
25827
6833
7771
8336
15624
24138
14006
22607
5277
22356
22394
12441
16693
358
22770
32610
25733
19634
10907
30210
11033
12773
10107
29749
25413
15695
1204
3174
93
21828
3673
7469
24104
16322
9856
9238
22675
11091
15001
11684
2979
16181
8958
1685
20397
30393
8395
4712
17865
19433
28143
27421
2180
30061
4995
11836
21717
15280
31323
6936
16211
10558
27099
26197
18852
6769
26892
26280
27705
28748
13807
32478
26680
27303
18194
26912
30138
28044
2912
18293
8759
13794
23613
7560
29502
16712
21971
6060
8554
27972
2470
17181
32657
4509
16239
7048
25150
6661
14375
4558
7010
25339
10082
28678
24134
24048
22238
16065
8132
16553
10332
3985
18103
17380
27054
20684
16560
13630
12050
3725
20203
24660
10174
17660
8065
4905
8380
10191
1758
16840
10744
785
28022
3370
4504
6434
17844
12633
10635
8704
7731
7894
2917
20420
9265
17208
20074
31856
10817
17687
25576
25831
1855
14120
3531
5437
24969
1705
9067
27185
14956
10496
6312
19448
19933
19615
31545
1597
6762
4394
23105
24933
9584
2780
19491
24855
20365
5415
1688
19452
19800
14490
15615
24771
6224
10248
14580
23657
27667
6375
24867
13751
9169
31478
8798
12812
3071
21283
28398
14172
31824
15787
18471
32633
19937
23427
1600
4241
435
12023
21089
7928
11103
11153
1788
15400
29701
32060
27233
30471
18822
19113
30605
20840
3571
30450
10563
11987
23365
9853
31583
8329
12110
2852
5734
12995
5103
15250
22881
7995
6028
6640
13804
2285
10685
3522
4746
9503
12358
5387
10043
30111
26698
28856
2129
30796
26555
28731
21375
28631
21269
8311
13107
10699
6988
25052
11301
26059
22530
10707
26928
16923
4606
29532
31074
20835
4570
8949
13391
15791
1787
25023
14506
7353
6855
13276
14614
22891
17425
19995
2873
22176
28376
28375
11538
12075
19506
15900
13453
14106
24195
30988
23893
8764
5618
27777
10474
29664
4382
756
17651
7136
22028
27038
11221
25822
5989
4316
13188
6094
23006
3032
32410
30900
3575
4966
934
175
29160
12332
7878
31031
20440
20486
24952
23715
27729
19113
5293
8174
14577
6534
8479
18874
8034
18161
20965
31381
30860
22658
9540
19068
1032
14523
8137
8093
29656
25580
21908
25185
24662
23636
7671
12970
14443
10633
9536
602
513
26394
20690
14612
32443
9842
10619
17734
2275
10239
16385
15975
15524
12180
16382
31869
16761
30732
9454
18659
18405
2609
17799
3145
3941
31452
10569
7676
2211
21597
23637
6248
26604
12060
13698
22235
15332
15745
17070
139
23672
20242
20306
17627
17941
3803
14681
11482
13591
275
2099
9740
5509
1020
31269
10862
6907
22539
31715
10676
5351
29513
15968
6101
21240
9209
24293
17609
11732
18043
21857
24977
2058
4720
7424
22137
23367
17183
19198
20122
9676
7960
1982
7330
19487
8982
7702
23768
17153
21546
5357
30810
5537
32022
1801
28073
7183
23287
11554
616
30195
32040
20027
16993
7551
23650
2610
28617
9890
27944
12949
18629
32383
12642
9655
17965
16157
3400
24579
14223
27488
25473
14225
24695
10040
15500
30199
31469
16408
32096
17506
17216
6570
29007
7653
28930
21185
11056
15376
16724
13967
445
12741
30308
19992
11066
10311
28723
9702
15448
29332
17052
7166
3672
27381
27794
18964
20595
20179
5289
24571
18554
3276
28375
607
1722
14598
12156
438
4386
7107
12193
32116
18856
3638
9853
18302
5096
6550
7230
7138
32270
3184
31238
197
28919
31297
23347
25245
11155
22852
995
16544
3470
12937
8375
32123
29999
6215
13272
10312
13440
22131
21304
20922
25007
4497
7195
16795
1716
18379
32725
8313
29748
26688
19925
27036
15269
29854
7906
14651
5300
24819
1445
19183
12771
9664
10344
15463
18551
14416
10269
26718
20369
23879
30882
28106
15003
2430
3651
14166
13029
17678
1153
5907
5264
17579
8721
19050
12972
11572
24104
31318
9885
13703
19190
3024
11971
6810
2416
21642
24666
6600
10835
2015
12446
25960
8294
28682
6451
18340
10239
18327
23493
26505
18376
18200
10476
25690
20163
15129
11858
15146
29580
13910
20503
10921
30943
13355
4468
2367
31577
16203
28831
16727
19587
28853
14831
26622
32524
23268
5697
8620
2134
13638
22682
18785
6965
23536
20238
3572
8179
30608
6880
31144
28055
24995
21482
6145
10342
6376
31551
11734
27051
23060
272
14246
5300
12487
25036
8752
32029
5311
7819
28989
16977
26444
5293
18625
1101
25859
30910
3106
21927
24503
30877
2008
3791
21669
18654
22838
26262
13039
8556
2183
29676
26188
28019
2397
31982
31229
12925
5414
14112
26627
29403
5120
23798
26767
3910
1999
15514
21946
27590
11660
9193
30582
23507
18656
19902
19396
6586
19953
13428
7976
19779
23932
28070
2394
26001
18212
29497
8767
19017
1545
32157
791
10231
27549
21327
26616
23469
27827
12707
1403
16877
17625
12992
26293
27848
25576
21740
26473
1352
23001
1802
7803
23564
13530
24160
19624
27954
1441
22942
9077
23418
32257
21788
30821
9895
23995
5220
14447
8489
8598
1264
12207
26874
10418
7733
31068
26566
17433
736
11258
7758
25751
18271
5585
16142
23244
419
7581
23581
23935
1572
7047
11350
18997
30246
15956
11189
21506
827
20701
6915
5280
3082
29631
8886
13246
30286
8019
7443
6298
27170
481
19349
22994
21115
3600
31634
24440
18166
19873
24092
27492
17108
19549
5926
31694
19778
12108
18407
15388
30430
19496
6276
30712
20600
21777
1257
17574
16149
27778
28919
21652
20794
13700
18405
10547
31079
13346
10976
5894
20961
4636
29429
20473
19892
7136
2609
26611
31481
2485
24583
1966
14933
26938
31985
16839
4034
15119
31066
15889
28818
6354
23484
12079
12977
30541
8710
18018
298
22765
31296
6559
31212
1142
28273
12261
22735
5110
1985
10189
21458
28664
11483
11363
3238
2809
16277
11316
15217
28960
