100
2121
20842
2262
8408
31215
14211
24495
21028
20682
19959
14719
8816
9972
21901
26305
10199
25454
23888
11816
29402
26375
19426
152
594
128
4883
11893
13225
27629
16818
545
842
24926
26532
25536
12630
30399
50
27199
7833
22781
22183
32148
30140
8299
6427
28231
29884
17507
3466
9777
27291
29232
7465
22148
15701
19243
10745
18187
3093
20005
25244
10931
16809
28677
2152
7499
11059
10162
23482
11912
26402
28980
8844
7756
16481
3094
32074
11815
18894
30990
32226
11295
19950
31456
13595
6828
26335
7807
10791
6663
21134
3701
28795
30372
22314
13702
20446
253
19416
