100
257
914
953
1123
1183
1325
1957
2015
2096
3079
3094
3824
4046
4510
4527
4782
5426
5579
6591
7196
7637
7763
8046
8772
9041
9638
9761
10274
10713
10987
11322
11807
11822
11913
11983
12201
12234
12394
12526
13052
13220
13771
14371
14633
14756
14893
15354
15384
15400
15590
15938
15980
16130
16178
16369
16672
16846
17006
17101
17110
17207
17336
17791
18030
18597
18954
19053
19561
20138
20521
21241
21253
21383
21864
22170
24287
24584
24748
24863
25639
25896
26333
26358
27127
27345
27399
27498
27608
27811
28129
28384
28561
28891
28916
30308
30483
31710
31753
32064
32723
