1000
9
69
75
76
79
125
151
178
209
239
268
330
371
395
410
420
421
438
441
449
457
493
509
527
530
542
601
616
701
750
759
804
804
817
832
849
858
858
889
899
901
907
955
959
1007
1020
1048
1146
1166
1180
1232
1319
1326
1372
1457
1503
1509
1566
1608
1620
1658
1709
1739
1739
1779
1840
1850
1875
1883
1899
1899
1902
1902
1936
1942
1944
1993
2185
2216
2286
2306
2368
2408
2434
2451
2461
2489
2612
2634
2651
2680
2730
2736
2779
2781
2794
2823
2827
2843
2912
2957
2983
2995
2999
3080
3114
3133
3215
3238
3263
3312
3336
3366
3412
3444
3446
3453
3483
3547
3593
3606
3625
3642
3643
3676
3712
3722
3748
3771
3782
3816
3849
3857
3866
3892
3896
3929
3930
3952
3959
3990
4004
4027
4037
4069
4130
4142
4216
4293
4300
4314
4365
4423
4477
4489
4548
4638
4664
4689
4754
4781
4788
4798
4799
4828
4834
4939
4996
5056
5195
5218
5260
5455
5538
5553
5581
5585
5600
5610
5692
5700
5713
5736
5791
5793
5799
5851
5887
5904
5955
5956
5983
6045
6082
6091
6113
6150
6181
6233
6271
6291
6428
6431
6516
6529
6566
6600
6654
6660
6667
6791
6812
6867
6875
6889
6952
6960
7024
7126
7128
7213
7229
7264
7367
7375
7452
7460
7474
7477
7499
7506
7515
7521
7522
7559
7570
7606
7642
7652
7695
7715
7717
7725
7732
7791
7835
7861
7974
7986
8044
8091
8163
8309
8364
8392
8403
8447
8546
8556
8649
8684
8706
8735
8794
8945
9013
9040
9071
9150
9213
9234
9234
9258
9280
9305
9313
9322
9332
9451
9474
9490
9590
9609
9690
9693
9708
9711
9761
9786
9804
9832
9904
9905
9934
10021
10063
10090
10148
10249
10264
10286
10364
10380
10396
10407
10416
10467
10594
10605
10641
10669
10793
10820
10847
10870
10906
10907
10921
10928
11061
11063
11092
11098
11147
11181
11187
11194
11310
11340
11363
11368
11370
11409
11415
11431
11474
11481
11497
11539
11587
11613
11640
11653
11734
11757
11794
11795
11856
11857
11861
11874
11905
11909
11980
12004
12041
12113
12128
12263
12266
12409
12413
12420
12438
12480
12543
12704
12754
12766
12775
12803
12812
12817
12822
12864
12912
13087
13157
13178
13194
13235
13270
13308
13343
13356
13363
13392
13443
13538
13543
13556
13599
13694
13722
13741
13777
13786
13795
13800
13832
13903
13933
13956
13962
13974
13985
14027
14058
14135
14137
14145
14158
14168
14191
14192
14224
14277
14336
14383
14442
14443
14453
14480
14525
14634
14649
14651
14660
14692
14695
14712
14749
14756
14801
14809
14927
15038
15054
15075
15094
15114
15161
15200
15213
15285
15287
15333
15369
15374
15407
15429
15436
15567
15574
15630
15641
15654
15656
15677
15719
15723
15765
15790
15836
15847
15858
15866
15869
15878
15934
15939
15946
15981
16024
16028
16094
16124
16169
16170
16219
16359
16360
16380
16405
16414
16482
16512
16519
16553
16589
16658
16689
16702
16764
16813
16842
16882
16961
16965
16971
16988
17077
17105
17115
17120
17156
17192
17199
17216
17226
17273
17273
17313
17363
17425
17465
17492
17551
17563
17625
17631
17636
17667
17748
17751
17763
17894
18003
18020
18055
18071
18087
18094
18119
18240
18249
18276
18301
18317
18318
18329
18355
18370
18389
18412
18658
18732
18774
18822
18869
18937
18943
18943
18945
19012
19090
19094
19133
19168
19169
19176
19199
19249
19256
19265
19316
19324
19329
19383
19414
19445
19448
19484
19513
19527
19531
19533
19544
19556
19600
19620
19651
19654
19672
19678
19714
19726
19809
19818
19821
19900
19909
19912
19936
19991
20045
20053
20071
20084
20141
20143
20165
20271
20279
20303
20313
20338
20352
20461
20466
20494
20526
20552
20568
20578
20581
20606
20642
20665
20750
20776
20780
20870
20898
20909
20998
21052
21117
21205
21218
21243
21287
21288
21325
21356
21362
21404
21429
21448
21514
21535
21544
21581
21590
21624
21624
21636
21702
21716
21820
21929
21937
21949
21992
21993
22010
22035
22038
22059
22069
22093
22186
22193
22194
22198
22333
22376
22535
22540
22585
22622
22626
22646
22653
22658
22760
22774
22788
22795
22842
22867
22892
22904
22918
22919
22928
22934
22977
22999
23060
23073
23090
23090
23131
23203
23209
23212
23271
23272
23306
23309
23310
23379
23393
23398
23475
23514
23605
23620
23666
23683
23697
23706
23722
23766
23773
23844
23874
23899
23987
24022
24098
24115
24146
24153
24157
24202
24222
24228
24229
24305
24356
24363
24454
24458
24486
24493
24537
24599
24630
24652
24676
24755
24818
24886
24893
24943
24945
24969
25020
25040
25063
25066
25090
25110
25193
25218
25252
25276
25317
25331
25359
25417
25442
25444
25486
25486
25509
25578
25600
25605
25606
25612
25629
25634
25675
25731
25758
25818
25869
25877
25888
25897
25927
25986
26015
26017
26039
26051
26091
26101
26118
26122
26175
26267
26290
26327
26377
26406
26406
26407
26616
26672
26687
26709
26822
26826
26833
26871
26879
26906
26940
26960
26981
26988
27020
27027
27037
27074
27087
27154
27192
27215
27273
27304
27332
27333
27379
27469
27508
27544
27572
27646
27657
27665
27687
27698
27704
27705
27742
27780
27794
27837
27880
27888
27891
27952
27977
28048
28054
28054
28099
28313
28368
28373
28383
28403
28422
28427
28469
28480
28490
28519
28530
28574
28582
28617
28643
28685
28688
28753
28810
28845
28931
28933
28965
29122
29142
29149
29177
29192
29199
29221
29227
29310
29333
29413
29465
29477
29483
29505
29624
29658
29689
29694
29724
29743
29808
29837
29858
29860
29874
29937
29987
30051
30094
30141
30146
30173
30208
30216
30266
30311
30330
30338
30345
30374
30382
30391
30392
30428
30472
30582
30603
30630
30659
30663
30722
30782
30801
30830
30848
30850
30882
30923
30929
30968
30975
31021
31021
31035
31035
31041
31079
31109
31207
31216
31223
31251
31265
31270
31284
31289
31318
31386
31477
31477
31487
31492
31494
31511
31559
31601
31663
31684
31691
31696
31725
31771
31842
31859
31880
31884
31912
31915
31928
31955
31980
32017
32053
32089
32111
32111
32123
32192
32201
32249
32313
32398
32445
32450
32461
32464
32621
32659
32672
32716
32733
32744
32747
