10000
8
9
11
14
17
27
29
29
30
30
37
38
39
40
45
58
58
61
70
75
84
84
94
95
108
110
113
114
115
118
140
144
144
147
148
154
161
165
167
170
172
184
188
189
190
191
191
193
194
196
196
204
211
211
215
217
219
220
223
226
244
246
246
247
247
252
254
254
255
258
258
259
260
272
272
274
279
283
285
287
290
292
296
299
313
316
316
333
333
341
344
344
354
367
368
374
378
379
384
385
386
391
392
393
395
398
400
402
404
406
408
412
412
425
433
440
441
441
443
446
446
446
452
455
456
459
464
468
468
472
473
476
478
478
479
484
484
490
491
492
500
503
510
513
516
522
523
524
531
537
540
540
540
540
546
553
555
557
557
565
571
573
573
576
577
579
585
587
588
588
591
594
597
604
605
607
611
616
621
623
627
631
633
634
636
647
647
647
647
648
651
651
655
655
661
663
664
669
670
671
676
678
680
680
687
691
693
694
703
704
705
709
709
725
727
730
730
733
735
735
739
741
747
752
754
757
760
765
768
769
773
774
774
774
776
777
783
786
786
788
791
795
800
800
801
804
805
815
818
819
819
822
823
824
827
828
830
836
848
855
861
863
868
876
881
882
891
898
899
906
907
910
912
915
919
920
921
921
927
935
935
938
939
940
944
957
958
963
971
971
974
981
984
984
988
990
992
992
1005
1006
1006
1009
1011
1011
1012
1018
1022
1026
1035
1035
1039
1040
1041
1042
1045
1046
1048
1050
1051
1053
1057
1058
1062
1071
1072
1081
1082
1085
1085
1087
1092
1093
1096
1096
1100
1109
1118
1122
1129
1131
1131
1135
1136
1141
1146
1147
1150
1151
1154
1159
1184
1188
1192
1193
1193
1199
1201
1210
1210
1212
1216
1218
1219
1223
1227
1227
1229
1233
1238
1242
1248
1255
1256
1257
1262
1262
1263
1265
1267
1279
1279
1279
1285
1285
1293
1298
1303
1304
1305
1306
1307
1308
1310
1315
1324
1325
1331
1337
1340
1343
1343
1344
1348
1355
1356
1363
1368
1370
1372
1374
1377
1382
1384
1386
1387
1389
1396
1397
1403
1404
1407
1408
1413
1413
1421
1427
1427
1428
1428
1430
1430
1442
1443
1456
1458
1460
1466
1467
1470
1470
1474
1475
1476
1481
1482
1491
1493
1494
1497
1503
1505
1507
1512
1515
1515
1523
1526
1531
1538
1544
1550
1550
1558
1563
1569
1575
1582
1583
1583
1585
1586
1587
1588
1589
1591
1594
1603
1606
1607
1610
1616
1617
1626
1633
1634
1637
1639
1641
1641
1646
1646
1646
1647
1649
1655
1656
1658
1663
1674
1676
1679
1680
1689
1693
1694
1695
1696
1698
1699
1701
1704
1704
1707
1708
1710
1715
1720
1721
1723
1724
1726
1730
1737
1738
1741
1744
1747
1749
1757
1758
1765
1766
1770
1770
1775
1776
1777
1778
1782
1782
1788
1788
1797
1800
1801
1810
1812
1814
1819
1819
1824
1824
1825
1825
1826
1827
1829
1833
1841
1842
1843
1853
1858
1859
1864
1866
1866
1871
1872
1879
1881
1881
1885
1888
1889
1892
1892
1894
1896
1897
1898
1900
1901
1901
1904
1904
1905
1910
1922
1927
1932
1933
1934
1943
1944
1944
1951
1953
1954
1956
1959
1961
1963
1972
1974
1974
1975
1979
1984
1986
1990
1995
1995
1995
2002
2003
2005
2007
2007
2008
2013
2013
2022
2024
2038
2046
2050
2053
2054
2054
2058
2060
2060
2061
2062
2063
2067
2069
2071
2073
2074
2075
2075
2080
2084
2086
2089
2093
2097
2104
2104
2105
2109
2113
2113
2113
2118
2122
2125
2126
2127
2129
2136
2141
2146
2150
2153
2156
2156
2157
2161
2169
2170
2172
2173
2174
2175
2175
2177
2178
2187
2188
2188
2192
2198
2200
2203
2210
2212
2213
2217
2217
2221
2221
2225
2226
2227
2234
2235
2238
2245
2247
2253
2257
2260
2265
2265
2265
2267
2268
2272
2276
2276
2278
2282
2286
2297
2308
2309
2309
2313
2318
2321
2323
2328
2333
2335
2338
2343
2344
2345
2346
2346
2348
2352
2355
2357
2358
2364
2366
2372
2373
2374
2376
2380
2380
2382
2382
2383
2384
2385
2387
2389
2390
2390
2391
2391
2396
2399
2401
2401
2402
2403
2403
2407
2408
2411
2414
2415
2415
2417
2419
2428
2436
2436
2438
2442
2444
2457
2458
2459
2464
2465
2465
2466
2469
2476
2477
2486
2486
2488
2495
2496
2501
2505
2510
2511
2521
2526
2527
2533
2539
2544
2544
2548
2549
2550
2555
2564
2567
2569
2578
2579
2588
2589
2589
2591
2596
2599
2601
2603
2607
2618
2625
2628
2630
2633
2636
2639
2639
2642
2645
2647
2650
2652
2652
2655
2661
2669
2672
2677
2679
2682
2684
2685
2686
2687
2693
2694
2699
2699
2704
2705
2708
2717
2719
2724
2734
2737
2741
2751
2752
2754
2759
2761
2770
2770
2772
2774
2775
2775
2775
2783
2791
2795
2800
2802
2804
2806
2806
2807
2817
2820
2822
2825
2828
2828
2829
2846
2851
2851
2852
2860
2864
2865
2867
2867
2868
2874
2883
2890
2890
2891
2897
2900
2901
2908
2914
2920
2921
2926
2926
2931
2931
2946
2947
2955
2955
2957
2957
2958
2968
2969
2972
2972
2976
2979
2979
2980
2986
2990
2990
2993
2994
3002
3005
3005
3007
3015
3030
3031
3032
3040
3040
3041
3046
3048
3064
3071
3072
3079
3083
3084
3091
3092
3094
3099
3103
3104
3110
3112
3117
3120
3124
3128
3130
3140
3141
3141
3142
3144
3145
3147
3149
3153
3157
3163
3166
3167
3177
3182
3183
3187
3188
3192
3194
3196
3198
3199
3202
3207
3215
3218
3220
3222
3223
3226
3228
3237
3243
3246
3249
3252
3252
3253
3254
3258
3263
3264
3276
3277
3278
3285
3290
3292
3296
3302
3302
3311
3311
3316
3320
3325
3327
3332
3332
3332
3334
3336
3337
3349
3350
3359
3360
3364
3368
3369
3369
3372
3375
3377
3378
3380
3381
3383
3389
3391
3391
3392
3405
3410
3423
3426
3430
3436
3438
3438
3439
3440
3443
3448
3452
3456
3459
3463
3469
3470
3471
3476
3477
3478
3479
3496
3499
3503
3504
3509
3509
3514
3518
3527
3530
3534
3537
3537
3541
3542
3544
3546
3546
3547
3549
3551
3554
3556
3557
3567
3574
3575
3577
3585
3589
3590
3595
3604
3604
3606
3609
3612
3618
3620
3623
3626
3627
3633
3635
3644
3647
3648
3649
3654
3656
3656
3657
3658
3660
3669
3671
3683
3684
3684
3685
3685
3692
3692
3693
3693
3695
3697
3699
3700
3705
3706
3708
3711
3711
3714
3717
3725
3725
3725
3732
3742
3744
3750
3750
3754
3756
3761
3762
3763
3769
3769
3774
3786
3787
3805
3806
3809
3812
3814
3816
3820
3827
3828
3829
3830
3833
3834
3836
3840
3841
3845
3846
3852
3855
3861
3864
3866
3871
3874
3875
3879
3884
3885
3887
3888
3894
3895
3899
3900
3903
3904
3907
3917
3927
3928
3928
3929
3935
3937
3939
3942
3946
3952
3954
3955
3955
3959
3960
3960
3963
3964
3971
3974
3976
3978
3978
3981
3983
3984
3988
3991
3994
3997
4000
4006
4009
4012
4013
4015
4020
4023
4025
4035
4035
4042
4043
4046
4048
4048
4048
4048
4049
4055
4055
4056
4058
4061
4064
4065
4067
4068
4070
4072
4072
4074
4075
4077
4093
4093
4100
4103
4104
4104
4109
4110
4111
4117
4119
4120
4126
4127
4131
4135
4139
4141
4142
4143
4143
4149
4160
4162
4163
4164
4165
4167
4167
4172
4173
4175
4176
4178
4183
4183
4192
4211
4217
4220
4222
4225
4230
4232
4235
4235
4238
4239
4241
4242
4245
4245
4245
4246
4250
4256
4256
4264
4269
4270
4271
4279
4281
4286
4292
4298
4301
4308
4320
4323
4328
4334
4336
4337
4340
4345
4359
4361
4362
4364
4370
4373
4377
4380
4381
4383
4384
4388
4390
4393
4399
4406
4412
4416
4417
4420
4420
4429
4431
4433
4433
4437
4439
4443
4446
4449
4453
4456
4459
4460
4461
4462
4464
4469
4470
4470
4473
4480
4480
4493
4494
4496
4497
4500
4501
4502
4502
4506
4509
4513
4516
4520
4528
4530
4537
4539
4549
4549
4555
4560
4562
4566
4567
4574
4574
4578
4579
4582
4588
4592
4595
4600
4604
4618
4623
4626
4626
4626
4631
4632
4636
4636
4643
4648
4648
4648
4652
4652
4652
4655
4657
4660
4667
4670
4672
4673
4674
4674
4676
4683
4691
4694
4704
4704
4707
4713
4714
4716
4720
4721
4724
4731
4732
4733
4734
4738
4743
4746
4749
4770
4775
4775
4777
4780
4792
4792
4792
4795
4796
4803
4805
4806
4808
4811
4812
4818
4819
4821
4821
4824
4824
4826
4827
4829
4838
4840
4841
4844
4845
4847
4848
4855
4857
4861
4862
4873
4873
4877
4882
4892
4894
4900
4900
4904
4904
4910
4914
4918
4919
4919
4920
4922
4923
4931
4940
4944
4955
4957
4958
4959
4964
4969
4975
4977
4977
4981
4986
4988
4989
4989
4997
4997
4998
4999
5000
5002
5005
5010
5017
5026
5028
5037
5044
5046
5047
5049
5051
5053
5064
5066
5074
5080
5086
5086
5091
5097
5097
5099
5100
5105
5111
5115
5116
5119
5122
5126
5136
5138
5141
5142
5146
5148
5150
5154
5155
5159
5161
5161
5165
5167
5168
5171
5183
5190
5192
5198
5200
5202
5203
5204
5211
5213
5217
5223
5225
5226
5230
5231
5232
5237
5240
5247
5252
5256
5261
5261
5267
5275
5275
5276
5276
5278
5278
5284
5290
5299
5302
5305
5309
5310
5313
5321
5322
5323
5326
5329
5334
5336
5339
5340
5342
5343
5344
5345
5345
5349
5350
5361
5365
5366
5367
5368
5370
5370
5370
5376
5378
5379
5381
5387
5388
5394
5402
5405
5406
5406
5422
5425
5429
5431
5434
5435
5436
5439
5440
5442
5443
5445
5446
5453
5454
5457
5461
5470
5472
5472
5473
5478
5481
5489
5496
5497
5503
5504
5508
5510
5514
5515
5516
5516
5528
5532
5532
5535
5547
5547
5552
5553
5553
5556
5556
5559
5564
5565
5565
5570
5572
5576
5578
5585
5589
5589
5592
5599
5600
5603
5608
5611
5612
5620
5629
5630
5643
5648
5657
5659
5663
5668
5670
5672
5679
5686
5687
5687
5697
5697
5703
5708
5708
5710
5713
5716
5729
5729
5729
5731
5731
5732
5737
5740
5743
5745
5748
5761
5761
5762
5767
5771
5777
5778
5778
5779
5782
5784
5784
5785
5789
5790
5802
5805
5805
5805
5806
5808
5809
5810
5812
5813
5818
5821
5834
5835
5840
5843
5845
5848
5850
5854
5855
5856
5859
5861
5869
5874
5876
5877
5880
5881
5881
5887
5887
5888
5897
5901
5904
5911
5916
5917
5917
5921
5923
5926
5932
5938
5944
5944
5945
5956
5961
5967
5967
5971
5974
5976
5979
5979
5984
5985
5988
5995
5998
6000
6013
6014
6036
6037
6040
6046
6047
6052
6058
6058
6060
6068
6073
6079
6087
6088
6093
6098
6100
6112
6112
6116
6118
6120
6124
6125
6127
6128
6134
6135
6141
6142
6142
6144
6146
6146
6148
6150
6155
6158
6158
6179
6182
6189
6189
6190
6193
6195
6199
6211
6214
6216
6217
6219
6219
6228
6244
6249
6250
6250
6255
6270
6272
6277
6280
6281
6290
6293
6294
6298
6302
6303
6309
6309
6310
6311
6320
6322
6331
6331
6331
6334
6339
6348
6350
6353
6356
6357
6359
6363
6368
6370
6375
6376
6376
6382
6387
6394
6394
6397
6401
6404
6406
6411
6415
6423
6429
6441
6443
6445
6446
6455
6457
6459
6463
6464
6466
6469
6469
6469
6471
6474
6476
6476
6480
6481
6482
6485
6487
6488
6489
6492
6494
6500
6504
6509
6511
6514
6522
6538
6538
6541
6543
6545
6554
6558
6559
6563
6566
6572
6572
6575
6576
6578
6580
6583
6585
6586
6590
6590
6592
6597
6599
6605
6610
6616
6616
6620
6627
6627
6627
6639
6640
6642
6644
6648
6649
6649
6650
6651
6656
6659
6659
6663
6664
6665
6668
6669
6679
6679
6681
6681
6683
6684
6688
6695
6702
6703
6710
6710
6711
6714
6714
6716
6716
6718
6725
6729
6730
6742
6744
6746
6748
6751
6753
6754
6755
6755
6758
6758
6763
6767
6776
6777
6777
6781
6782
6783
6789
6789
6789
6793
6795
6796
6801
6803
6806
6808
6814
6814
6815
6816
6819
6825
6826
6830
6836
6836
6839
6840
6842
6858
6861
6862
6865
6873
6884
6888
6888
6890
6896
6901
6903
6903
6920
6925
6927
6928
6933
6935
6936
6938
6938
6939
6942
6953
6955
6959
6960
6964
6965
6967
6967
6967
6975
6977
6988
6996
6998
7000
7001
7001
7003
7006
7012
7019
7020
7027
7031
7036
7041
7042
7046
7049
7049
7050
7050
7056
7056
7061
7061
7066
7067
7069
7074
7076
7077
7077
7080
7082
7084
7092
7094
7094
7095
7098
7099
7104
7105
7105
7107
7110
7111
7112
7113
7115
7131
7135
7141
7143
7148
7149
7149
7152
7153
7156
7157
7158
7160
7163
7168
7169
7172
7182
7182
7184
7192
7195
7198
7205
7205
7206
7207
7207
7210
7212
7225
7225
7230
7241
7243
7250
7254
7254
7254
7256
7257
7267
7273
7274
7275
7280
7280
7287
7292
7295
7296
7296
7297
7303
7307
7313
7316
7326
7327
7334
7334
7336
7337
7342
7343
7348
7350
7350
7358
7359
7360
7366
7366
7367
7372
7373
7375
7383
7383
7390
7393
7394
7395
7396
7402
7404
7409
7413
7414
7424
7430
7432
7432
7433
7440
7450
7452
7457
7460
7463
7469
7475
7481
7487
7493
7494
7496
7498
7505
7508
7514
7517
7518
7518
7535
7535
7537
7538
7539
7544
7547
7548
7554
7556
7557
7566
7566
7568
7572
7572
7579
7579
7579
7583
7593
7596
7600
7601
7602
7603
7606
7607
7612
7612
7616
7622
7622
7623
7625
7629
7633
7635
7636
7637
7640
7641
7643
7648
7654
7655
7655
7657
7663
7666
7667
7668
7672
7677
7680
7685
7692
7692
7692
7693
7700
7702
7705
7706
7706
7709
7711
7712
7712
7712
7713
7717
7718
7727
7731
7732
7734
7735
7736
7736
7741
7743
7743
7746
7750
7751
7753
7759
7759
7762
7765
7766
7767
7776
7785
7787
7791
7793
7797
7798
7799
7804
7805
7807
7810
7813
7822
7827
7829
7830
7831
7838
7839
7840
7842
7842
7847
7853
7864
7865
7873
7874
7875
7884
7893
7896
7896
7899
7900
7911
7919
7922
7924
7927
7938
7940
7942
7943
7945
7946
7952
7953
7954
7955
7958
7963
7964
7968
7968
7975
7976
7980
7981
7981
7985
7990
7992
7992
7997
7997
7999
8001
8002
8004
8011
8020
8024
8025
8029
8033
8038
8043
8046
8047
8055
8058
8061
8061
8061
8062
8063
8065
8065
8074
8078
8079
8081
8082
8090
8093
8100
8102
8102
8103
8104
8108
8118
8118
8124
8130
8134
8136
8140
8143
8147
8148
8148
8149
8154
8156
8169
8177
8179
8187
8191
8196
8196
8196
8199
8201
8202
8205
8207
8211
8211
8212
8216
8218
8218
8225
8228
8229
8231
8232
8238
8239
8244
8245
8246
8247
8267
8268
8272
8272
8276
8282
8283
8284
8286
8290
8292
8305
8309
8310
8312
8315
8315
8316
8324
8325
8331
8333
8338
8348
8350
8353
8357
8358
8362
8372
8374
8385
8386
8391
8391
8392
8392
8399
8401
8401
8402
8402
8403
8407
8417
8418
8418
8422
8428
8438
8440
8443
8451
8461
8464
8465
8472
8474
8488
8488
8489
8490
8493
8498
8500
8502
8505
8514
8516
8516
8521
8523
8523
8528
8532
8535
8536
8542
8543
8544
8549
8551
8557
8559
8564
8565
8575
8578
8579
8580
8582
8593
8594
8601
8608
8608
8609
8609
8611
8613
8625
8626
8627
8628
8629
8630
8631
8632
8636
8648
8650
8654
8656
8659
8661
8663
8664
8667
8670
8674
8676
8680
8688
8695
8695
8697
8698
8703
8711
8713
8713
8713
8713
8719
8725
8736
8737
8738
8741
8742
8744
8748
8757
8767
8772
8774
8782
8790
8795
8803
8807
8809
8811
8815
8817
8822
8833
8835
8836
8842
8846
8846
8851
8852
8852
8853
8854
8858
8862
8868
8870
8879
8879
8880
8886
8888
8891
8899
8903
8905
8906
8906
8913
8915
8922
8922
8930
8931
8932
8935
8942
8946
8952
8955
8957
8959
8961
8964
8982
8984
8984
8985
8986
8992
8996
9001
9005
9008
9008
9008
9010
9023
9030
9040
9042
9045
9047
9053
9055
9056
9059
9060
9062
9068
9068
9070
9072
9081
9083
9084
9093
9094
9112
9118
9120
9123
9126
9136
9141
9149
9149
9150
9152
9157
9164
9165
9170
9174
9181
9188
9194
9195
9207
9208
9212
9214
9214
9215
9215
9221
9225
9227
9235
9240
9242
9244
9245
9250
9261
9265
9267
9274
9275
9282
9283
9284
9288
9291
9291
9294
9294
9295
9303
9304
9306
9316
9316
9320
9322
9327
9331
9335
9336
9343
9344
9344
9345
9347
9347
9350
9354
9363
9364
9366
9367
9368
9371
9372
9376
9376
9389
9394
9394
9396
9397
9398
9400
9401
9402
9403
9403
9406
9406
9408
9417
9417
9418
9420
9420
9420
9429
9429
9433
9433
9442
9444
9445
9446
9447
9447
9455
9462
9463
9469
9475
9479
9480
9481
9484
9490
9492
9497
9510
9511
9513
9513
9514
9515
9515
9518
9519
9523
9527
9528
9533
9535
9535
9542
9542
9545
9549
9550
9554
9554
9555
9559
9561
9562
9568
9579
9579
9583
9584
9586
9590
9591
9591
9601
9604
9604
9605
9615
9616
9618
9624
9631
9633
9636
9638
9638
9640
9641
9643
9644
9645
9649
9650
9654
9659
9659
9660
9661
9662
9665
9668
9670
9671
9674
9682
9685
9689
9692
9692
9701
9702
9708
9710
9712
9713
9713
9715
9716
9718
9719
9720
9722
9727
9729
9734
9736
9739
9742
9750
9759
9760
9761
9766
9769
9771
9784
9787
9790
9793
9793
9793
9799
9802
9804
9804
9812
9824
9827
9829
9830
9838
9840
9841
9845
9845
9847
9853
9862
9869
9871
9872
9882
9891
9898
9898
9900
9902
9912
9913
9923
9923
9924
9926
9932
9938
9949
9951
9953
9958
9959
9965
9967
9972
9974
9980
9980
9983
9992
9993
9995
9999
10000
10012
10014
10014
10024
10026
10027
10030
10031
10032
10034
10036
10037
10045
10048
10053
10062
10067
10068
10070
10077
10083
10086
10087
10092
10093
10094
10099
10100
10102
10106
10106
10106
10113
10115
10116
10118
10122
10123
10126
10131
10138
10139
10148
10150
10151
10154
10166
10170
10180
10182
10183
10194
10197
10199
10202
10205
10206
10207
10209
10211
10213
10214
10217
10221
10224
10225
10229
10230
10232
10233
10234
10234
10240
10241
10252
10256
10257
10259
10268
10269
10271
10283
10286
10288
10292
10294
10296
10298
10298
10302
10303
10304
10306
10308
10310
10314
10317
10324
10331
10334
10340
10341
10343
10350
10352
10353
10355
10355
10357
10358
10358
10361
10363
10366
10366
10367
10367
10373
10385
10388
10404
10407
10408
10411
10411
10416
10419
10426
10427
10432
10434
10438
10441
10445
10445
10450
10454
10454
10455
10463
10465
10469
10475
10476
10484
10488
10491
10491
10494
10495
10503
10504
10505
10506
10506
10507
10508
10516
10519
10531
10534
10540
10543
10546
10552
10553
10562
10568
10569
10569
10571
10595
10596
10596
10597
10599
10603
10604
10608
10613
10615
10617
10618
10620
10621
10622
10626
10627
10628
10630
10643
10667
10667
10673
10674
10675
10676
10676
10676
10678
10681
10683
10693
10696
10700
10701
10702
10708
10709
10716
10717
10726
10727
10728
10732
10733
10733
10734
10734
10737
10740
10740
10746
10747
10749
10750
10751
10752
10752
10762
10777
10778
10778
10788
10788
10789
10794
10794
10795
10797
10797
10799
10812
10814
10815
10816
10819
10819
10820
10820
10820
10826
10830
10830
10836
10836
10839
10844
10845
10845
10848
10849
10851
10851
10852
10854
10857
10857
10865
10866
10871
10872
10877
10880
10886
10888
10890
10891
10893
10894
10895
10904
10907
10909
10915
10916
10921
10922
10924
10927
10928
10928
10933
10934
10935
10940
10941
10944
10950
10959
10960
10960
10960
10961
10962
10967
10976
10977
10978
10979
10979
10983
10984
10984
10989
11003
11003
11004
11006
11008
11008
11010
11014
11015
11023
11025
11027
11028
11032
11033
11037
11046
11046
11047
11047
11048
11048
11049
11050
11050
11053
11054
11059
11065
11065
11068
11077
11080
11080
11088
11099
11101
11109
11114
11115
11120
11125
11132
11132
11133
11133
11135
11136
11141
11143
11146
11150
11151
11152
11154
11159
11181
11187
11187
11195
11197
11198
11198
11202
11202
11204
11207
11213
11214
11215
11223
11225
11231
11233
11236
11238
11240
11240
11247
11247
11248
11254
11261
11263
11266
11267
11270
11277
11278
11278
11285
11287
11290
11296
11298
11299
11305
11307
11311
11317
11319
11319
11325
11326
11327
11331
11341
11342
11345
11346
11348
11363
11366
11370
11379
11379
11379
11381
11382
11396
11396
11397
11398
11402
11405
11408
11409
11413
11415
11415
11417
11417
11422
11423
11426
11429
11431
11431
11432
11436
11445
11447
11449
11453
11454
11458
11458
11465
11466
11475
11476
11478
11482
11490
11493
11495
11500
11503
11504
11505
11506
11507
11508
11509
11510
11518
11519
11521
11525
11525
11526
11527
11527
11531
11532
11534
11537
11539
11544
11544
11555
11556
11556
11557
11563
11565
11570
11572
11573
11578
11579
11579
11581
11582
11588
11590
11597
11603
11604
11606
11609
11615
11619
11626
11632
11634
11634
11653
11655
11655
11657
11658
11660
11667
11671
11674
11677
11677
11679
11685
11688
11690
11694
11696
11705
11705
11707
11708
11715
11719
11724
11726
11726
11729
11731
11741
11748
11748
11749
11749
11750
11752
11755
11760
11762
11767
11770
11771
11773
11776
11777
11778
11784
11786
11790
11791
11795
11796
11800
11801
11803
11803
11811
11812
11812
11812
11817
11817
11818
11819
11822
11823
11824
11830
11840
11841
11844
11869
11874
11877
11878
11880
11880
11882
11884
11885
11889
11893
11898
11900
11904
11907
11918
11919
11926
11929
11932
11933
11937
11940
11942
11952
11954
11955
11955
11956
11956
11964
11965
11971
11973
11975
11975
11983
11989
11990
11993
11995
11996
12005
12006
12008
12008
12009
12011
12014
12015
12019
12022
12028
12029
12033
12034
12035
12037
12041
12042
12043
12044
12044
12044
12045
12046
12048
12054
12055
12055
12056
12056
12057
12066
12074
12075
12080
12088
12088
12088
12090
12092
12093
12106
12115
12115
12121
12121
12123
12127
12127
12131
12139
12142
12142
12144
12145
12149
12156
12162
12165
12167
12169
12171
12171
12171
12172
12173
12177
12184
12185
12200
12200
12207
12208
12211
12215
12217
12218
12222
12229
12234
12239
12240
12242
12244
12248
12253
12254
12257
12264
12268
12272
12273
12275
12278
12280
12280
12281
12286
12288
12289
12292
12293
12293
12301
12305
12307
12312
12324
12330
12338
12342
12344
12346
12346
12351
12353
12355
12357
12359
12365
12366
12372
12373
12375
12377
12380
12380
12380
12380
12385
12396
12401
12404
12412
12412
12414
12415
12417
12425
12432
12436
12439
12440
12441
12442
12453
12455
12455
12461
12465
12467
12470
12473
12475
12481
12483
12485
12486
12490
12503
12504
12506
12510
12510
12519
12523
12524
12525
12527
12528
12529
12529
12532
12533
12537
12541
12553
12555
12562
12567
12567
12568
12570
12579
12582
12582
12585
12586
12588
12588
12597
12599
12602
12605
12607
12607
12609
12609
12614
12614
12614
12616
12618
12618
12620
12621
12621
12621
12629
12630
12631
12637
12638
12639
12641
12641
12646
12648
12655
12656
12659
12663
12666
12670
12673
12686
12690
12690
12690
12695
12696
12698
12702
12706
12709
12710
12710
12710
12713
12718
12720
12721
12729
12738
12741
12741
12742
12751
12757
12759
12760
12760
12769
12770
12774
12777
12778
12783
12786
12794
12794
12796
12796
12797
12798
12800
12800
12801
12803
12805
12810
12814
12815
12815
12816
12819
12832
12834
12836
12839
12840
12850
12856
12862
12864
12870
12871
12872
12878
12879
12889
12890
12893
12894
12894
12895
12896
12900
12905
12906
12909
12909
12913
12924
12924
12925
12930
12933
12956
12959
12960
12961
12966
12970
12971
12974
12975
12981
12982
12987
12990
13006
13006
13008
13010
13013
13018
13019
13027
13030
13034
13034
13044
13051
13056
13059
13061
13062
13063
13065
13065
13069
13071
13074
13075
13075
13075
13076
13080
13085
13101
13103
13112
13117
13118
13124
13129
13129
13134
13145
13151
13153
13160
13164
13166
13179
13181
13185
13186
13186
13187
13190
13192
13208
13212
13212
13218
13225
13231
13237
13238
13245
13247
13257
13259
13262
13273
13274
13278
13286
13287
13290
13292
13293
13294
13295
13296
13297
13297
13301
13306
13307
13310
13312
13314
13323
13324
13329
13337
13343
13351
13353
13358
13359
13365
13366
13366
13366
13370
13371
13378
13384
13388
13388
13392
13393
13396
13396
13396
13402
13403
13405
13415
13418
13419
13419
13420
13420
13421
13426
13437
13440
13441
13442
13445
13450
13451
13451
13459
13470
13477
13479
13483
13486
13494
13498
13499
13500
13501
13502
13503
13510
13519
13525
13526
13530
13533
13540
13544
13557
13558
13564
13566
13570
13575
13578
13580
13594
13594
13602
13610
13610
13615
13616
13616
13617
13623
13629
13636
13638
13640
13640
13644
13647
13647
13649
13652
13661
13663
13666
13674
13682
13682
13692
13698
13703
13704
13705
13706
13712
13712
13714
13714
13722
13722
13727
13728
13734
13737
13741
13747
13753
13754
13759
13759
13766
13767
13771
13781
13784
13784
13787
13788
13790
13792
13796
13798
13798
13799
13801
13803
13803
13804
13805
13811
13817
13818
13819
13820
13820
13825
13826
13832
13832
13833
13834
13838
13841
13844
13845
13847
13849
13856
13860
13863
13864
13867
13870
13873
13876
13878
13886
13892
13893
13898
13901
13903
13905
13909
13916
13919
13926
13931
13940
13940
13945
13946
13954
13958
13963
13965
13973
13974
13976
13978
13980
13981
13982
13992
13994
13995
13998
14001
14002
14005
14009
14027
14030
14031
14033
14033
14034
14034
14037
14040
14042
14043
14046
14046
14060
14065
14066
14068
14074
14075
14076
14076
14080
14088
14093
14094
14095
14096
14099
14107
14113
14118
14120
14121
14127
14129
14130
14130
14131
14135
14136
14137
14143
14151
14152
14155
14170
14172
14176
14178
14185
14188
14189
14196
14200
14203
14204
14205
14214
14214
14215
14224
14224
14229
14233
14235
14239
14243
14243
14248
14255
14259
14260
14262
14264
14265
14271
14277
14280
14280
14287
14295
14298
14302
14303
14309
14314
14327
14331
14333
14338
14339
14347
14348
14350
14351
14353
14355
14358
14369
14370
14370
14372
14372
14374
14375
14375
14383
14388
14390
14393
14396
14398
14401
14404
14409
14409
14417
14418
14420
14424
14433
14434
14437
14440
14441
14441
14441
14444
14446
14449
14451
14462
14464
14476
14476
14479
14488
14488
14495
14516
14517
14527
14529
14532
14532
14534
14535
14541
14553
14554
14555
14556
14556
14559
14563
14567
14567
14569
14587
14597
14601
14605
14611
14613
14617
14620
14621
14625
14625
14626
14637
14640
14649
14651
14658
14664
14668
14671
14674
14676
14678
14681
14685
14690
14694
14695
14698
14698
14703
14703
14706
14708
14711
14714
14714
14725
14726
14726
14731
14735
14736
14743
14744
14744
14747
14749
14752
14757
14760
14763
14767
14772
14774
14778
14781
14782
14785
14786
14789
14792
14792
14794
14796
14804
14804
14805
14806
14811
14818
14820
14823
14824
14825
14830
14840
14843
14844
14847
14847
14858
14859
14859
14861
14862
14870
14873
14873
14883
14884
14892
14893
14893
14895
14896
14903
14908
14909
14912
14913
14913
14918
14921
14924
14926
14931
14933
14936
14937
14938
14943
14944
14947
14948
14949
14955
14955
14963
14968
14968
14969
14971
14976
14981
14983
14988
14998
15009
15014
15014
15015
15017
15018
15024
15026
15027
15032
15036
15036
15037
15037
15039
15042
15046
15049
15050
15057
15061
15065
15073
15079
15082
15085
15091
15091
15094
15095
15105
15105
15116
15120
15121
15122
15128
15128
15128
15129
15131
15136
15138
15141
15154
15154
15156
15167
15176
15177
15179
15184
15186
15192
15201
15202
15204
15205
15208
15211
15218
15219
15226
15227
15234
15244
15247
15250
15257
15259
15261
15262
15263
15264
15265
15268
15276
15276
15288
15290
15290
15297
15297
15298
15299
15301
15302
15304
15308
15311
15320
15322
15327
15328
15328
15342
15344
15345
15349
15353
15354
15357
15359
15361
15362
15362
15366
15366
15367
15371
15372
15374
15375
15378
15379
15382
15384
15387
15388
15389
15389
15396
15403
15418
15418
15420
15421
15430
15435
15443
15444
15449
15453
15458
15459
15459
15461
15463
15469
15473
15477
15479
15483
15485
15488
15492
15493
15502
15502
15511
15513
15515
15516
15519
15527
15528
15533
15539
15543
15548
15551
15555
15555
15556
15559
15566
15568
15568
15575
15578
15580
15580
15590
15595
15598
15603
15611
15614
15615
15622
15628
15628
15630
15632
15637
15641
15650
15655
15657
15658
15663
15675
15684
15684
15687
15691
15699
15699
15723
15724
15724
15724
15725
15727
15728
15728
15744
15747
15750
15752
15755
15760
15767
15770
15774
15778
15779
15785
15787
15788
15789
15791
15793
15794
15797
15800
15801
15804
15806
15810
15812
15814
15823
15826
15829
15830
15833
15833
15834
15834
15840
15842
15844
15855
15857
15861
15861
15863
15867
15868
15871
15871
15872
15874
15882
15883
15886
15886
15888
15903
15904
15906
15907
15911
15914
15915
15920
15922
15923
15923
15924
15932
15932
15935
15950
15950
15957
15958
15966
15970
15972
15973
15975
15978
15979
15981
15988
15992
15996
16010
16011
16014
16015
16020
16020
16020
16020
16024
16031
16033
16038
16041
16043
16046
16048
16048
16049
16051
16052
16053
16055
16055
16059
16074
16074
16090
16092
16093
16099
16103
16103
16104
16106
16107
16110
16112
16115
16117
16118
16121
16121
16125
16125
16136
16138
16144
16148
16153
16154
16158
16161
16166
16186
16186
16187
16188
16188
16190
16190
16196
16201
16202
16204
16208
16209
16209
16211
16212
16226
16226
16227
16228
16230
16231
16232
16235
16237
16245
16250
16251
16258
16262
16269
16270
16270
16276
16278
16281
16283
16288
16288
16288
16296
16302
16304
16327
16337
16342
16343
16344
16346
16347
16349
16351
16354
16355
16357
16361
16364
16365
16366
16366
16375
16375
16378
16379
16384
16396
16399
16400
16406
16406
16408
16411
16414
16415
16417
16420
16424
16428
16431
16435
16438
16442
16447
16448
16449
16451
16454
16454
16455
16462
16463
16472
16475
16484
16489
16493
16496
16497
16501
16505
16507
16512
16519
16524
16524
16524
16527
16532
16541
16542
16544
16544
16549
16549
16551
16554
16568
16569
16569
16572
16572
16574
16576
16581
16588
16591
16592
16598
16598
16603
16603
16604
16607
16613
16626
16629
16635
16638
16640
16642
16646
16648
16649
16655
16655
16658
16658
16661
16661
16661
16663
16668
16674
16676
16678
16679
16680
16684
16686
16693
16693
16696
16701
16701
16703
16705
16706
16709
16710
16713
16719
16720
16725
16740
16740
16741
16743
16749
16754
16755
16756
16757
16758
16765
16769
16772
16775
16777
16779
16784
16786
16789
16793
16794
16794
16800
16800
16802
16805
16808
16816
16818
16818
16823
16825
16834
16840
16848
16855
16860
16862
16863
16863
16874
16876
16879
16880
16884
16886
16888
16890
16891
16899
16905
16905
16908
16911
16914
16918
16927
16930
16931
16935
16936
16939
16942
16942
16946
16953
16956
16960
16964
16966
16966
16974
16979
16985
16992
16994
17005
17010
17029
17037
17041
17046
17048
17048
17053
17053
17054
17056
17056
17063
17072
17075
17076
17077
17086
17089
17091
17096
17100
17104
17106
17110
17113
17116
17125
17129
17132
17136
17137
17139
17147
17147
17148
17149
17149
17153
17154
17167
17167
17178
17178
17178
17179
17180
17182
17190
17190
17192
17195
17196
17201
17206
17208
17208
17219
17219
17219
17224
17225
17233
17238
17239
17240
17241
17242
17245
17249
17254
17255
17261
17263
17272
17272
17273
17278
17281
17289
17289
17294
17297
17303
17309
17310
17311
17318
17322
17325
17328
17329
17333
17333
17335
17336
17336
17340
17340
17340
17347
17357
17358
17360
17366
17372
17376
17386
17391
17400
17400
17401
17401
17403
17406
17412
17418
17418
17420
17423
17424
17427
17430
17430
17438
17440
17442
17446
17449
17451
17454
17459
17464
17466
17471
17472
17475
17481
17481
17482
17494
17497
17508
17510
17519
17522
17526
17526
17532
17535
17538
17544
17546
17548
17553
17555
17556
17558
17561
17564
17572
17573
17576
17579
17582
17588
17589
17595
17601
17603
17605
17606
17611
17612
17614
17614
17618
17618
17620
17621
17624
17626
17628
17628
17629
17631
17632
17638
17640
17643
17655
17655
17660
17664
17668
17668
17669
17671
17673
17683
17684
17684
17684
17685
17693
17694
17696
17700
17708
17714
17714
17715
17726
17727
17740
17746
17752
17757
17760
17762
17769
17773
17788
17791
17791
17793
17798
17798
17801
17812
17819
17821
17822
17830
17831
17838
17841
17843
17843
17847
17849
17853
17855
17856
17860
17860
17861
17867
17873
17875
17876
17876
17877
17881
17882
17889
17891
17894
17895
17897
17899
17904
17904
17909
17910
17912
17913
17915
17916
17916
17917
17919
17920
17925
17934
17938
17955
17961
17966
17966
17967
17971
17974
17977
17977
17981
17982
17985
17994
17996
18004
18007
18010
18011
18011
18011
18029
18036
18038
18042
18044
18049
18051
18052
18052
18056
18056
18059
18061
18062
18062
18065
18071
18073
18073
18076
18076
18086
18087
18090
18096
18101
18105
18115
18116
18118
18119
18124
18134
18136
18138
18139
18142
18143
18145
18149
18150
18155
18156
18158
18159
18160
18161
18169
18172
18173
18173
18176
18178
18179
18180
18183
18185
18187
18189
18191
18204
18206
18214
18229
18231
18232
18235
18250
18252
18253
18254
18255
18257
18265
18266
18271
18274
18278
18283
18285
18289
18290
18296
18297
18304
18307
18308
18309
18311
18313
18323
18335
18369
18369
18371
18371
18380
18384
18389
18391
18392
18401
18403
18403
18405
18405
18406
18407
18416
18416
18418
18421
18421
18422
18422
18424
18425
18427
18431
18436
18439
18441
18460
18460
18461
18463
18468
18468
18468
18473
18476
18482
18488
18490
18494
18499
18501
18509
18509
18510
18510
18515
18518
18524
18526
18527
18528
18528
18530
18532
18535
18536
18547
18549
18550
18550
18550
18553
18558
18560
18562
18566
18569
18572
18573
18578
18584
18585
18586
18589
18594
18598
18601
18603
18607
18608
18613
18624
18626
18627
18627
18631
18633
18635
18646
18652
18658
18659
18659
18659
18683
18684
18684
18687
18689
18689
18689
18689
18693
18703
18705
18705
18707
18709
18711
18716
18718
18724
18727
18728
18731
18731
18732
18736
18739
18741
18746
18746
18749
18750
18757
18757
18758
18759
18762
18763
18763
18767
18774
18779
18792
18798
18799
18801
18814
18817
18820
18821
18831
18835
18846
18847
18848
18849
18854
18857
18858
18859
18867
18874
18880
18883
18885
18887
18887
18889
18890
18892
18893
18895
18902
18907
18911
18911
18913
18917
18926
18931
18935
18935
18938
18942
18946
18949
18956
18957
18975
18976
18979
18980
18984
18984
18985
18986
18987
18990
18990
18995
18996
18996
18999
19000
19018
19023
19028
19029
19029
19037
19051
19052
19053
19057
19060
19072
19075
19075
19075
19078
19080
19086
19093
19094
19096
19099
19109
19117
19119
19120
19120
19123
19129
19143
19163
19167
19169
19170
19174
19175
19175
19179
19181
19188
19190
19192
19196
19202
19204
19205
19212
19219
19221
19227
19228
19229
19231
19234
19234
19246
19247
19247
19249
19254
19254
19256
19262
19262
19271
19271
19277
19278
19278
19279
19279
19280
19281
19282
19282
19290
19293
19303
19309
19310
19321
19323
19326
19332
19334
19336
19343
19358
19359
19360
19361
19364
19367
19376
19381
19382
19388
19394
19394
19395
19396
19410
19413
19418
19425
19428
19428
19429
19430
19431
19434
19434
19436
19438
19441
19444
19449
19450
19450
19456
19464
19471
19472
19478
19481
19482
19484
19484
19485
19490
19492
19495
19496
19500
19502
19506
19520
19525
19531
19531
19537
19541
19542
19545
19553
19555
19562
19562
19567
19569
19572
19572
19573
19573
19574
19575
19585
19585
19585
19587
19589
19591
19592
19597
19598
19601
19604
19610
19610
19615
19616
19618
19619
19620
19622
19626
19634
19638
19645
19646
19651
19653
19654
19655
19661
19661
19662
19663
19668
19672
19676
19678
19684
19693
19694
19698
19703
19706
19710
19718
19719
19720
19723
19724
19725
19727
19728
19731
19733
19735
19738
19739
19742
19744
19744
19745
19757
19761
19764
19770
19772
19775
19780
19782
19783
19784
19795
19796
19796
19797
19799
19803
19803
19806
19808
19810
19812
19814
19820
19825
19831
19832
19834
19835
19841
19842
19845
19848
19857
19860
19861
19864
19865
19867
19867
19871
19874
19876
19877
19879
19884
19884
19886
19887
19893
19893
19898
19899
19900
19907
19909
19909
19910
19910
19917
19921
19921
19926
19927
19930
19930
19935
19936
19945
19945
19946
19947
19950
19952
19955
19958
19960
19962
19966
19969
19978
19979
19981
19982
19985
19985
19985
19996
19996
20005
20008
20011
20011
20014
20019
20021
20022
20024
20025
20025
20026
20030
20030
20040
20043
20045
20046
20052
20054
20061
20073
20074
20078
20089
20093
20096
20097
20114
20117
20122
20124
20126
20127
20149
20150
20154
20159
20162
20165
20168
20172
20175
20177
20179
20183
20191
20196
20202
20203
20207
20209
20215
20215
20216
20220
20226
20230
20236
20238
20240
20242
20249
20249
20250
20255
20257
20259
20260
20261
20265
20268
20270
20273
20278
20284
20290
20291
20291
20294
20303
20305
20306
20307
20307
20317
20323
20333
20338
20340
20341
20342
20347
20349
20352
20357
20359
20361
20361
20365
20366
20366
20368
20375
20381
20385
20388
20391
20398
20398
20399
20402
20407
20417
20424
20426
20432
20433
20433
20434
20438
20440
20443
20447
20448
20449
20451
20452
20453
20453
20455
20456
20458
20461
20467
20467
20470
20474
20475
20477
20477
20480
20490
20491
20496
20499
20503
20503
20505
20508
20512
20515
20524
20524
20524
20531
20531
20532
20533
20535
20536
20538
20541
20541
20541
20543
20548
20555
20556
20559
20559
20563
20566
20568
20568
20569
20569
20570
20570
20572
20586
20588
20588
20601
20603
20608
20614
20615
20615
20617
20619
20621
20627
20628
20630
20634
20648
20649
20649
20650
20651
20652
20655
20662
20665
20666
20669
20669
20677
20681
20685
20692
20693
20693
20695
20698
20704
20707
20707
20714
20718
20718
20722
20725
20733
20734
20741
20743
20753
20754
20759
20762
20766
20768
20771
20777
20780
20799
20801
20804
20809
20809
20813
20817
20818
20829
20829
20835
20837
20839
20839
20841
20841
20843
20844
20844
20848
20848
20868
20870
20871
20873
20874
20876
20879
20882
20888
20888
20891
20899
20900
20907
20907
20911
20915
20917
20922
20925
20925
20930
20936
20942
20948
20953
20960
20961
20963
20965
20967
20969
20970
20977
20985
20986
20997
21008
21014
21017
21021
21024
21026
21026
21028
21033
21034
21036
21041
21044
21046
21047
21056
21058
21058
21061
21062
21068
21071
21073
21078
21083
21085
21086
21091
21093
21093
21095
21097
21097
21099
21099
21100
21103
21104
21106
21110
21114
21115
21117
21121
21126
21127
21131
21131
21136
21142
21142
21145
21146
21146
21149
21150
21159
21172
21177
21178
21182
21182
21183
21190
21192
21193
21193
21196
21197
21203
21203
21208
21213
21213
21214
21215
21215
21217
21222
21222
21225
21229
21231
21244
21249
21253
21258
21259
21260
21263
21263
21270
21272
21280
21283
21289
21289
21289
21299
21309
21313
21316
21319
21325
21326
21328
21328
21330
21334
21336
21342
21350
21351
21352
21357
21360
21361
21362
21363
21365
21365
21365
21367
21374
21381
21382
21384
21392
21397
21402
21405
21407
21411
21412
21417
21419
21421
21422
21425
21425
21426
21435
21436
21439
21441
21445
21445
21456
21465
21473
21475
21477
21478
21482
21484
21485
21486
21493
21495
21496
21504
21505
21508
21508
21510
21511
21515
21517
21517
21518
21529
21530
21531
21536
21539
21540
21541
21542
21542
21555
21559
21559
21564
21566
21573
21575
21580
21587
21589
21591
21592
21594
21596
21597
21605
21614
21617
21617
21624
21632
21634
21635
21636
21642
21649
21650
21652
21653
21653
21659
21665
21666
21667
21668
21672
21672
21672
21673
21674
21686
21687
21689
21691
21698
21700
21708
21709
21716
21716
21719
21721
21725
21728
21740
21742
21745
21750
21751
21751
21752
21753
21757
21759
21762
21768
21773
21776
21783
21784
21788
21793
21793
21794
21797
21797
21801
21801
21806
21807
21808
21815
21830
21834
21835
21836
21837
21837
21839
21846
21847
21849
21857
21859
21861
21864
21865
21867
21870
21874
21879
21883
21896
21897
21902
21904
21905
21907
21909
21909
21914
21916
21917
21918
21918
21920
21925
21927
21929
21929
21930
21930
21931
21936
21941
21948
21951
21962
21963
21966
21971
21974
21980
21984
21985
21985
21994
21998
22005
22009
22011
22012
22014
22015
22018
22033
22036
22039
22043
22043
22044
22047
22050
22053
22057
22060
22089
22091
22094
22094
22103
22108
22109
22109
22116
22116
22117
22124
22126
22130
22132
22132
22134
22134
22141
22142
22143
22156
22156
22160
22161
22164
22171
22180
22181
22187
22190
22191
22199
22201
22201
22203
22205
22206
22207
22209
22218
22222
22222
22224
22232
22232
22236
22239
22244
22248
22248
22249
22250
22250
22253
22256
22257
22259
22259
22262
22262
22264
22264
22275
22278
22282
22284
22286
22287
22292
22293
22294
22296
22315
22319
22321
22322
22324
22327
22328
22338
22339
22339
22339
22355
22357
22361
22361
22363
22363
22368
22368
22368
22383
22384
22395
22399
22401
22402
22404
22408
22410
22410
22416
22420
22422
22426
22427
22434
22443
22444
22445
22445
22445
22447
22448
22463
22475
22477
22478
22480
22485
22489
22490
22490
22500
22502
22504
22505
22510
22511
22515
22517
22522
22527
22531
22532
22551
22555
22564
22565
22570
22577
22578
22586
22590
22592
22596
22597
22599
22599
22606
22608
22608
22610
22612
22617
22619
22619
22621
22625
22627
22627
22634
22636
22640
22642
22646
22652
22656
22660
22667
22673
22675
22680
22683
22687
22688
22688
22689
22692
22695
22705
22707
22709
22710
22712
22715
22719
22720
22722
22728
22734
22735
22742
22742
22743
22749
22750
22753
22754
22755
22764
22767
22767
22768
22772
22773
22773
22778
22783
22783
22784
22787
22787
22790
22793
22796
22803
22805
22806
22813
22826
22826
22827
22833
22833
22833
22833
22845
22845
22848
22855
22860
22866
22868
22872
22872
22874
22879
22880
22884
22887
22888
22888
22889
22893
22901
22904
22905
22908
22909
22912
22913
22914
22919
22919
22921
22924
22929
22932
22935
22935
22941
22941
22944
22951
22953
22959
22965
22967
22970
22975
22977
22982
22983
22994
22996
22997
23000
23001
23013
23016
23023
23023
23026
23033
23034
23037
23038
23038
23042
23045
23054
23058
23061
23063
23067
23070
23071
23072
23073
23074
23076
23080
23085
23085
23091
23093
23093
23097
23104
23105
23109
23110
23111
23114
23114
23115
23115
23115
23119
23120
23121
23124
23129
23129
23130
23132
23133
23137
23138
23138
23139
23140
23142
23144
23159
23171
23173
23174
23181
23186
23192
23193
23198
23199
23201
23205
23206
23212
23216
23219
23219
23232
23234
23238
23242
23247
23248
23255
23258
23268
23269
23276
23276
23283
23291
23294
23294
23296
23302
23304
23312
23315
23318
23322
23327
23330
23331
23331
23334
23341
23341
23344
23350
23354
23355
23355
23358
23358
23362
23364
23371
23378
23382
23383
23384
23385
23391
23391
23392
23394
23395
23407
23411
23415
23415
23423
23425
23429
23430
23432
23435
23435
23440
23448
23448
23451
23452
23458
23459
23461
23465
23467
23468
23474
23480
23481
23486
23487
23502
23513
23513
23515
23521
23530
23531
23532
23533
23534
23536
23537
23544
23546
23547
23549
23552
23553
23555
23556
23560
23566
23570
23577
23582
23582
23583
23589
23593
23597
23601
23602
23604
23606
23607
23608
23613
23624
23625
23631
23640
23640
23643
23644
23651
23652
23655
23662
23669
23674
23676
23677
23679
23686
23687
23688
23692
23696
23697
23700
23701
23705
23708
23712
23715
23720
23722
23722
23728
23729
23736
23736
23739
23741
23741
23756
23757
23761
23761
23761
23770
23776
23777
23782
23784
23786
23786
23803
23803
23803
23806
23807
23808
23818
23819
23821
23826
23832
23841
23846
23850
23853
23857
23862
23864
23866
23867
23868
23870
23870
23872
23873
23876
23878
23879
23881
23885
23885
23889
23892
23896
23897
23898
23899
23913
23915
23918
23925
23928
23929
23936
23937
23938
23938
23939
23947
23949
23952
23953
23956
23958
23961
23961
23967
23972
23973
23980
23983
23986
23988
23989
23992
23993
23999
24000
24003
24005
24011
24011
24016
24019
24021
24022
24028
24031
24043
24044
24048
24056
24057
24057
24062
24064
24072
24073
24074
24082
24087
24088
24096
24098
24100
24104
24105
24107
24114
24117
24122
24124
24129
24132
24132
24134
24140
24142
24148
24151
24153
24159
24165
24176
24177
24179
24191
24194
24194
24197
24200
24204
24207
24217
24221
24224
24226
24226
24231
24233
24237
24239
24246
24246
24247
24249
24255
24256
24256
24262
24272
24273
24277
24285
24290
24291
24291
24295
24299
24303
24306
24307
24310
24313
24315
24315
24316
24318
24321
24322
24323
24325
24327
24328
24332
24333
24334
24352
24364
24367
24371
24371
24373
24373
24376
24383
24383
24384
24384
24386
24387
24387
24389
24390
24390
24391
24392
24394
24399
24409
24411
24425
24427
24429
24430
24435
24437
24439
24440
24443
24444
24448
24454
24460
24462
24464
24466
24466
24466
24468
24473
24474
24477
24481
24496
24499
24500
24502
24515
24516
24516
24517
24519
24520
24524
24529
24530
24530
24530
24533
24534
24534
24535
24539
24542
24546
24548
24553
24555
24562
24563
24563
24567
24568
24569
24581
24583
24586
24589
24589
24593
24595
24599
24599
24600
24602
24602
24605
24608
24614
24614
24619
24623
24624
24624
24626
24626
24629
24631
24642
24645
24646
24651
24664
24664
24664
24665
24667
24667
24668
24670
24672
24672
24675
24676
24680
24681
24681
24681
24684
24685
24698
24708
24711
24716
24719
24726
24726
24736
24737
24738
24740
24741
24741
24742
24747
24751
24752
24759
24760
24761
24761
24762
24763
24764
24767
24767
24777
24779
24781
24798
24804
24804
24807
24809
24812
24813
24814
24816
24823
24829
24835
24836
24836
24836
24836
24847
24850
24855
24862
24864
24867
24868
24869
24875
24876
24879
24879
24881
24889
24894
24895
24901
24903
24904
24913
24920
24921
24922
24928
24928
24933
24935
24935
24938
24946
24953
24956
24963
24968
24970
24976
24980
24983
24984
24987
24988
24991
24991
24998
24999
25002
25005
25015
25017
25021
25021
25028
25032
25036
25037
25040
25041
25043
25052
25053
25056
25059
25059
25064
25067
25069
25070
25070
25070
25071
25072
25076
25077
25078
25084
25084
25085
25106
25107
25110
25114
25114
25118
25120
25130
25134
25134
25137
25143
25148
25148
25151
25154
25161
25165
25169
25172
25174
25175
25180
25186
25187
25189
25194
25195
25197
25206
25209
25211
25213
25213
25214
25217
25217
25219
25222
25224
25227
25228
25230
25234
25239
25244
25245
25245
25247
25249
25250
25250
25251
25253
25257
25259
25260
25263
25263
25266
25266
25273
25274
25274
25280
25282
25285
25294
25302
25302
25304
25305
25307
25310
25310
25311
25316
25333
25333
25340
25342
25345
25346
25348
25351
25351
25354
25362
25367
25369
25369
25371
25372
25374
25379
25384
25391
25396
25397
25402
25418
25421
25425
25427
25430
25433
25435
25436
25443
25446
25448
25449
25451
25453
25456
25458
25462
25463
25465
25465
25474
25477
25477
25480
25491
25494
25511
25512
25520
25521
25521
25522
25522
25526
25529
25541
25544
25544
25546
25548
25555
25555
25556
25561
25564
25572
25576
25579
25580
25585
25593
25595
25598
25605
25605
25605
25606
25606
25607
25609
25610
25616
25619
25624
25627
25629
25629
25637
25641
25645
25645
25651
25660
25662
25665
25668
25677
25679
25686
25689
25691
25692
25694
25703
25704
25704
25708
25709
25710
25711
25712
25714
25714
25723
25728
25728
25733
25737
25739
25739
25742
25753
25758
25759
25760
25763
25764
25766
25769
25771
25775
25780
25780
25781
25786
25791
25792
25793
25795
25798
25798
25802
25803
25813
25813
25813
25814
25815
25815
25820
25821
25824
25828
25831
25832
25832
25833
25834
25835
25839
25840
25840
25843
25844
25851
25856
25857
25859
25860
25861
25866
25868
25875
25878
25887
25897
25900
25901
25901
25907
25909
25910
25919
25920
25921
25922
25927
25928
25930
25932
25933
25940
25948
25950
25952
25959
25960
25961
25974
25975
25976
25976
25977
25981
25987
25989
25993
25995
25997
25998
26003
26008
26010
26014
26022
26023
26027
26028
26030
26036
26041
26042
26051
26052
26055
26055
26061
26061
26066
26072
26072
26072
26075
26076
26076
26079
26079
26086
26087
26090
26095
26096
26096
26098
26105
26106
26109
26111
26113
26116
26117
26119
26119
26123
26124
26128
26136
26141
26142
26143
26148
26149
26156
26161
26166
26168
26176
26177
26180
26180
26184
26187
26190
26191
26199
26201
26202
26204
26205
26215
26227
26228
26236
26238
26239
26240
26240
26244
26251
26259
26259
26261
26268
26270
26284
26292
26301
26303
26304
26317
26317
26318
26323
26329
26329
26330
26332
26333
26339
26341
26353
26353
26354
26355
26356
26357
26358
26358
26358
26370
26373
26374
26375
26381
26381
26382
26384
26392
26394
26396
26399
26401
26403
26411
26420
26421
26421
26422
26426
26432
26432
26434
26436
26443
26443
26451
26457
26464
26465
26469
26471
26471
26471
26471
26474
26476
26477
26484
26485
26487
26492
26493
26499
26499
26502
26503
26503
26509
26516
26518
26524
26524
26529
26538
26538
26539
26539
26550
26559
26559
26565
26566
26567
26567
26570
26571
26572
26577
26579
26582
26583
26583
26590
26592
26593
26602
26604
26605
26608
26610
26612
26621
26622
26625
26627
26627
26629
26641
26641
26641
26642
26648
26648
26658
26659
26661
26666
26666
26668
26673
26683
26685
26693
26694
26697
26700
26708
26711
26711
26712
26732
26743
26744
26747
26747
26750
26763
26764
26768
26780
26780
26788
26789
26798
26798
26801
26801
26803
26804
26806
26810
26811
26821
26822
26823
26824
26825
26830
26831
26835
26838
26839
26842
26843
26850
26850
26855
26856
26862
26865
26866
26869
26873
26875
26880
26882
26882
26882
26884
26886
26888
26888
26897
26897
26898
26900
26901
26903
26903
26906
26907
26918
26921
26922
26926
26926
26928
26931
26934
26942
26944
26949
26953
26964
26966
26969
26969
26972
26973
26976
26983
26984
26988
26992
26993
26998
27001
27003
27003
27005
27007
27009
27011
27013
27017
27018
27019
27023
27023
27026
27038
27042
27044
27046
27047
27050
27053
27057
27060
27062
27066
27066
27067
27067
27069
27072
27077
27080
27082
27083
27088
27091
27094
27101
27101
27101
27101
27101
27104
27106
27107
27108
27108
27110
27116
27126
27129
27139
27159
27161
27162
27166
27167
27168
27170
27173
27173
27174
27175
27175
27184
27188
27188
27195
27197
27200
27201
27201
27204
27205
27209
27209
27215
27215
27217
27217
27222
27225
27225
27227
27228
27229
27237
27241
27247
27251
27252
27258
27268
27276
27280
27280
27282
27285
27292
27294
27295
27300
27307
27308
27309
27310
27315
27316
27318
27319
27321
27329
27332
27333
27340
27343
27348
27349
27349
27351
27353
27365
27365
27366
27366
27367
27373
27374
27374
27383
27387
27400
27411
27412
27417
27421
27422
27424
27424
27433
27436
27443
27451
27453
27457
27457
27463
27464
27473
27482
27488
27490
27491
27491
27498
27503
27512
27513
27515
27517
27525
27525
27527
27527
27533
27537
27538
27542
27542
27542
27545
27548
27548
27554
27555
27557
27558
27561
27562
27564
27567
27568
27571
27573
27576
27577
27580
27592
27597
27606
27615
27617
27622
27626
27628
27635
27643
27647
27647
27649
27650
27653
27654
27659
27661
27663
27664
27668
27672
27677
27678
27683
27686
27687
27687
27691
27692
27697
27701
27714
27716
27717
27717
27736
27748
27749
27749
27750
27751
27754
27754
27762
27764
27769
27771
27774
27774
27781
27786
27787
27793
27793
27798
27801
27805
27808
27812
27812
27813
27814
27816
27817
27821
27823
27825
27827
27828
27829
27832
27833
27834
27840
27843
27845
27846
27849
27851
27852
27855
27858
27883
27891
27893
27895
27896
27898
27902
27907
27910
27916
27920
27922
27927
27930
27938
27943
27944
27945
27951
27952
27957
27962
27965
27965
27969
27980
27983
27986
27993
27994
27999
28005
28007
28008
28009
28012
28014
28016
28017
28024
28027
28028
28032
28041
28041
28052
28054
28055
28058
28058
28062
28064
28067
28069
28073
28076
28077
28078
28079
28083
28084
28098
28104
28104
28106
28108
28116
28120
28136
28141
28146
28147
28154
28160
28161
28162
28164
28166
28167
28176
28176
28183
28186
28187
28189
28197
28199
28201
28202
28205
28208
28208
28215
28217
28220
28222
28224
28236
28240
28243
28244
28246
28246
28251
28257
28259
28265
28266
28266
28270
28271
28274
28275
28275
28276
28283
28295
28296
28301
28304
28304
28305
28306
28307
28307
28308
28316
28322
28327
28327
28335
28335
28336
28337
28338
28338
28341
28341
28343
28347
28353
28355
28362
28369
28385
28386
28389
28394
28403
28406
28410
28413
28414
28415
28416
28418
28420
28425
28426
28429
28431
28432
28433
28435
28436
28438
28439
28441
28442
28450
28454
28454
28455
28456
28462
28463
28464
28466
28471
28472
28475
28475
28476
28484
28485
28490
28492
28496
28498
28503
28504
28509
28509
28509
28518
28521
28528
28532
28535
28540
28546
28553
28568
28570
28575
28576
28581
28583
28583
28591
28596
28608
28608
28613
28618
28621
28626
28628
28630
28632
28634
28637
28639
28642
28652
28654
28655
28655
28656
28656
28660
28665
28671
28673
28677
28678
28678
28681
28682
28682
28688
28689
28693
28693
28700
28701
28702
28709
28711
28714
28714
28726
28731
28733
28738
28739
28742
28745
28745
28748
28748
28754
28756
28759
28780
28784
28784
28787
28788
28789
28790
28794
28797
28802
28804
28804
28805
28808
28810
28814
28815
28818
28820
28820
28823
28824
28826
28827
28828
28829
28829
28832
28833
28834
28840
28840
28844
28848
28851
28858
28858
28860
28860
28863
28865
28870
28873
28877
28886
28887
28897
28900
28902
28911
28919
28927
28927
28929
28936
28937
28939
28945
28949
28954
28956
28958
28962
28964
28969
28969
28972
28978
28986
28987
28991
28992
28993
29000
29007
29008
29008
29012
29021
29024
29026
29026
29030
29035
29042
29044
29044
29046
29053
29062
29063
29069
29071
29071
29093
29096
29100
29101
29101
29106
29108
29111
29114
29116
29119
29120
29124
29133
29137
29149
29152
29159
29164
29168
29169
29171
29171
29172
29177
29178
29178
29185
29190
29191
29192
29194
29194
29202
29202
29202
29204
29206
29207
29212
29213
29217
29219
29219
29221
29221
29222
29222
29223
29223
29226
29229
29231
29233
29234
29235
29244
29246
29247
29248
29257
29261
29263
29264
29269
29272
29285
29286
29287
29289
29294
29295
29295
29297
29298
29301
29310
29316
29324
29327
29332
29334
29339
29342
29344
29346
29347
29347
29348
29349
29356
29364
29378
29383
29384
29387
29390
29394
29397
29398
29400
29402
29406
29412
29416
29419
29422
29424
29426
29426
29437
29438
29439
29446
29451
29453
29454
29458
29460
29461
29464
29468
29469
29477
29480
29484
29490
29493
29493
29497
29500
29505
29508
29508
29510
29525
29526
29532
29533
29534
29535
29537
29538
29539
29540
29542
29544
29544
29550
29550
29556
29560
29560
29564
29568
29571
29572
29573
29579
29581
29583
29585
29586
29586
29593
29596
29600
29602
29604
29604
29613
29613
29618
29623
29626
29632
29638
29640
29640
29642
29643
29645
29647
29649
29653
29656
29665
29667
29674
29676
29679
29680
29683
29687
29690
29691
29693
29697
29705
29709
29712
29713
29715
29719
29724
29731
29732
29735
29740
29743
29745
29747
29748
29751
29752
29756
29757
29759
29761
29763
29765
29766
29766
29768
29778
29785
29788
29789
29792
29797
29799
29803
29807
29808
29810
29811
29814
29820
29821
29825
29837
29847
29848
29848
29849
29852
29853
29853
29857
29858
29864
29866
29870
29871
29874
29877
29877
29878
29879
29887
29888
29889
29889
29893
29898
29901
29904
29914
29922
29922
29923
29924
29925
29928
29935
29936
29939
29943
29948
29954
29954
29956
29956
29960
29961
29965
29968
29978
29980
29982
29984
29993
29994
29994
29999
30001
30004
30007
30008
30008
30016
30021
30023
30029
30030
30030
30031
30037
30038
30042
30050
30050
30057
30059
30065
30066
30068
30077
30080
30080
30083
30088
30089
30092
30093
30096
30097
30099
30100
30103
30104
30107
30107
30107
30114
30116
30119
30121
30126
30138
30149
30155
30156
30158
30159
30160
30168
30170
30171
30172
30175
30177
30187
30187
30187
30188
30196
30202
30206
30215
30221
30225
30237
30240
30241
30242
30249
30250
30251
30252
30252
30254
30257
30260
30264
30268
30268
30268
30276
30284
30287
30288
30290
30295
30296
30298
30303
30304
30310
30311
30317
30319
30324
30326
30329
30330
30334
30334
30335
30335
30337
30338
30344
30347
30351
30357
30357
30359
30360
30364
30368
30374
30375
30378
30378
30384
30392
30393
30394
30399
30407
30409
30413
30418
30419
30419
30430
30434
30436
30439
30439
30441
30446
30448
30449
30450
30450
30455
30456
30457
30458
30459
30460
30465
30470
30478
30478
30488
30492
30493
30498
30504
30506
30507
30508
30510
30510
30511
30512
30512
30517
30517
30518
30519
30519
30523
30523
30525
30526
30533
30548
30548
30555
30559
30565
30566
30567
30572
30579
30580
30580
30581
30585
30587
30587
30591
30596
30598
30599
30606
30610
30613
30616
30616
30619
30622
30625
30630
30633
30636
30637
30640
30641
30647
30657
30660
30663
30665
30666
30666
30666
30669
30671
30675
30675
30682
30683
30692
30694
30700
30707
30708
30710
30717
30718
30720
30722
30727
30734
30742
30742
30747
30748
30749
30752
30758
30760
30765
30766
30766
30767
30768
30772
30777
30789
30789
30794
30796
30801
30802
30803
30804
30805
30820
30821
30822
30823
30825
30831
30834
30837
30838
30844
30845
30846
30852
30853
30853
30854
30857
30857
30863
30868
30870
30872
30873
30876
30891
30892
30892
30895
30899
30907
30909
30916
30918
30919
30922
30922
30923
30928
30929
30930
30931
30933
30936
30940
30942
30943
30948
30951
30952
30952
30953
30954
30956
30956
30963
30970
30971
30973
30975
30978
30987
30992
30995
30996
30999
30999
31003
31008
31010
31015
31017
31017
31023
31023
31026
31027
31028
31032
31035
31037
31039
31040
31042
31045
31048
31048
31049
31052
31054
31058
31066
31067
31077
31078
31080
31081
31081
31083
31087
31096
31097
31105
31105
31108
31110
31113
31116
31120
31128
31129
31131
31133
31137
31137
31141
31144
31148
31151
31153
31156
31160
31164
31164
31169
31172
31174
31177
31179
31183
31191
31192
31195
31202
31202
31205
31213
31214
31214
31214
31216
31219
31221
31224
31236
31243
31247
31252
31258
31262
31267
31270
31271
31274
31283
31292
31297
31298
31300
31301
31301
31303
31304
31310
31314
31315
31316
31316
31325
31325
31325
31331
31332
31338
31344
31345
31345
31346
31348
31351
31357
31357
31362
31363
31370
31373
31375
31381
31386
31387
31400
31401
31402
31403
31405
31407
31409
31420
31421
31423
31423
31447
31461
31464
31465
31469
31482
31484
31484
31485
31501
31515
31517
31517
31524
31525
31533
31537
31540
31545
31548
31549
31551
31553
31558
31558
31559
31566
31571
31572
31572
31572
31572
31573
31575
31578
31579
31585
31588
31594
31598
31599
31603
31607
31608
31608
31608
31608
31612
31615
31616
31620
31621
31626
31633
31638
31639
31644
31645
31645
31646
31647
31654
31654
31656
31657
31666
31672
31672
31674
31677
31684
31687
31693
31695
31698
31701
31705
31705
31708
31708
31708
31715
31716
31718
31720
31723
31727
31727
31728
31736
31737
31738
31738
31739
31742
31750
31755
31758
31760
31768
31770
31770
31771
31783
31789
31797
31799
31799
31808
31809
31811
31812
31813
31818
31823
31827
31836
31837
31837
31840
31842
31843
31844
31844
31845
31845
31845
31850
31853
31856
31861
31870
31874
31875
31877
31883
31884
31889
31893
31901
31903
31904
31905
31907
31909
31911
31913
31913
31914
31917
31918
31923
31927
31932
31934
31941
31943
31951
31952
31956
31957
31964
31965
31966
31969
31975
31976
31976
31980
31982
31982
31988
31989
31993
31996
31996
31998
32005
32006
32012
32012
32013
32021
32026
32028
32028
32030
32031
32034
32043
32044
32049
32056
32056
32057
32059
32061
32067
32068
32072
32076
32076
32078
32085
32087
32089
32089
32099
32102
32105
32106
32107
32116
32117
32118
32119
32124
32125
32131
32131
32132
32134
32134
32135
32138
32140
32141
32142
32142
32144
32145
32146
32146
32149
32150
32164
32171
32172
32177
32182
32182
32184
32186
32188
32189
32189
32201
32202
32204
32212
32213
32214
32215
32216
32217
32217
32219
32222
32223
32230
32231
32233
32234
32247
32248
32253
32255
32261
32261
32263
32264
32275
32278
32289
32290
32291
32295
32297
32297
32299
32300
32301
32304
32311
32316
32322
32324
32325
32326
32329
32329
32330
32331
32336
32339
32341
32346
32346
32351
32351
32352
32354
32354
32362
32364
32367
32372
32376
32378
32382
32383
32384
32386
32389
32395
32406
32407
32408
32411
32414
32419
32419
32421
32423
32429
32429
32431
32432
32443
32443
32446
32451
32456
32456
32456
32471
32472
32473
32473
32476
32478
32484
32485
32492
32496
32501
32508
32514
32516
32518
32519
32520
32522
32525
32534
32536
32541
32545
32550
32552
32557
32558
32568
32585
32599
32608
32610
32611
32613
32614
32616
32619
32619
32619
32624
32624
32629
32640
32641
32641
32644
32645
32655
32660
32661
32663
32665
32667
32669
32672
32675
32678
32681
32683
32692
32702
32702
32706
32706
32708
32708
32712
32714
32715
32719
32719
32720
32725
32738
32738
32749
32752
32755
32760
32761
