10000
2
3
1
5
4
7
6
9
10
8
12
11
14
13
16
17
15
19
18
21
20
23
24
22
26
25
28
27
30
31
29
33
32
35
34
37
38
36
40
39
42
41
44
45
43
47
46
49
48
51
52
50
54
53
56
55
58
59
57
61
60
63
62
65
66
64
68
67
70
69
72
73
71
75
74
77
76
79
80
78
82
81
84
83
86
85
88
87
90
89
92
91
94
93
96
95
98
99
97
101
100
103
102
105
104
107
106
109
108
111
110
113
112
115
116
114
118
117
120
119
122
121
124
123
126
125
128
127
130
129
132
131
134
135
133
137
136
139
138
141
140
143
142
145
146
144
148
147
150
149
152
151
154
153
156
155
158
157
160
159
162
161
164
165
163
167
166
169
168
171
172
170
174
173
176
175
178
177
180
181
179
183
182
185
184
187
188
186
190
189
192
191
194
195
193
197
196
199
198
201
200
203
202
205
206
204
208
207
210
209
212
213
211
215
214
217
216
219
220
221
218
223
222
225
224
227
228
226
230
229
232
231
234
235
233
237
236
239
238
241
242
240
244
243
246
245
248
247
250
251
249
253
252
255
254
257
258
256
260
259
262
261
264
265
266
263
268
267
270
269
272
273
274
271
276
275
278
277
280
281
279
283
282
285
284
287
288
286
290
289
292
291
294
295
293
297
296
299
298
301
302
300
304
303
306
305
308
309
307
311
310
313
312
315
316
314
318
317
320
319
322
321
324
323
326
327
325
329
328
331
330
333
334
332
336
335
338
337
340
341
342
339
344
343
346
345
348
349
347
351
350
353
352
355
354
357
356
359
360
358
362
361
364
363
366
365
368
367
370
371
369
373
372
375
374
377
378
376
380
379
382
381
384
385
386
383
388
387
390
389
392
393
391
395
394
397
396
399
400
398
402
401
404
403
406
407
405
409
408
411
410
413
414
412
416
415
418
417
420
419
422
421
424
423
426
425
428
427
430
429
432
431
434
433
436
435
438
439
437
441
440
443
442
445
446
444
448
447
450
449
452
453
454
451
456
455
458
457
460
461
459
463
462
465
464
467
468
466
470
469
472
471
474
475
473
477
476
479
478
481
482
480
484
483
486
485
488
489
487
491
490
493
492
495
496
494
498
497
500
499
502
503
501
505
504
507
506
509
508
511
510
513
514
512
516
515
518
517
520
519
522
521
524
523
526
525
528
527
530
529
532
533
531
535
534
537
536
539
538
541
540
543
544
542
546
545
548
547
550
549
552
551
554
553
556
555
558
557
560
559
562
563
561
565
564
567
566
569
570
568
572
571
574
573
576
575
578
579
577
581
580
583
582
585
586
584
588
587
590
589
592
591
594
595
593
597
596
599
598
601
602
600
604
603
606
605
608
609
610
607
612
611
614
613
9386
616
617
615
619
618
621
620
623
624
622
626
625
628
627
630
631
629
633
632
635
634
637
638
636
640
639
642
641
644
645
643
647
646
649
648
651
650
653
652
655
654
657
656
659
658
661
660
663
662
665
664
667
666
669
670
668
672
671
674
673
676
677
675
679
678
681
680
683
684
682
686
685
688
687
690
689
692
691
694
695
693
697
696
699
698
701
702
700
704
703
706
705
708
709
710
707
712
711
714
713
716
717
715
719
718
721
720
723
724
722
726
725
728
727
730
731
729
733
732
735
734
737
738
736
740
739
742
743
741
745
744
747
746
749
748
751
750
753
754
752
756
755
758
757
760
759
762
761
764
765
763
767
766
769
768
771
772
770
774
773
776
775
778
779
780
777
782
781
784
783
786
787
785
789
788
791
790
793
794
792
796
795
798
797
800
801
799
803
802
805
804
807
808
806
810
809
812
811
814
813
816
815
818
817
820
819
822
821
824
823
826
825
828
827
830
829
832
833
831
835
834
837
836
839
840
838
842
841
844
843
846
847
848
845
850
849
852
851
854
855
853
857
856
859
858
861
862
860
864
863
866
865
868
869
867
871
870
873
872
875
876
874
878
877
880
879
882
883
881
885
884
887
886
889
890
888
892
891
894
893
896
897
895
899
898
901
900
903
902
905
904
907
908
906
910
909
912
911
914
913
916
915
918
917
920
919
922
921
924
923
926
925
928
927
930
929
932
931
934
933
936
937
935
939
938
941
940
943
944
942
946
945
948
947
950
949
952
951
954
955
953
957
956
959
958
961
962
960
964
963
966
965
968
969
967
971
970
973
972
975
974
977
976
979
980
978
982
981
984
983
986
985
988
987
990
991
989
993
992
995
994
997
998
996
1000
999
1002
1001
1004
1005
1006
1003
1008
1007
1010
1009
1012
1013
1011
1015
1014
1017
1016
1019
1020
1018
1022
1021
1024
1023
1026
1027
1025
1029
1028
1031
1030
1033
1034
1032
1036
1035
1038
1037
1040
1039
1042
1041
1044
1043
1046
1045
1048
1047
1050
1051
1049
1053
1052
1055
1054
1057
1056
1059
1058
1061
1062
1060
1064
1063
1066
1065
1068
1069
1067
1071
1070
1073
1072
1075
1076
1077
1074
1079
1078
1081
1080
1083
1084
1082
1086
1085
1088
1087
1090
1091
1089
1093
1092
1095
1094
1097
1098
1096
1100
1099
1102
1101
1104
1105
1103
1107
1106
1109
1108
1111
1110
1113
1112
1115
1114
1117
1116
1119
1118
1121
1120
1123
1122
1125
1124
1127
1126
1129
1130
1128
1132
1131
1134
1133
1136
1137
1135
1139
1138
1141
1140
1143
1144
1142
1146
1145
1148
1147
1150
1149
1152
1151
1154
1155
1153
1157
1156
1159
1158
1161
1162
1160
1164
1163
1166
1165
1168
1169
1170
1167
1172
1171
1174
1173
1176
1177
1175
1179
1178
1181
1180
1183
1184
1182
1186
1185
1188
1187
1190
1191
1189
1193
1192
1195
1194
1197
1198
1196
1200
1199
1202
1203
1201
1205
1204
1207
1206
1209
1208
1211
1210
1213
1214
1212
1216
1215
1218
1217
1220
1219
1222
1221
1224
1223
1226
1225
1228
1227
1230
1231
1229
1233
1232
1235
1234
1237
1236
1239
1238
1241
1240
1243
1242
1245
1244
1247
1246
1249
1248
1251
1250
1253
1252
1255
1256
1254
1258
1257
1260
1259
1262
1263
1261
1265
1264
1267
1266
1269
1270
1268
1272
1271
1274
1273
1276
1275
1278
1277
1280
1281
1279
1283
1282
1285
1284
1287
1288
1286
1290
1289
1292
1291
1294
1295
1296
1293
1298
1297
1300
1299
1302
1303
1301
1305
1304
1307
1306
1309
1310
1308
1312
1311
1314
1313
1316
1317
1315
1319
1318
1321
1320
1323
1324
1322
1326
1325
1328
1329
1330
1327
1332
1331
1334
1333
1336
1337
1335
1339
1338
1341
1340
1343
1344
1342
1346
1345
1348
1347
1350
1351
1349
1353
1352
1355
1354
1357
1358
1356
1360
1359
1362
1361
1364
1365
1366
1363
1368
1367
1370
1369
1372
1373
1371
1375
1374
1377
1376
1379
1380
1378
1382
1381
1384
1383
1386
1387
1385
1389
1388
1391
1390
1393
1394
1392
1396
1395
1398
1397
1400
1399
1402
1401
1404
1403
1406
1405
1408
1407
1410
1409
1412
1411
1414
1413
1416
1415
1418
1419
1417
1421
1420
1423
1422
1425
1426
1424
1428
1427
1430
1429
1432
1433
1431
1435
1434
1437
1436
1439
1438
1441
1440
1443
1444
1442
1446
1445
1448
1447
1450
1451
1449
1453
1452
1455
1454
1457
1458
1459
1456
1461
1460
1463
1462
1465
1466
1464
1468
1467
1470
1469
1472
1473
1471
1475
1474
1477
1476
1479
1480
1478
1482
1481
1484
1483
1486
1487
1485
1489
1488
1491
1492
1490
1494
1493
1496
1495
1498
1497
1500
1499
1502
1503
1501
1505
1504
1507
1506
1509
1508
1511
1510
1513
1514
1512
1516
1515
1518
1517
1520
1521
1519
1523
1522
1525
1524
1527
1528
1529
1526
1531
1530
1533
1532
1535
1536
1534
1538
1537
1540
1539
1542
1543
1541
1545
1544
1547
1546
1549
1550
1548
1552
1551
1554
1553
1556
1557
1555
1559
1558
1561
1560
1563
1562
1565
1564
1567
1566
1569
1568
1571
1570
1573
1572
1575
1574
1577
1576
1579
1578
1581
1582
1580
1584
1583
1586
1585
1588
1589
1587
1591
1590
1593
1592
1595
1596
1597
1594
1599
1598
1601
1600
1603
1604
1602
1606
1605
1608
1607
1610
1611
1609
1613
1612
1615
1614
1617
1618
1616
1620
1619
1622
1621
1624
1625
1623
1627
1626
1629
1628
1631
1632
1630
1634
1633
1636
1635
1638
1639
1637
1641
1640
1643
1642
1645
1646
1644
1648
1647
1650
1649
1652
1651
1654
1653
1656
1657
1655
1659
1658
1661
1660
1663
1662
1665
1664
1667
1666
1669
1668
1671
1670
1673
1674
1672
1676
1675
1678
1677
1680
1679
1682
1681
1684
1685
1683
1687
1686
1689
1688
1691
1692
1690
1694
1693
1696
1695
1698
1699
1697
1701
1700
1703
1702
1705
1704
1707
1706
1709
1710
1708
1712
1711
1714
1713
1716
1715
1718
1717
1720
1721
1719
1723
1722
1725
1724
1727
1728
1726
1730
1729
1732
1731
1734
1735
1736
1733
1738
1737
1740
1739
1742
1743
1741
1745
1744
1747
1746
1749
1750
1748
1752
1751
1754
1753
1756
1757
1755
1759
1758
1761
1760
1763
1764
1762
1766
1765
1768
1767
1770
1769
1772
1771
1774
1773
1776
1775
1778
1777
1780
1781
1779
1783
1782
1785
1784
1787
1786
1789
1788
1791
1792
1790
1794
1793
1796
1795
1798
1799
1797
1801
1800
1803
1802
1805
1806
1807
1804
1809
1808
1811
1810
1813
1814
1812
1816
1815
1818
1817
1820
1821
1819
1823
1822
1825
1824
1827
1828
1826
1830
1829
1832
1831
1834
1835
1833
1837
1836
1839
1838
1841
1840
1843
1842
1845
1844
1847
1846
1849
1848
1851
1850
1853
1852
1855
1854
1857
1856
1859
1860
1858
1862
1861
1864
1863
1866
1867
1865
1869
1868
1871
1870
1873
1874
1872
1876
1875
1878
1877
1880
1879
1882
1881
1884
1885
1883
1887
1886
1889
1888
1891
1892
1890
1894
1893
1896
1895
1898
1899
1900
1897
1902
1901
1904
1903
1906
1907
1905
1909
1908
1911
1910
1913
1914
1912
1916
1915
1918
1917
1920
1921
1919
1923
1922
1925
1924
1927
1928
1926
1930
1929
1932
1933
1934
1931
1936
1935
1938
1937
1940
1941
1939
1943
1942
1945
1944
1947
1948
1946
1950
1949
1952
1951
1954
1955
1953
1957
1956
1959
1958
1961
1962
1960
1964
1963
1966
1965
1968
1967
1970
1969
1972
1971
1974
1973
1976
1975
1978
1977
1980
1979
1982
1981
1984
1983
1986
1987
1985
1989
1988
1991
1990
1993
1994
1992
1996
1995
1998
1997
2000
2001
1999
2003
2002
2005
2004
2007
2006
2009
2008
2011
2012
2010
2014
2013
2016
2015
2018
2019
2017
2021
2020
2023
2022
2025
2026
2027
2024
2029
2028
2031
2030
2033
2034
2032
2036
2035
2038
2037
2040
2041
2039
2043
2042
2045
2044
2047
2048
2046
2050
2049
2052
2051
2054
2055
2053
2057
2056
2059
2060
2058
2062
2061
2064
2063
2066
2065
2068
2067
2070
2071
2069
2073
2072
2075
2074
2077
2076
2079
2078
2081
2080
2083
2082
2085
2084
2087
2088
2086
2090
2089
2092
2091
2094
2093
2096
2095
2098
2099
2097
2101
2100
2103
2102
2105
2104
2107
2106
2109
2110
2108
2112
2111
2114
2113
2116
2117
2115
2119
2118
2121
2120
2123
2124
2125
2122
2127
2126
2129
2128
2131
2132
2130
2134
2133
2136
2135
2138
2139
2137
2141
2140
2143
2142
2145
2146
2144
2148
2147
2150
2149
2152
2153
2151
2155
2154
2157
2156
2159
2158
2161
2160
2163
2162
2165
2164
2167
2166
2169
2168
2171
2170
2173
2172
2175
2174
2177
2178
2176
2180
2179
2182
2181
2184
2185
2183
2187
2186
2189
2188
2191
2192
2193
2190
2195
2194
2197
2196
2199
2200
2198
2202
2201
2204
2203
2206
2207
2205
2209
2208
2211
2210
2213
2214
2212
2216
2215
2218
2217
2220
2221
2219
2223
2222
2225
2224
2227
2228
2226
2230
2229
2232
2231
2234
2235
2233
2237
2236
2239
2238
2241
2242
2240
2244
2243
2246
2245
2248
2247
2250
2249
2252
2253
2251
2255
2254
2257
2256
2259
2258
2261
2260
2263
2262
2265
2264
2267
2266
2269
2270
2268
2272
2271
2274
2273
2276
2277
2275
2279
2278
2281
2280
2283
2282
2285
2284
2287
2286
2289
2288
2291
2290
2293
2292
2295
2296
2294
2298
2297
2300
2299
2302
2303
2301
2305
2304
2307
2306
2309
2308
2311
2310
2313
2314
2312
2316
2315
2318
2317
2320
2321
2319
2323
2322
2325
2324
2327
2328
2326
2330
2329
2332
2331
2334
2333
2336
2335
2338
2339
2337
2341
2340
2343
2342
2345
2344
2347
2346
2349
2350
2348
2352
2351
2354
2353
2356
2357
2355
2359
2358
2361
2360
2363
2364
2365
2362
2367
2366
2369
2368
2371
2372
2370
2374
2373
2376
2375
2378
2379
2377
2381
2380
2383
2382
2385
2386
2384
2388
2387
2390
2389
2392
2393
2391
2395
2394
2397
2396
2399
2398
2401
2400
2403
2402
2405
2404
2407
2406
2409
2410
2408
2412
2411
2414
2413
2416
2417
2415
2419
2418
2421
2420
2423
2424
2422
2426
2425
2428
2427
2430
2429
2432
2431
2434
2433
2436
2435
2438
2437
2440
2441
2439
2443
2442
2445
2444
2447
2446
2449
2448
2451
2450
2453
2452
2455
2454
2457
2458
2456
2460
2459
2462
2461
2464
2463
2466
2465
2468
2467
2470
2469
2472
2471
2474
2473
2476
2475
2478
2477
2480
2479
2482
2483
2481
2485
2484
2487
2486
2489
2490
2488
2492
2491
2494
2493
2496
2497
2498
2495
2500
2499
2502
2501
2504
2505
2503
2507
2506
2509
2508
2511
2510
2513
2512
2515
2514
2517
2516
2519
2518
2521
2520
2523
2522
2525
2524
2527
2526
2529
2530
2528
2532
2531
2534
2533
2536
2537
2535
2539
2538
2541
2540
2543
2544
2545
2542
2547
2546
2549
2548
2551
2552
2550
2554
2553
2556
2555
2558
2559
2557
2561
2560
2563
2562
2565
2566
2564
2568
2567
2570
2569
2572
2573
2571
2575
2574
2577
2576
2579
2580
2578
2582
2581
2584
2583
2586
2587
2585
2589
2588
2591
2590
2593
2594
2592
2596
2595
2598
2597
2600
2599
2602
2601
2604
2605
2603
2607
2606
2609
2608
2611
2610
2613
2612
2615
2614
2617
2616
2619
2618
7380
2621
2622
2620
2624
2623
2626
2625
2628
2629
2627
2631
2630
2633
2632
2635
2636
2634
2638
2637
2640
2639
2642
2643
2641
2645
2644
2647
2646
2649
2650
2648
2652
2651
2654
2653
2656
2655
2658
2657
2660
2659
2662
2661
2664
2663
2666
2665
2668
2667
2670
2669
2672
2671
2674
2675
2673
2677
2676
2679
2678
2681
2682
2680
2684
2683
2686
2685
2688
2689
2687
2691
2690
2693
2692
2695
2694
2697
2696
2699
2700
2698
2702
2701
2704
2703
2706
2707
2705
2709
2708
2711
2710
2713
2714
2715
2712
2717
2716
2719
2718
2721
2722
2720
2724
2723
2726
2725
2728
2729
2727
2731
2730
2733
2732
2735
2736
2734
2738
2737
2740
2739
2742
2743
2741
2745
2744
2747
2748
2746
2750
2749
2752
2751
2754
2753
2756
2755
2758
2757
2760
2761
2762
2759
2764
2763
2766
2765
2768
2769
2767
2771
2770
2773
2772
2775
2774
2777
2776
2779
2778
2781
2782
2780
2784
2783
2786
2785
2788
2787
2790
2789
2792
2791
2794
2793
2796
2795
2798
2797
2800
2799
2802
2803
2801
2805
2804
2807
2806
2809
2810
2808
2812
2811
2814
2813
2816
2817
2815
2819
2818
2821
2820
2823
2822
2825
2824
2827
2826
2829
2830
2828
2832
2831
2834
2833
2836
2835
2838
2837
2840
2841
2839
2843
2842
2845
2844
2847
2846
2849
2848
2851
2850
2853
2852
2855
2854
2857
2856
2859
2860
2858
2862
2861
2864
2863
2866
2867
2865
2869
2868
2871
2870
2873
2872
2875
2876
2874
2878
2877
2880
2879
2882
2883
2881
2885
2884
2887
2886
2889
2888
2891
2892
2890
2894
2893
2896
2895
2898
2899
2897
2901
2900
2903
2902
2905
2906
2907
2904
2909
2908
2911
2910
2913
2914
2912
2916
2915
2918
2917
2920
2919
2922
2921
2924
2925
2923
2927
2926
2929
2928
2931
2930
2933
2934
2935
2932
2937
2936
2939
2938
2941
2942
2940
2944
2943
2946
2945
2948
2949
2947
2951
2950
2953
2952
2955
2956
2954
2958
2957
2960
2959
2962
2963
2964
2961
2966
2965
2968
2967
2970
2971
2969
2973
2972
2975
2974
2977
2978
2976
2980
2979
2982
2981
2984
2985
2983
2987
2986
2989
2988
2991
2992
2990
2994
2993
2996
2995
2998
2997
3000
2999
3002
3001
3004
3005
3003
3007
3006
3009
3008
3011
3012
3010
3014
3013
3016
3015
3018
3019
3020
3017
3022
3021
3024
3023
3026
3027
3028
3025
3030
3029
3032
3031
3034
3035
3033
3037
3036
3039
3040
3041
3038
3043
3042
3045
3044
3047
3048
3049
3046
3051
3050
3053
3052
3055
3056
3054
3058
3057
3060
3059
3062
3063
3061
3065
3064
3067
3066
3069
3070
3068
3072
3071
3074
3073
3076
3077
3075
3079
3078
3081
3080
3083
3082
3085
3084
3087
3086
3089
3088
3091
3090
3093
3092
3095
3094
3097
3096
3099
3098
3101
3102
3100
3104
3103
3106
3105
3108
3109
3107
3111
3110
3113
3112
3115
3116
3114
3118
3117
3120
3119
3122
3121
3124
3123
3126
3127
3125
3129
3128
3131
3130
3133
3134
3132
3136
3135
3138
3137
3140
3141
3142
3139
3144
3143
3146
3145
3148
3149
3147
3151
3150
3153
3152
3155
3156
3154
3158
3157
3160
3159
3162
3163
3161
3165
3164
3167
3166
3169
3170
3168
3172
3171
3174
3173
3176
3177
3178
3175
3180
3179
3182
3181
3184
3185
3183
3187
3186
3189
3188
3191
3190
3193
3192
3195
3194
3197
3198
3196
3200
3199
3202
3201
3204
3203
3206
3205
3208
3207
3210
3209
3212
3211
3214
3213
3216
3215
3218
3219
3217
3221
3220
3223
3222
3225
3226
3224
3228
3227
3230
3229
3232
3233
3231
3235
3234
3237
3236
3239
3238
3241
3240
3243
3244
3242
3246
3245
3248
3247
3250
3249
3252
3251
3254
3255
3253
3257
3256
3259
3258
3261
3262
3260
3264
3263
3266
3265
3268
3269
3270
3267
3272
3271
3274
3273
3276
3277
3275
3279
3278
3281
3280
3283
3284
3282
3286
3285
3288
3287
3290
3291
3289
3293
3292
3295
3294
3297
3298
3296
3300
3299
3302
3301
3304
3303
3306
3305
3308
3307
3310
3309
3312
3311
3314
3315
3313
3317
3316
3319
3318
3321
3322
3320
3324
3323
3326
3325
3328
3329
3327
3331
3330
3333
3332
3335
3334
3337
3336
3339
3338
3341
3340
3343
3342
3345
3346
3344
3348
3347
3350
3349
3352
3351
3354
3353
3356
3357
3355
3359
3358
3361
3360
3363
3364
3362
3366
3365
3368
3367
3370
3371
3369
3373
3372
3375
3374
3377
3376
3379
3378
3381
3382
3380
3384
3383
3386
3385
3388
3387
3390
3389
3392
3393
3391
3395
3394
3397
3396
3399
3400
3398
3402
3401
3404
3403
3406
3407
3408
3405
3410
3409
3412
3411
3414
3415
3413
3417
3416
3419
3418
3421
3422
3420
3424
3423
3426
3425
3428
3429
3427
3431
3430
3433
3432
3435
3436
3434
3438
3437
3440
3439
3442
3441
3444
3443
3446
3445
3448
3447
3450
3449
3452
3451
3454
3455
3453
3457
3456
3459
3458
3461
3462
3460
3464
3463
3466
3465
3468
3469
3470
3467
3472
3471
3474
3473
3476
3477
3475
3479
3478
3481
3480
3483
3484
3482
3486
3485
3488
3487
3490
3491
3489
3493
3492
3495
3494
3497
3498
3496
3500
3499
3502
3501
3504
3505
3503
3507
3506
3509
3508
3511
3512
3510
3514
3513
3516
3515
3518
3519
3517
3521
3520
3523
3522
3525
3526
3524
3528
3527
3530
3529
3532
3533
3531
3535
3534
3537
3536
3539
3540
3541
3538
3543
3542
3545
3544
3547
3548
3546
3550
3549
3552
3551
3554
3555
3553
3557
3556
3559
3558
3561
3562
3560
3564
3563
3566
3565
3568
3569
3567
3571
3570
3573
3572
3575
3576
3574
3578
3577
3580
3579
3582
3583
3581
3585
3584
3587
3586
3589
3590
3588
3592
3591
3594
3593
3596
3597
3595
3599
3598
3601
3600
3603
3604
3602
3606
3605
3608
3607
3610
3611
3609
3613
3612
3615
3614
3617
3618
3616
3620
3619
3622
3621
3624
3625
3623
3627
3626
3629
3628
3631
3630
3633
3632
3635
3634
3637
3636
3639
3638
3641
3640
3643
3642
3645
3644
3647
3646
3649
3650
3648
3652
3651
3654
3653
3656
3657
3655
3659
3658
3661
3660
3663
3664
3662
3666
3665
3668
3667
3670
3669
3672
3671
3674
3675
3673
3677
3676
3679
3678
3681
3682
3680
3684
3683
3686
3685
3688
3689
3690
3687
3692
3691
3694
3693
3696
3697
3695
3699
3698
3701
3700
3703
3704
3702
3706
3705
3708
3707
3710
3711
3709
3713
3712
3715
3714
3717
3718
3716
3720
3719
3722
3723
3721
3725
3724
3727
3726
3729
3730
3728
3732
3731
3734
3733
3736
3737
3735
3739
3738
3741
3740
3743
3742
3745
3744
3747
3748
3746
3750
3749
3752
3751
3754
3753
3756
3755
3758
3759
3757
3761
3760
3763
3762
3765
3766
3764
3768
3767
3770
3769
3772
3773
3774
3771
3776
3775
3778
3777
3780
3781
3779
3783
3782
3785
3784
3787
3788
3786
3790
3789
3792
3791
3794
3795
3793
3797
3796
3799
3798
3801
3802
3800
3804
3803
3806
3805
3808
3807
3810
3809
3812
3811
3814
3813
3816
3815
3818
3817
3820
3821
3819
3823
3822
3825
3824
3827
3826
3829
3828
3831
3832
3830
3834
3833
3836
3835
3838
3837
3840
3839
3842
3843
3841
3845
3844
3847
3846
3849
3850
3848
3852
3851
3854
3853
3856
3857
3858
3855
3860
3859
3862
3861
3864
3865
3863
3867
3866
3869
3868
3871
3872
3870
3874
3873
3876
3875
3878
3879
3877
3881
3880
3883
3882
3885
3886
3884
3888
3887
3890
3889
3892
3891
3894
3893
3896
3895
3898
3897
3900
3899
3902
3903
3904
3901
3906
3905
3908
3907
3910
3911
3909
3913
3912
3915
3914
3917
3918
3916
3920
3919
3922
3921
3924
3925
3923
3927
3926
3929
3928
3931
3932
3930
3934
3933
3936
3935
3938
3939
3937
3941
3940
3943
3942
3945
3946
3944
3948
3947
3950
3949
3952
3953
3951
3955
3954
3957
3956
3959
3960
3958
3962
3961
3964
3963
3966
3967
3965
3969
3968
3971
3970
3973
3974
3972
3976
3975
3978
3977
3980
3981
3979
3983
3982
3985
3984
3987
3988
3986
3990
3989
3992
3991
3994
3993
3996
3995
3998
3997
4000
3999
4002
4001
4004
4003
4006
4005
4008
4007
4010
4009
4012
4013
4011
4015
4014
4017
4016
4019
4020
4018
4022
4021
4024
4023
4026
4027
4025
4029
4028
4031
4030
4033
4032
4035
4034
4037
4038
4036
4040
4039
4042
4041
4044
4045
4043
4047
4046
4049
4048
4051
4052
4053
4050
4055
4054
4057
4056
4059
4060
4058
4062
4061
4064
4063
4066
4067
4065
4069
4068
4071
4070
4073
4074
4072
4076
4075
4078
4077
4080
4081
4079
4083
4082
4085
4084
4087
4088
4086
4090
4089
4092
4091
4094
4093
4096
4095
4098
4099
4097
4101
4100
4103
4102
4105
4104
4107
4106
4109
4108
4111
4110
4113
4112
4115
4114
4117
4118
4116
4120
4119
4122
4121
4124
4125
4123
4127
4126
4129
4128
4131
4130
4133
4134
4132
4136
4135
4138
4137
4140
4141
4139
4143
4142
4145
4144
4147
4148
4146
4150
4149
4152
4151
4154
4153
4156
4155
4158
4159
4157
4161
4160
4163
4162
4165
4166
4164
4168
4167
4170
4169
4172
4173
4174
4171
4176
4175
4178
4177
4180
4181
4179
4183
4182
4185
4184
4187
4188
4186
4190
4189
4192
4191
4194
4195
4193
4197
4196
4199
4198
4201
4202
4203
4200
4205
4204
4207
4206
4209
4210
4208
4212
4211
4214
4213
4216
4217
4215
4219
4218
4221
4220
4223
4224
4222
4226
4225
4228
4227
4230
4231
4229
4233
4232
4235
4234
4237
4238
4236
4240
4239
4242
4241
4244
4245
4243
4247
4246
4249
4248
4251
4252
4250
4254
4253
4256
4255
4258
4259
4257
4261
4260
4263
4262
4265
4266
4264
4268
4267
4270
4269
4272
4273
4271
4275
4274
4277
4276
4279
4280
4278
4282
4281
4284
4283
4286
4287
4285
4289
4288
4291
4290
4293
4294
4292
4296
4295
4298
4297
4300
4301
4299
4303
4302
4305
4304
4307
4308
4306
4310
4309
4312
4311
4314
4313
4316
4315
4318
4317
4320
4321
4319
4323
4322
4325
4324
4327
4326
4329
4328
4331
4332
4330
4334
4333
4336
4335
4338
4337
4340
4339
4342
4341
4344
4343
4346
4345
4348
4347
4350
4351
4349
4353
4352
4355
4354
4357
4358
4356
4360
4359
4362
4361
4364
4363
4366
4367
4365
4369
4368
4371
4370
4373
4374
4372
4376
4375
4378
4377
4380
4379
4382
4383
4381
4385
4384
4387
4386
4389
4390
4388
4392
4391
4394
4393
4396
4397
4398
4395
4400
4399
4402
4401
4404
4405
4403
4407
4406
4409
4408
4411
4410
4413
4412
4415
4416
4414
4418
4417
4420
4419
4422
4421
4424
4425
4426
4423
4428
4427
4430
4429
4432
4433
4431
4435
4434
4437
4436
4439
4440
4438
4442
4441
4444
4443
4446
4447
4445
4449
4448
4451
4450
4453
4454
4452
4456
4455
4458
4457
4460
4461
4459
4463
4462
4465
4464
4467
4466
4469
4468
4471
4470
4473
4474
4472
4476
4475
4478
4477
4480
4481
4479
4483
4482
4485
4484
4487
4488
4486
4490
4489
4492
4491
4494
4495
4496
4493
4498
4497
4500
4499
4502
4503
4501
4505
4504
4507
4506
4509
4510
4508
4512
4511
4514
4513
4516
4517
4515
4519
4518
4521
4520
4523
4524
4522
4526
4525
4528
4527
4530
4531
4529
4533
4532
4535
4534
4537
4538
4536
4540
4539
4542
4541
4544
4545
4543
4547
4546
4549
4548
4551
4552
4550
4554
4553
4556
4555
4558
4559
4557
4561
4560
4563
4562
4565
4566
4564
4568
4567
4570
4569
4572
4573
4571
4575
4574
4577
4576
4579
4580
4578
4582
4581
4584
4583
4586
4587
4585
4589
4588
4591
4590
4593
4594
4592
4596
4595
4598
4597
4600
4599
4602
4603
4601
4605
4604
4607
4606
4609
4610
4608
4612
4611
4614
4613
4616
4617
4618
4615
4620
4619
4622
4621
4624
4625
4626
4623
4628
4627
4630
4629
4632
4633
4631
4635
4634
4637
4636
4639
4640
4638
4642
4641
4644
4643
4646
4647
4645
4649
4648
4651
4650
4653
4654
4652
4656
4655
4658
4657
4660
4661
4659
4663
4662
4665
4664
4667
4668
4666
4670
4669
4672
4671
4674
4675
4673
4677
4676
4679
4678
4681
4682
4680
4684
4683
4686
4685
4688
4689
4687
4691
4690
4693
4692
4695
4696
4694
4698
4697
4700
4699
4702
4703
4701
4705
4704
4707
4706
4709
4710
4708
4712
4711
4714
4713
4716
4715
4718
4717
4720
4719
4722
4721
4724
4723
4726
4725
4728
4727
4730
4729
4732
4733
4731
4735
4734
4737
4736
4739
4740
4738
4742
4741
4744
4743
4746
4747
4745
4749
4748
4751
4750
4753
4754
4752
4756
4755
4758
4757
4760
4759
4762
4761
4764
4763
4766
4765
4768
4767
4770
4769
4772
4773
4771
4775
4774
4777
4776
4779
4780
4778
4782
4781
4784
4783
4786
4787
4785
4789
4788
4791
4790
4793
4794
4792
4796
4795
4798
4797
4800
4799
4802
4801
4804
4803
4806
4805
4808
4807
4810
4809
4812
4811
4814
4813
4816
4815
4818
4819
4817
4821
4820
4823
4822
4825
4826
4824
4828
4827
4830
4829
4832
4833
4831
4835
4834
4837
4836
4839
4838
4841
4840
4843
4842
4845
4846
4844
4848
4847
4850
4849
5148
4851
4853
4854
4855
4852
4857
4856
4859
4858
4861
4862
4860
4864
4863
4866
4865
4868
4867
4870
4869
4872
4871
4874
4875
4873
4877
4876
4879
4878
4881
4880
4883
4884
4885
4882
4887
4886
4889
4888
4891
4892
4890
4894
4893
4896
4895
4898
4899
4897
4901
4900
4903
4902
4905
4906
4904
4908
4907
4910
4909
4912
4913
4911
4915
4914
4917
4916
4919
4918
4921
4920
4923
4922
4925
4926
4924
4928
4927
4930
4929
4932
4933
4931
4935
4934
4937
4936
4939
4940
4941
4938
4943
4942
4945
4944
4947
4948
4949
4946
4951
4950
4953
4952
5044
4955
4954
4957
4956
4959
4958
4961
4960
4963
4962
4965
4964
4967
4966
4969
4968
4971
4972
4970
4974
4973
4976
4975
4978
4979
4977
4981
4980
4983
4982
5013
4985
4984
4987
4986
4989
4988
4991
4990
4993
4994
4992
4996
4995
4998
4997
4999
5001
5000
5003
5002
5005
5006
5004
5008
5007
5010
5009
5012
5011
5015
5014
5017
5018
5019
5016
5021
5020
5023
5022
5025
5026
5024
5028
5027
5030
5029
5032
5033
5031
5035
5034
5037
5036
5039
5040
5038
5042
5041
5045
5043
5047
5048
5046
5050
5049
5052
5051
5054
5053
5056
5055
5058
5057
5060
5061
5059
5063
5062
5065
5064
5067
5068
5066
5070
5069
5072
5071
5074
5075
5076
5073
5078
5077
5080
5079
5082
5083
5081
5085
5084
5087
5086
5089
5088
5091
5090
5093
5094
5092
5096
5095
5098
5097
5100
5099
5102
5101
5104
5103
5106
5105
5108
5107
5110
5111
5109
5113
5112
5115
5114
5117
5116
5119
5118
5121
5120
5123
5122
5125
5124
5127
5126
5129
5128
5131
5130
5133
5132
5135
5136
5134
5138
5137
5140
5139
5142
5143
5141
5145
5144
5147
5146
5150
5151
5149
5153
5152
5155
5154
5157
5156
5159
5158
5161
5162
5160
5164
5163
5166
5165
5168
5169
5167
5171
5170
5173
5172
5175
5176
5177
5174
5179
5178
5181
5180
5183
5184
5182
5186
5185
5188
5187
5190
5191
5189
5193
5192
5195
5194
5197
5198
5196
5200
5199
5202
5201
5204
5205
5203
5207
5206
5209
5210
5208
5212
5211
5214
5213
5216
5215
5218
5217
5220
5221
5219
5223
5222
5225
5224
5227
5226
5229
5228
5231
5232
5230
5234
5233
5236
5235
5238
5239
5237
5241
5240
5243
5242
5245
5246
5247
5244
5249
5248
5251
5250
5253
5254
5252
5256
5255
5258
5257
5260
5261
5259
5263
5262
5265
5264
5267
5268
5266
5270
5269
5272
5271
5274
5275
5273
5277
5276
5279
5278
5281
5280
5283
5282
5285
5284
5287
5286
5289
5288
5291
5290
5293
5292
5295
5294
5297
5296
5299
5300
5298
5302
5301
5304
5303
5306
5307
5305
5309
5308
5311
5310
5313
5314
5315
5312
5317
5316
5319
5318
5321
5322
5320
5324
5323
5326
5325
5328
5329
5327
5331
5330
5333
5332
5335
5336
5334
5338
5337
5340
5339
5342
5343
5341
5345
5344
5347
5346
5349
5350
5348
5352
5351
5354
5353
5356
5357
5355
5359
5358
5361
5360
5363
5364
5362
5366
5365
5368
5367
5370
5369
5372
5371
5374
5375
5373
5377
5376
5379
5378
5381
5380
5383
5382
5385
5384
5387
5386
5389
5388
5391
5392
5393
5390
5395
5394
5397
5396
5399
5400
5398
5402
5401
5404
5403
5406
5407
5405
5409
5408
5411
5410
5413
5414
5412
5416
5415
5418
5417
5420
5421
5419
5423
5422
5425
5424
5427
5428
5426
5430
5429
5432
5431
5434
5435
5433
5437
5436
5439
5438
5441
5442
5440
5444
5443
5446
5445
5448
5449
5447
5451
5450
5453
5452
5455
5456
5454
5458
5457
5460
5459
5462
5463
5461
5465
5464
5467
5466
5469
5470
5468
5472
5471
5474
5473
5476
5477
5475
5479
5478
5481
5480
5483
5482
5485
5484
5487
5486
5489
5488
5491
5490
5493
5492
5495
5494
5497
5496
5499
5500
5498
5502
5501
5504
5503
5506
5507
5505
5509
5508
5511
5510
5513
5514
5512
5516
5515
5518
5517
5520
5521
5519
5523
5522
5525
5524
5527
5526
5529
5528
5531
5530
5533
5532
5535
5534
5537
5536
5539
5540
5538
5542
5541
5544
5543
5546
5547
5545
5549
5548
5551
5550
5553
5554
5552
5556
5555
5558
5557
5560
5561
5559
5563
5562
5565
5564
5567
5568
5566
5570
5569
5572
5571
5574
5573
5576
5575
5578
5577
5580
5579
5582
5581
5584
5583
5586
5585
5588
5587
5590
5589
5592
5593
5591
5595
5594
5597
5596
5599
5600
5598
5602
5601
5604
5603
5606
5607
5605
5609
5608
5611
5610
5613
5612
5615
5614
5617
5618
5616
5620
5619
5622
5621
5624
5625
5623
5627
5626
5629
5628
5631
5632
5633
5630
5635
5634
5637
5636
5639
5640
5638
5642
5641
5644
5643
5646
5647
5645
5649
5648
5651
5650
5653
5654
5652
5656
5655
5658
5657
5660
5661
5659
5663
5662
5665
5666
5667
5664
5669
5668
5671
5670
5673
5674
5672
5676
5675
5678
5677
5680
5681
5679
5683
5682
5685
5684
5687
5688
5686
5690
5689
5692
5691
5694
5695
5693
5697
5696
5699
5698
5701
5700
5703
5702
5705
5704
5707
5706
5709
5708
5711
5710
5713
5712
5715
5714
5717
5716
5719
5720
5718
5722
5721
5724
5723
5726
5727
5725
5729
5728
5731
5730
5733
5734
5732
5736
5735
5738
5737
5740
5739
5742
5741
5744
5745
5743
5747
5746
5749
5748
5751
5752
5750
5754
5753
5756
5755
5758
5759
5760
5757
5762
5761
5764
5763
5766
5767
5765
5769
5768
5771
5770
5773
5774
5772
5776
5775
5778
5777
5780
5781
5779
5783
5782
5785
5784
5787
5788
5786
5790
5789
5792
5791
5794
5795
5796
5793
5798
5797
5800
5799
5802
5803
5801
5805
5804
5807
5806
5809
5808
5811
5810
5813
5812
5815
5816
5814
5818
5817
5820
5819
5822
5821
5824
5823
5826
5825
5828
5827
5830
5829
5832
5831
5834
5833
5836
5837
5835
5839
5838
5841
5840
5843
5844
5842
5846
5845
5848
5847
5850
5851
5849
5853
5852
5855
5854
5857
5856
5859
5858
5861
5862
5860
5864
5863
5866
5865
5868
5867
5870
5869
5872
5873
5871
5875
5874
5877
5876
5879
5880
5878
5882
5881
5884
5883
5886
5887
5888
5885
5890
5889
5892
5891
5894
5895
5893
5897
5896
5899
5898
5901
5902
5900
5904
5903
5906
5905
5908
5909
5907
5911
5910
5913
5912
5915
5916
5914
5918
5917
5920
5919
5922
5921
5924
5923
5926
5925
5928
5927
5930
5929
5932
5933
5931
5935
5934
5937
5936
5939
5940
5938
5942
5941
5944
5943
5946
5947
5945
5949
5948
5951
5950
5953
5952
5955
5954
5957
5956
5959
5958
5961
5960
5963
5962
5965
5964
5967
5966
5969
5968
5971
5972
5970
5974
5973
5976
5975
5978
5979
5977
5981
5980
5983
5982
5985
5986
5984
5988
5987
5990
5989
5992
5991
5994
5993
5996
5997
5995
5999
5998
6001
6000
6003
6004
6002
6006
6005
6008
6007
6010
6011
6012
6009
6014
6013
6016
6015
6018
6019
6017
6021
6020
6023
6022
6025
6026
6024
6028
6027
6030
6029
6032
6033
6031
6035
6034
6037
6036
6039
6040
6038
6042
6041
6044
6045
6043
6047
6046
6049
6048
6051
6050
6053
6052
6055
6054
6057
6058
6056
6060
6059
6062
6061
6064
6063
6066
6065
6068
6069
6067
6071
6070
6073
6072
6075
6074
6077
6076
6079
6078
6081
6080
6083
6082
6085
6084
6087
6088
6086
6090
6089
6092
6091
6094
6095
6093
6097
6096
6099
6098
6101
6100
6103
6104
6102
6106
6105
6108
6107
6110
6111
6109
6113
6112
6115
6114
6117
6116
6119
6120
6118
6122
6121
6124
6123
6126
6127
6125
6129
6128
6131
6130
6133
6134
6135
6132
6137
6136
6139
6138
6141
6142
6143
6140
6145
6144
6147
6146
6149
6150
6148
6152
6151
6154
6153
6156
6157
6155
6159
6158
6161
6160
6163
6164
6162
6166
6165
6168
6167
6170
6171
6169
6173
6172
6175
6174
6177
6178
6176
6180
6179
6182
6181
6184
6185
6183
6187
6186
6189
6188
6191
6192
6190
6194
6193
6196
6195
6198
6199
6197
6201
6200
6203
6202
6205
6206
6204
6208
6207
6210
6209
6212
6213
6211
6215
6214
6217
6216
6219
6220
6218
6222
6221
6224
6223
6226
6227
6225
6229
6228
6231
6230
6233
6234
6232
6236
6235
6238
6237
6240
6241
6239
6243
6242
6245
6244
6247
6246
6249
6248
6251
6250
6253
6252
6255
6254
6257
6256
6259
6260
6258
6262
6261
6264
6263
6266
6267
6265
6269
6268
6271
6270
6273
6274
6272
6276
6275
6278
6279
6277
6281
6280
6283
6282
6285
6284
6287
6286
6289
6290
6288
6292
6291
6294
6293
6296
6297
6295
6299
6298
6301
6300
6303
6304
6302
6306
6305
6308
6307
6310
6309
6312
6311
6314
6315
6313
6317
6316
6319
6318
6321
6320
6323
6322
6325
6326
6324
6328
6327
6330
6329
6332
6333
6331
6335
6334
6337
6336
6339
6340
6341
6338
6343
6342
6345
6344
6347
6348
6346
6350
6349
6352
6351
6354
6355
6353
6357
6356
6359
6358
6361
6362
6360
6364
6363
6366
6365
6368
6369
6367
6371
6370
6373
6372
6375
6374
6377
6376
6379
6378
6381
6380
6383
6382
6385
6386
6384
6388
6387
6390
6389
6392
6391
6394
6393
6396
6395
6398
6399
6400
6397
6402
6401
6404
6403
6406
6407
6405
6409
6408
6411
6410
6413
6412
6415
6414
6417
6416
6419
6420
6418
6422
6421
6424
6423
6426
6425
6428
6427
6430
6429
6432
6431
6434
6433
6436
6435
6438
6437
6440
6441
6439
6443
6442
6445
6444
6447
6448
6446
6450
6449
6452
6451
6454
6455
6453
6457
6456
6459
6458
6461
6460
6463
6462
6465
6464
6467
6468
6469
6466
6471
6470
6473
6472
6475
6476
6474
6478
6477
6480
6479
6482
6481
6484
6483
6486
6485
6488
6489
6487
6491
6490
6493
6492
6495
6494
6497
6496
6499
6498
6501
6500
6503
6502
6505
6504
6507
6506
6509
6510
6508
6512
6511
6514
6513
6516
6517
6515
6519
6518
6521
6520
6523
6524
6522
6526
6525
6528
6527
6530
6529
6532
6531
6534
6533
6536
6535
6538
6537
6540
6541
6542
6539
6544
6543
6546
6545
6548
6549
6547
6551
6550
6553
6552
6555
6556
6554
6558
6557
6560
6559
6562
6563
6561
6565
6564
6567
6566
6569
6570
6568
6572
6571
6574
6573
6576
6577
6575
6579
6578
6581
6580
6583
6584
6582
6586
6585
6588
6587
6590
6591
6589
6593
6592
6595
6594
6597
6598
6596
6600
6599
6602
6601
6604
6605
6603
6607
6606
6609
6608
6611
6612
6610
6614
6613
6616
6615
6618
6619
6617
6621
6620
6623
6622
6625
6626
6624
6628
6627
6630
6629
6632
6631
6634
6633
6636
6635
6638
6637
6640
6639
6642
6641
6644
6643
6646
6645
6648
6649
6647
6651
6650
6653
6652
6655
6656
6654
6658
6657
6660
6659
6662
6663
6661
6665
6664
6667
6666
6669
6670
6668
6672
6671
6674
6673
6676
6675
6678
6677
6680
6679
6682
6681
6684
6683
6686
6685
6688
6689
6687
6691
6690
6693
6692
6695
6696
6694
6698
6697
6700
6699
6702
6703
6701
6705
6704
6707
6706
6709
6710
6708
6712
6711
6714
6713
6716
6715
6718
6717
6720
6719
6722
6721
6724
6723
6726
6725
6728
6729
6727
6731
6730
6733
6732
6735
6734
6737
6736
6739
6738
6741
6740
6743
6742
6745
6746
6744
6748
6747
6750
6749
6752
6751
6754
6753
6756
6755
6758
6757
6760
6759
6762
6761
6764
6765
6763
6767
6766
6769
6768
6771
6770
6773
6772
6775
6776
6774
6778
6777
6780
6779
6782
6781
6784
6783
6786
6785
6788
6787
6790
6789
6792
6791
6794
6795
6793
6797
6796
6799
6798
6801
6802
6800
6804
6803
6806
6805
6808
6807
6810
6811
6809
6813
6812
6815
6814
6817
6818
6816
6820
6819
6822
6821
6824
6825
6823
6827
6826
6829
6828
6831
6830
6833
6832
6835
6836
6834
6838
6837
6840
6839
6842
6843
6841
6845
6844
6847
6846
6849
6850
6851
6848
6853
6852
6855
6854
6857
6858
6856
6860
6859
6862
6861
6864
6865
6863
6867
6866
6869
6868
6871
6872
6870
6874
6873
6876
6875
6878
6877
6880
6881
6879
6883
6882
6885
6884
6887
6888
6886
6890
6889
6892
6891
6894
6895
6896
6893
6898
6897
6900
6899
6902
6903
6904
6901
6906
6905
6908
6907
6910
6911
6909
6913
6912
6915
6914
6917
6918
6916
6920
6919
6922
6921
6924
6925
6923
6927
6926
6929
6928
6931
6932
6930
6934
6933
6936
6935
6938
6939
6937
6941
6940
6943
6942
6945
6946
6944
6948
6947
6950
6949
6952
6951
6954
6955
6953
6957
6956
6959
6958
6961
6960
6963
6962
6965
6964
6967
6966
6969
6968
6971
6972
6970
6974
6973
6976
6975
6978
6979
6977
6981
6980
6983
6982
6985
6986
6984
6988
6987
6990
6989
6992
6991
6994
6993
6996
6997
6995
6999
6998
7001
7000
7003
7004
7002
7006
7005
7008
7007
7010
7009
7012
7011
7014
7013
7016
7017
7015
7019
7018
7021
7020
7023
7024
7022
7026
7025
7028
7027
7030
7031
7029
7033
7032
7035
7034
7037
7038
7036
7040
7039
7042
7041
7044
7043
7046
7045
7048
7049
7047
7051
7050
7053
7052
7055
7056
7054
7058
7057
7060
7059
7062
7063
7061
7065
7064
7067
7066
7069
7068
7071
7070
7073
7074
7072
7076
7075
7078
7077
7080
7079
7082
7081
7084
7085
7083
7087
7086
7089
7088
7091
7092
7090
7094
7093
7096
7095
7098
7099
7100
7097
7102
7101
7104
7103
7106
7107
7105
7109
7108
7111
7110
7113
7114
7112
7116
7115
7118
7117
7120
7121
7119
7123
7122
7125
7124
7127
7128
7126
7130
7129
7132
7131
7134
7133
7136
7135
7138
7137
7140
7139
7142
7141
7144
7143
7146
7147
7145
7149
7148
7151
7150
7153
7154
7152
7156
7155
7158
7157
7160
7161
7159
7163
7162
7165
7164
7167
7168
7166
7170
7169
7172
7171
7174
7173
7176
7175
7178
7179
7177
7181
7180
7183
7182
7185
7186
7184
7188
7187
7190
7189
7192
7193
7191
7195
7194
7197
7196
7199
7198
7201
7200
7203
7204
7202
7206
7205
7208
7207
7210
7209
7212
7211
7214
7215
7213
7217
7216
7219
7218
7221
7222
7220
7224
7223
7226
7225
7228
7229
7230
7227
7232
7231
7234
7233
7236
7237
7235
7239
7238
7241
7240
7243
7244
7242
7246
7245
7248
7247
7250
7251
7249
7253
7252
7255
7254
7257
7258
7256
7260
7259
7262
7261
7264
7263
7266
7265
7268
7267
7270
7269
7272
7271
7274
7275
7276
7273
7278
7277
7280
7279
7282
7283
7281
7285
7284
7287
7286
7289
7290
7288
7292
7291
7294
7293
7296
7297
7295
7299
7298
7301
7300
7303
7304
7302
7306
7305
7308
7307
7310
7311
7309
7313
7312
7315
7314
7317
7318
7316
7320
7319
7322
7321
7324
7325
7323
7327
7326
7329
7328
7331
7332
7330
7334
7333
7336
7335
7338
7339
7337
7341
7340
7343
7342
7345
7346
7344
7348
7347
7350
7349
7352
7353
7351
7355
7354
7357
7356
7359
7358
7361
7360
7363
7362
7365
7364
7367
7366
7369
7368
7371
7372
7370
7374
7373
7376
7375
7378
7377
7381
7379
7383
7382
7385
7384
7387
7386
7389
7390
7388
7392
7391
7394
7393
7396
7395
7398
7397
7400
7399
7402
7401
7404
7403
7406
7405
7408
7409
7407
7411
7410
7413
7412
7415
7414
7417
7416
7419
7420
7418
7422
7421
7424
7423
7426
7425
7428
7427
7430
7429
7432
7431
7434
7433
7436
7435
7438
7439
7437
7441
7440
7443
7442
7445
7446
7444
7448
7447
7450
7449
7452
7451
7454
7455
7453
7457
7456
7459
7458
7461
7462
7460
7464
7463
7466
7465
7468
7469
7467
7471
7470
7473
7472
7475
7474
7477
7476
7479
7480
7478
7482
7481
7484
7483
7486
7487
7485
7489
7488
7491
7490
7493
7494
7495
7492
7497
7496
7499
7498
7501
7502
7500
7504
7503
7506
7505
7508
7509
7507
7511
7510
7513
7512
7515
7516
7514
7518
7517
7520
7519
7522
7521
7524
7525
7523
7527
7526
7529
7528
7531
7532
7530
7534
7533
7536
7535
7538
7539
7540
7537
7542
7541
7544
7543
7546
7547
7548
7545
7550
7549
7552
7551
7554
7555
7553
7557
7556
7559
7558
7561
7562
7560
7564
7563
7566
7565
7568
7569
7567
7571
7570
7573
7572
7575
7576
7574
7578
7577
7580
7579
7582
7583
7581
7585
7584
7587
7586
7589
7590
7588
7592
7591
7594
7593
7596
7595
7598
7597
7600
7601
7599
7603
7602
7605
7604
7607
7608
7606
7610
7609
7612
7611
7614
7615
7616
7613
7618
7617
7620
7619
7622
7623
7621
7625
7624
7627
7626
7629
7628
7631
7630
7633
7634
7632
7636
7635
7638
7637
7640
7641
7639
7643
7642
7645
7644
7647
7646
7649
7648
7651
7650
7653
7654
7652
7656
7655
7658
7657
7660
7661
7659
7663
7662
7665
7664
7667
7668
7666
7670
7669
7672
7671
7674
7673
7676
7677
7675
7679
7678
7681
7680
7683
7682
7685
7684
7687
7688
7686
7690
7689
7692
7691
7694
7693
7696
7695
7698
7697
7700
7699
7702
7701
7704
7703
7706
7707
7705
7709
7708
7711
7710
7713
7714
7712
7716
7715
7718
7717
7720
7721
7719
7723
7722
7725
7724
7727
7726
7729
7728
7731
7730
7733
7732
7735
7734
7737
7736
7739
7738
7741
7740
7743
7744
7742
7746
7745
7748
7747
7750
7751
7749
7753
7752
7755
7754
7757
7756
7759
7758
7761
7762
7760
7764
7763
7766
7765
7768
7769
7767
7771
7770
7773
7772
7775
7776
7774
7778
7777
7780
7779
7782
7781
7784
7783
7786
7787
7785
7789
7788
7791
7790
7793
7792
7795
7794
7797
7798
7796
7800
7799
7802
7801
7804
7805
7803
7807
7806
7809
7808
7811
7812
7813
7810
7815
7814
7817
7816
7819
7820
7818
7822
7821
7824
7823
7826
7827
7825
7829
7828
7831
7830
7833
7834
7832
7836
7835
7838
7837
7840
7841
7839
7843
7842
7845
7844
7847
7846
7849
7848
7851
7850
7853
7852
7855
7854
7857
7858
7856
7860
7859
7862
7861
7864
7863
7866
7865
7868
7867
7870
7869
7872
7871
7874
7875
7873
7877
7876
7879
7878
7881
7882
7880
7884
7883
7886
7885
7888
7889
7887
7891
7890
7893
7892
7895
7894
7897
7896
7899
7900
7898
7902
7901
7904
7903
7906
7907
7905
7909
7908
7911
7910
7913
7912
7915
7914
7917
7916
7919
7920
7918
7922
7921
7924
7923
7926
7927
7925
7929
7928
7931
7930
7933
7934
7932
7936
7935
7938
7937
7940
7939
7942
7941
7944
7943
7946
7945
7948
7949
7947
7951
7950
7953
7952
7955
7956
7954
7958
7957
7960
7959
7962
7963
7961
7965
7964
7967
7966
7969
7968
7971
7970
7973
7972
7975
7974
7977
7976
7979
7978
7981
7980
7983
7982
7985
7986
7984
7988
7987
7990
7989
7992
7993
7991
7995
7994
7997
7996
7999
8000
7998
8002
8001
8004
8003
8006
8007
8005
8009
8008
8011
8010
8013
8014
8012
8016
8015
8018
8017
8020
8021
8019
8023
8022
8025
8024
8027
8026
8029
8028
8031
8030
8033
8034
8032
8036
8035
8038
8037
8040
8041
8039
8043
8042
8045
8044
8047
8048
8046
8050
8049
8052
8051
8054
8055
8056
8053
8058
8057
8060
8059
8062
8063
8061
8065
8064
8067
8066
8069
8070
8068
8072
8071
8074
8073
8076
8077
8075
8079
8078
8081
8080
8083
8084
8082
8086
8085
8088
8087
8090
8091
8089
8093
8092
8095
8094
8097
8098
8096
8100
8099
8102
8101
8104
8105
8103
8107
8106
8109
8108
8111
8112
8110
8114
8113
8116
8115
8118
8119
8117
8121
8120
8123
8122
8125
8126
8124
8128
8127
8130
8129
8132
8133
8131
8135
8134
8137
8136
8139
8140
8138
8142
8141
8144
8143
8146
8145
8148
8149
8150
8147
8152
8151
8154
8153
8156
8157
8155
8159
8158
8161
8160
8163
8162
8165
8164
8167
8166
8169
8168
8171
8170
8173
8172
8175
8174
8177
8176
8179
8178
8181
8182
8180
8184
8183
8186
8185
8188
8189
8187
8191
8190
8193
8192
8195
8194
8197
8196
8199
8198
8201
8202
8203
8200
8205
8204
8207
8206
8209
8210
8208
8212
8211
8214
8213
8216
8217
8215
8219
8218
8221
8220
8223
8224
8222
8226
8225
8228
8227
8230
8231
8229
8233
8232
8235
8234
8237
8238
8236
8240
8239
8242
8241
8244
8245
8243
8247
8246
8249
8248
8251
8252
8250
8254
8253
8256
8255
8258
8257
8260
8259
8262
8261
8264
8265
8263
8267
8266
8269
8268
8271
8272
8270
8274
8273
8276
8275
8278
8279
8277
8281
8280
8283
8282
8285
8286
8284
8288
8287
8290
8289
8292
8291
8294
8293
8296
8295
8298
8297
8300
8299
8302
8303
8304
8301
8306
8305
8308
8307
8310
8311
8309
8313
8312
8315
8314
8317
8318
8316
8320
8319
8322
8321
8324
8325
8323
8327
8326
8329
8328
8331
8332
8330
8334
8333
8336
8335
8338
8339
8337
8341
8340
8343
8342
8345
8346
8344
8348
8347
8350
8349
8352
8353
8351
8355
8354
8357
8356
8359
8360
8358
8362
8361
8364
8363
8366
8367
8365
8369
8368
8371
8370
8373
8374
8372
8376
8375
8378
8377
8380
8381
8379
8383
8382
8385
8384
8387
8388
8386
8390
8389
8392
8391
8394
8393
8396
8395
8398
8397
8400
8399
8402
8401
8404
8403
8406
8405
8408
8407
8410
8411
8409
8413
8412
8415
8414
8417
8418
8416
8420
8419
8422
8421
8424
8425
8423
8427
8426
8429
8428
8431
8432
8430
8434
8433
8436
8435
8438
8437
8440
8439
8442
8441
8444
8443
8446
8445
8448
8447
8450
8451
8449
8453
8452
8455
8454
8457
8458
8456
8460
8459
8462
8461
8464
8465
8466
8463
8468
8467
8470
8469
8472
8473
8471
8475
8474
8477
8476
8479
8480
8478
8482
8481
8484
8483
8486
8487
8485
8489
8488
8491
8490
8493
8494
8492
8496
8495
8498
8497
8500
8499
8502
8501
8504
8503
8506
8505
8508
8507
8510
8509
8512
8511
8514
8513
8516
8515
8518
8519
8517
8521
8520
8523
8522
8525
8526
8524
8528
8527
8530
8529
8532
8533
8531
8535
8534
8537
8536
8539
8538
8541
8540
8543
8544
8542
8546
8545
8548
8547
8550
8551
8549
8553
8552
8555
8554
8557
8558
8559
8556
8561
8560
8563
8562
8565
8566
8564
8568
8567
8570
8569
8572
8573
8571
8575
8574
8577
8576
8579
8580
8578
8582
8581
8584
8583
8586
8587
8585
8589
8588
8591
8590
8593
8594
8595
8592
8597
8596
8599
8598
8601
8602
8600
8604
8603
8606
8605
8608
8607
8610
8609
8612
8611
8614
8615
8613
8617
8616
8619
8618
8621
8620
8623
8622
8625
8624
8627
8626
8629
8628
8631
8630
8633
8632
8635
8636
8634
8638
8637
8640
8639
8642
8643
8641
8645
8644
8647
8646
8649
8650
8648
8652
8651
8654
8653
8656
8655
8658
8657
8660
8661
8659
8663
8662
8665
8664
8667
8666
8669
8668
8671
8672
8670
8674
8673
8676
8675
8678
8679
8677
8681
8680
8683
8682
8685
8686
8687
8684
8689
8688
8691
8690
8693
8694
8692
8696
8695
8698
8697
8700
8701
8699
8703
8702
8705
8704
8707
8708
8706
8710
8709
8712
8711
8714
8715
8713
8717
8716
8719
8718
8721
8720
8723
8722
8725
8724
8727
8726
8729
8728
8731
8732
8730
8734
8733
8736
8735
8738
8737
8740
8739
8742
8743
8741
8745
8744
8747
8746
8749
8748
8751
8750
8753
8754
8752
8756
8755
8758
8757
8760
8761
8759
8763
8762
8765
8764
8767
8768
8769
8766
8771
8770
8773
8772
8775
8776
8774
8778
8777
8780
8779
8782
8783
8781
8785
8784
8787
8786
8789
8790
8788
8792
8791
8794
8793
8796
8797
8795
8799
8798
8801
8800
8803
8802
8805
8804
8807
8806
8809
8808
8811
8810
8813
8812
8815
8814
8817
8816
8819
8818
8821
8822
8820
8824
8823
8826
8825
8828
8829
8827
8831
8830
8833
8832
8835
8836
8837
8834
8839
8838
8841
8840
8843
8844
8842
8846
8845
8848
8847
8850
8851
8849
8853
8852
8855
8854
8857
8858
8856
8860
8859
8862
8861
8864
8865
8863
8867
8866
8869
8868
8871
8872
8870
8874
8873
8876
8875
8878
8879
8877
8881
8880
8883
8882
8885
8886
8884
8888
8887
8890
8889
8892
8891
8894
8893
8896
8897
8895
8899
8898
8901
8900
8903
8902
8905
8904
8907
8906
8909
8908
8911
8910
8913
8914
8912
8916
8915
8918
8917
8920
8919
8922
8921
8924
8923
8926
8925
8928
8927
8930
8929
8932
8931
8934
8933
8936
8935
8938
8939
8937
8941
8940
8943
8942
8945
8946
8944
8948
8947
8950
8949
8952
8953
8951
8955
8954
8957
8956
8959
8958
8961
8960
8963
8964
8962
8966
8965
8968
8967
8970
8971
8969
8973
8972
8975
8974
8977
8978
8979
8976
8981
8980
8983
8982
8985
8986
8984
8988
8987
8990
8989
8992
8993
8991
8995
8994
8997
8996
8999
9000
8998
9002
9001
9004
9003
9006
9007
9005
9009
9008
9011
9012
9013
9010
9015
9014
9017
9016
9019
9020
9018
9022
9021
9024
9023
9026
9027
9025
9029
9028
9031
9030
9033
9034
9032
9036
9035
9038
9037
9040
9041
9039
9043
9042
9045
9044
9047
9046
9049
9048
9051
9050
9053
9054
9052
9056
9055
9058
9057
9060
9061
9059
9063
9062
9065
9064
9067
9068
9069
9066
9071
9070
9073
9072
9075
9076
9077
9074
9079
9078
9081
9080
9083
9084
9085
9082
9087
9086
9089
9088
9091
9092
9090
9094
9093
9096
9095
9098
9099
9097
9101
9100
9103
9102
9105
9106
9104
9108
9107
9110
9109
9112
9113
9111
9115
9114
9117
9116
9119
9118
9121
9120
9123
9122
9125
9124
9127
9126
9129
9128
9131
9130
9133
9132
9135
9134
9137
9138
9136
9140
9139
9142
9141
9144
9145
9143
9147
9146
9149
9148
9151
9152
9150
9154
9153
9156
9155
9158
9157
9160
9159
9162
9163
9161
9165
9164
9167
9166
9169
9170
9168
9172
9171
9174
9173
9176
9177
9178
9175
9180
9179
9182
9181
9184
9185
9183
9187
9186
9189
9188
9191
9192
9190
9194
9193
9196
9195
9198
9199
9197
9201
9200
9203
9202
9205
9206
9204
9208
9207
9210
9211
9209
9213
9212
9215
9214
9217
9216
9219
9218
9221
9222
9220
9224
9223
9226
9225
9228
9227
9230
9229
9232
9231
9234
9233
9236
9235
9238
9239
9237
9241
9240
9243
9242
9245
9244
9247
9246
9249
9250
9248
9252
9251
9254
9253
9256
9255
9258
9259
9260
9257
9262
9261
9264
9263
9266
9267
9265
9269
9268
9271
9270
9273
9274
9272
9276
9275
9278
9277
9280
9281
9279
9283
9282
9285
9284
9287
9288
9289
9286
9291
9290
9293
9292
9295
9296
9294
9298
9297
9300
9299
9302
9303
9301
9305
9304
9307
9306
9309
9310
9308
9312
9311
9314
9313
9316
9317
9315
9319
9318
9321
9320
9323
9324
9322
9326
9325
9328
9327
9330
9331
9329
9333
9332
9335
9334
9337
9338
9336
9340
9339
9342
9341
9344
9345
9343
9347
9346
9349
9348
9351
9352
9350
9354
9353
9356
9355
9358
9359
9357
9361
9360
9363
9362
9365
9366
9364
9368
9367
9370
9369
9372
9373
9371
9375
9374
9377
9376
9379
9378
9381
9380
9383
9382
9385
9384
9388
9387
9390
9389
9392
9391
9394
9393
9396
9397
9395
9399
9398
9401
9400
9403
9404
9402
9406
9405
9408
9407
9410
9411
9409
9413
9412
9415
9414
9417
9418
9416
9420
9419
9422
9421
9424
9423
9426
9425
9428
9427
9430
9429
9432
9431
9434
9433
9436
9437
9435
9439
9438
9441
9440
9443
9444
9442
9446
9445
9448
9447
9450
9451
9449
9453
9452
9455
9454
9457
9458
9456
9460
9459
9462
9461
9464
9465
9463
9467
9466
9469
9468
9471
9470
9473
9472
9475
9474
9477
9476
9479
9478
9481
9480
9483
9482
9485
9484
9487
9486
9489
9490
9488
9492
9491
9494
9493
9496
9497
9495
9499
9498
9501
9500
9503
9504
9505
9502
9507
9506
9509
9508
9511
9512
9510
9514
9513
9516
9515
9518
9517
9520
9519
9522
9521
9524
9523
9526
9525
9528
9527
9530
9529
9532
9531
9534
9533
9536
9537
9535
9539
9538
9541
9540
9543
9544
9542
9546
9545
9548
9547
9550
9551
9552
9549
9554
9553
9556
9555
9558
9559
9557
9561
9560
9563
9562
9565
9566
9564
9568
9567
9570
9569
9572
9573
9571
9575
9574
9577
9576
9579
9580
9578
9582
9581
9584
9583
9586
9587
9585
9589
9588
9591
9590
9593
9594
9592
9596
9595
9598
9597
9600
9601
9599
9603
9602
9605
9604
9607
9606
9609
9608
9611
9612
9610
9614
9613
9616
9615
9618
9617
9620
9619
9622
9621
9624
9623
9626
9625
9628
9629
9627
9631
9630
9633
9632
9635
9634
9637
9636
9639
9640
9638
9642
9641
9644
9643
9646
9645
9648
9647
9650
9649
9652
9651
9654
9653
9656
9655
9658
9659
9660
9657
9662
9661
9664
9663
9666
9667
9665
9669
9668
9671
9670
9673
9672
9675
9674
9677
9676
9679
9680
9678
9682
9681
9684
9683
9686
9685
9688
9689
9690
9687
9692
9691
9694
9693
9696
9697
9695
9699
9698
9701
9700
9703
9704
9702
9706
9705
9708
9707
9710
9711
9709
9713
9712
9715
9714
9717
9718
9716
9720
9719
9722
9721
9724
9723
9726
9725
9728
9727
9730
9731
9729
9733
9732
9735
9734
9737
9738
9736
9740
9739
9742
9741
9744
9745
9746
9743
9748
9747
9750
9749
9752
9753
9754
9751
9756
9755
9758
9757
9760
9761
9762
9759
9764
9763
9766
9765
9768
9769
9767
9771
9770
9773
9772
9775
9776
9774
9778
9777
9780
9779
9782
9783
9781
9785
9784
9787
9786
9789
9790
9788
9792
9791
9794
9793
9796
9797
9795
9799
9798
9801
9800
9803
9802
9805
9806
9804
9808
9807
9810
9809
9812
9811
9814
9813
9816
9817
9815
9819
9818
9821
9820
9823
9822
9825
9824
9827
9826
9829
9828
9831
9830
9833
9832
9835
9836
9834
9838
9837
9840
9839
9842
9843
9841
9845
9844
9847
9846
9849
9848
9851
9852
9850
9854
9853
9856
9855
9858
9859
9857
9861
9860
9863
9862
9865
9866
9867
9864
9869
9868
9871
9870
9873
9874
9872
9876
9875
9878
9877
9880
9879
9882
9881
9884
9885
9883
9887
9886
9889
9888
9891
9890
9893
9892
9895
9894
9897
9898
9896
9900
9899
9902
9901
9904
9905
9903
9907
9906
9909
9908
9911
9910
9913
9912
9915
9914
9917
9916
9919
9918
9921
9920
9923
9922
9925
9924
9927
9926
9929
9930
9928
9932
9931
9934
9933
9936
9937
9935
9939
9938
9941
9940
9943
9944
9942
9946
9945
9948
9947
9950
9949
9952
9951
9954
9955
9953
9957
9956
9959
9958
9961
9962
9960
9964
9963
9966
9965
9968
9969
9970
9967
9972
9971
9974
9973
9976
9977
9975
9979
9978
9981
9980
9983
9984
9982
9986
9985
9988
9987
9990
9991
9989
9993
9992
9995
9994
9997
9998
9996
10000
9999
