1000
1
2
3
5
4
6
8
7
9
10
11
12
14
15
13
17
16
18
20
19
21
22
23
24
26
27
28
25
30
29
31
33
32
34
35
36
37
39
38
41
40
42
44
43
45
46
47
48
49
51
50
52
54
53
55
56
57
59
58
60
62
61
63
64
65
66
67
68
70
69
71
73
72
74
75
76
77
79
80
78
82
81
83
85
84
86
87
88
89
91
90
93
92
94
96
95
97
98
99
100
101
103
104
105
102
107
106
108
110
109
111
112
113
114
116
115
118
117
119
121
120
122
123
124
125
127
128
126
130
129
131
133
132
134
135
136
137
139
140
138
142
141
143
145
144
146
147
148
149
151
150
152
154
153
155
156
157
158
159
161
160
162
163
164
166
165
167
169
168
170
171
172
173
174
176
175
177
178
179
181
180
182
184
183
185
186
187
188
189
191
190
192
194
193
195
196
197
199
198
200
202
201
203
204
205
206
207
208
210
209
211
213
212
214
215
216
218
217
219
221
220
222
223
224
225
226
228
229
227
231
230
232
234
233
235
236
237
238
240
239
241
242
243
245
244
246
248
247
249
250
251
253
252
254
256
255
257
258
259
260
261
262
263
265
266
264
268
267
269
271
270
272
273
274
275
277
276
278
280
279
281
282
283
284
285
287
286
288
289
290
292
291
293
295
294
296
297
298
299
300
302
301
303
304
305
307
308
306
310
309
311
313
312
314
315
316
317
319
318
320
322
321
323
324
325
326
328
329
327
331
330
332
334
333
335
336
337
338
340
339
342
341
343
345
344
346
347
348
349
350
352
351
353
355
354
356
357
358
360
359
361
363
362
364
365
366
367
368
369
371
372
370
374
373
375
377
376
378
379
380
381
383
382
384
386
385
387
388
389
390
392
393
391
395
394
396
398
397
399
400
401
402
404
403
406
405
407
409
408
410
411
412
413
414
416
415
417
419
418
420
421
422
424
423
425
427
426
428
429
430
431
432
433
434
436
437
435
439
438
440
442
441
443
444
445
446
447
553
448
449
451
450
452
453
454
456
455
458
457
459
460
462
463
461
465
464
466
468
467
469
470
471
472
474
473
475
477
476
478
479
480
481
518
483
482
485
484
486
488
487
489
490
491
492
494
493
495
496
497
501
498
500
499
503
502
504
505
507
506
508
510
509
511
512
513
514
515
517
519
516
521
520
522
524
523
525
526
527
528
530
529
531
532
533
535
534
536
538
537
539
540
541
543
542
544
546
545
547
548
549
550
551
552
554
556
557
558
555
560
559
561
563
562
564
565
566
567
569
568
571
570
572
574
573
575
576
577
578
580
579
581
582
583
585
586
584
588
587
589
591
590
592
593
594
595
597
598
599
596
601
600
602
604
603
605
606
607
608
610
609
612
611
613
615
614
616
617
618
619
621
622
623
620
625
624
626
628
627
629
630
631
632
634
633
636
635
637
639
638
640
641
642
643
645
646
644
648
647
649
651
650
652
653
654
655
657
656
659
658
660
662
661
663
664
665
666
667
668
670
671
669
673
672
674
676
675
677
678
679
680
681
683
684
682
686
685
687
689
688
690
691
692
693
694
696
697
695
699
698
700
702
701
703
704
705
706
707
709
708
710
712
711
713
714
715
717
716
718
720
719
721
722
723
724
725
727
728
726
730
729
731
733
732
734
735
736
737
739
738
740
742
741
743
744
745
746
748
749
747
751
750
752
754
753
755
756
757
758
760
759
762
761
763
765
764
766
767
768
769
770
772
773
774
771
776
775
777
779
778
780
781
782
783
785
784
787
786
788
790
789
791
792
793
794
796
797
798
795
800
799
801
803
802
804
805
806
807
809
808
811
810
812
814
813
815
816
817
818
820
821
819
823
822
824
826
825
827
828
829
830
832
831
834
833
835
837
836
838
839
840
841
842
843
845
846
844
848
847
849
851
850
852
853
854
855
856
858
859
857
861
860
862
864
863
865
866
867
868
869
870
872
873
874
871
876
875
877
879
878
880
881
882
883
885
884
887
886
888
890
889
891
892
893
894
895
897
896
898
900
899
901
902
903
905
904
906
908
907
909
910
911
912
913
914
916
915
917
919
918
920
921
922
923
924
926
925
927
928
929
931
932
930
934
933
935
937
936
938
939
940
941
943
942
944
946
945
947
948
949
950
951
953
952
954
955
956
958
957
959
961
960
962
963
964
965
966
968
967
969
970
971
973
972
974
976
975
977
978
979
980
981
983
982
984
986
985
987
988
989
991
990
992
994
993
995
996
997
998
999
1000
