10000
0
8
10
16
18
19
27
32
35
37
44
49
58
65
67
67
70
77
80
83
95
96
100
104
106
111
113
113
114
121
124
125
126
128
128
136
139
139
145
152
160
165
166
168
170
182
184
186
186
186
186
187
187
190
193
197
198
201
202
206
211
216
220
222
222
225
225
239
241
242
243
244
244
252
257
261
262
263
263
268
272
272
273
275
276
277
278
278
280
286
286
290
293
298
302
310
311
316
317
321
328
329
330
330
331
331
332
335
341
350
352
354
356
360
369
375
381
382
386
394
396
397
398
400
402
403
405
406
410
412
413
416
418
421
425
429
431
436
437
438
441
447
450
453
460
464
468
472
475
481
481
485
487
491
497
499
501
501
502
506
507
510
516
517
519
528
528
536
537
538
541
548
548
551
556
556
564
568
572
576
577
577
586
594
603
616
618
619
621
623
628
636
638
638
640
647
649
649
659
661
663
664
665
667
669
671
673
675
681
683
685
686
689
692
693
694
694
696
699
699
700
701
703
713
714
723
725
728
736
740
742
746
755
756
762
765
765
765
765
767
768
771
771
773
773
775
777
779
783
788
789
796
809
815
816
817
818
820
822
823
830
833
833
833
835
840
840
843
846
848
848
855
856
862
863
868
868
869
870
880
898
899
906
912
913
914
915
917
924
929
931
935
939
944
947
949
952
956
959
960
962
963
965
969
975
976
980
986
986
989
992
995
998
1001
1004
1007
1008
1015
1015
1019
1021
1022
1027
1032
1035
1035
1037
1043
1048
1053
1057
1059
1061
1062
1070
1073
1080
1085
1088
1094
1098
1100
1101
1104
1106
1109
1113
1114
1114
1114
1116
1117
1118
1120
1120
1120
1127
1139
1139
1145
1148
1153
1156
1156
1158
1159
1160
1168
1170
1182
1198
1200
1201
1204
1212
1221
1223
1223
1223
1224
1235
1236
1240
1240
1241
1242
1249
1266
1278
1281
1282
1284
1284
1293
1300
1317
1321
1327
1336
1337
1338
1341
1353
1354
1358
1362
1366
1367
1369
1373
1375
1378
1379
1381
1386
1386
1393
1404
1404
1406
1408
1409
1410
1411
1411
1413
1419
1419
1421
1423
1426
1427
1433
1434
1434
1436
1436
1436
1443
1444
1446
1447
1449
1452
1454
1454
1455
1456
1458
1466
1467
1468
1473
1479
1482
1484
1491
1492
1495
1496
1500
1509
1520
1522
1528
1529
1531
1536
1541
1544
1545
1550
1550
1551
1572
1573
1576
1576
1577
1579
1586
1589
1591
1594
1598
1605
1605
1606
1608
1608
1614
1620
1622
1626
1627
1633
1633
1636
1636
1636
1636
1637
1640
1641
1642
1643
1646
1648
1648
1649
1655
1656
1662
1664
1671
1678
1687
1691
1692
1693
1701
1703
1705
1707
1708
1710
1717
1725
1733
1733
1736
1741
1742
1742
1744
1751
1752
1753
1758
1760
1765
1766
1766
1771
1777
1777
1777
1781
1789
1789
1789
1792
1794
1795
1796
1798
1801
1803
1804
1805
1809
1809
1811
1811
1818
1819
1828
1829
1833
1834
1836
1839
1841
1843
1846
1849
1851
1855
1857
1862
1865
1868
1872
1880
1894
1899
1909
1914
1916
1919
1922
1925
1926
1926
1928
1928
1929
1930
1939
1942
1948
1949
1949
1950
1950
1953
1956
1957
1961
1962
1966
1970
1973
1979
1980
1984
1995
1997
2002
2005
2009
2010
2013
2015
2015
2016
2017
2017
2018
2019
2022
2022
2026
2026
2034
2035
2036
2038
2038
2040
2041
2048
2052
2052
2054
2060
2062
2063
2067
2070
2075
2081
2082
2085
2088
2089
2090
2092
2100
2119
2126
2129
2130
2131
2134
2136
2142
2144
2145
2145
2145
2154
2156
2164
2168
2175
2175
2176
2176
2177
2177
2178
2179
2184
2186
2187
2191
2195
2198
2202
2203
2204
2209
2211
2211
2215
2217
2218
2225
2226
2226
2228
2229
2230
2232
2232
2233
2239
2239
2239
2240
2244
2247
2247
2247
2260
2261
2268
2269
2272
2276
2283
2283
2283
2287
2294
2294
2296
2307
2317
2319
2321
2324
2326
2327
2328
2331
2332
2335
2338
2340
2342
2344
2351
2352
2355
2357
2362
2363
2364
2365
2367
2367
2370
2397
2401
2404
2408
2408
2411
2411
2414
2415
2419
2420
2427
2432
2436
2438
2444
2447
2449
2456
2457
2466
2470
2472
2475
2475
2476
2479
2480
2485
2491
2492
2494
2507
2512
2515
2516
2525
2528
2533
2534
2536
2544
2545
2547
2554
2555
2555
2556
2558
2560
2562
2562
2563
2571
2571
2571
2585
2587
2589
2591
2592
2595
2600
2601
2603
2616
2617
2633
2644
2651
2659
2660
2662
2663
2677
2681
2684
2700
2700
2706
2710
2711
2717
2725
2727
2727
2728
2731
2732
2737
2738
2745
2745
2751
2757
2759
2759
2760
2760
2763
2764
2765
2769
2769
2772
2777
2785
2788
2791
2795
2797
2798
2799
2804
2807
2808
2808
2809
2811
2813
2819
2821
2823
2827
2827
2828
2840
2842
2845
2846
2854
2859
2859
2860
2867
2868
2869
2871
2876
2878
2878
2888
2889
2893
2900
2901
2903
2905
2909
2909
2910
2912
2920
2924
2931
2932
2934
2936
2937
2938
2944
2950
2951
2957
2958
2962
2973
2980
2983
2983
2994
2997
3002
3002
3003
3004
3005
3012
3016
3023
3029
3034
3046
3057
3058
3064
3066
3067
3074
3078
3081
3082
3082
3086
3087
3092
3092
3093
3094
3095
3096
3097
3097
3100
3102
3104
3106
3106
3106
3107
3109
3111
3112
3113
3115
3124
3124
3127
3130
3134
3134
3139
3156
3157
3157
3170
3170
3170
3171
3171
3172
3173
3174
3175
3175
3180
3185
3193
3193
3198
3205
3206
3206
3206
3208
3214
3217
3218
3218
3222
3225
3228
3237
3251
3254
3256
3256
3263
3266
3266
3274
3276
3284
3288
3294
3297
3300
3301
3307
3317
3318
3318
3324
3328
3330
3336
3336
3338
3341
3342
3347
3351
3353
3359
3365
3376
3376
3376
3378
3378
3381
3386
3386
3391
3394
3401
3401
3402
3402
3402
3405
3407
3411
3413
3420
3422
3422
3423
3425
3430
3434
3437
3438
3441
3447
3450
3454
3454
3455
3456
3457
3460
3462
3463
3465
3467
3471
3475
3484
3485
3488
3489
3492
3494
3494
3495
3496
3500
3502
3505
3508
3511
3511
3516
3518
3519
3520
3524
3524
3526
3526
3532
3537
3538
3544
3558
3558
3563
3573
3575
3583
3585
3586
3587
3599
3599
3601
3602
3602
3603
3604
3607
3609
3613
3615
3619
3624
3628
3630
3641
3650
3661
3669
3671
3682
3683
3685
3688
3689
3691
3691
3694
3711
3711
3712
3714
3715
3716
3716
3726
3728
3731
3737
3740
3743
3755
3755
3757
3757
3761
3764
3769
3770
3773
3777
3784
3784
3798
3799
3804
3806
3808
3809
3810
3813
3816
3824
3825
3826
3827
3831
3839
3841
3845
3850
3852
3856
3868
3873
3874
3877
3884
3895
3899
3903
3907
3912
3924
3926
3927
3933
3934
3934
3944
3948
3948
3954
3956
3959
3980
3982
3983
3984
3984
3995
3997
4003
4009
4010
4015
4016
4019
4023
4026
4028
4029
4035
4039
4040
4042
4045
4046
4046
4048
4051
4068
4068
4069
4072
4075
4080
4083
4091
4092
4092
4095
4099
4102
4105
4110
4112
4115
4116
4126
4128
4133
4134
4137
4137
4140
4147
4152
4155
4164
4164
4164
4168
4168
4176
4177
4179
4182
4182
4197
4200
4201
4203
4206
4207
4207
4208
4210
4213
4222
4224
4226
4227
4235
4236
4246
4246
4246
4250
4257
4258
4268
4275
4286
4289
4290
4291
4293
4301
4310
4316
4316
4318
4320
4328
4328
4333
4339
4339
4340
4347
4347
4349
4354
4364
4365
4366
4367
4384
4390
4396
4404
4405
4406
4406
4407
4410
4415
4416
4416
4416
4420
4420
4422
4423
4424
4425
4425
4427
4427
4429
4432
4439
4440
4441
4449
4455
4459
4470
4470
4472
4474
4479
4480
4480
4490
4494
4498
4504
4505
4506
4506
4513
4520
4523
4540
4544
4545
4557
4561
4562
4564
4567
4576
4583
4585
4585
4586
4588
4592
4599
4600
4605
4606
4611
4614
4614
4622
4623
4623
4626
4628
4631
4636
4640
4640
4642
4644
4647
4649
4649
4650
4658
4665
4666
4680
4685
4685
4686
4690
4692
4693
4698
4700
4704
4705
4707
4708
4709
4709
4717
4720
4722
4724
4731
4731
4731
4735
4735
4739
4741
4746
4747
4749
4753
4753
4754
4754
4755
4755
4755
4764
4765
4765
4770
4771
4772
4781
4805
4807
4815
4816
4816
4821
4822
4825
4826
4827
4831
4831
4840
4841
4843
4856
4856
4859
4863
4865
4869
4870
4876
4878
4880
4894
4898
4899
4906
4907
4910
4912
4914
4915
4919
4925
4927
4934
4935
4937
4937
4938
4938
4942
4943
4946
4948
4951
4959
4960
4962
4965
4973
4978
4979
4991
4991
4991
4993
4997
5000
5013
5020
5021
5022
5022
5028
5029
5035
5040
5043
5047
5051
5061
5063
5065
5066
5069
5073
5074
5082
5083
5084
5084
5085
5086
5087
5088
5090
5090
5090
5092
5095
5101
5105
5114
5117
5118
5118
5120
5122
5123
5132
5136
5136
5137
5137
5141
5146
5152
5153
5154
5155
5158
5158
5158
5159
5161
5161
5164
5165
5174
5181
5182
5186
5190
5193
5199
5204
5205
5206
5212
5214
5223
5227
5228
5229
5231
5238
5238
5239
5239
5239
5241
5244
5244
5247
5250
5252
5254
5256
5256
5264
5267
5275
5276
5278
5282
5283
5289
5292
5293
5295
5301
5307
5308
5309
5321
5326
5330
5332
5337
5337
5338
5339
5345
5351
5351
5353
5353
5373
5377
5377
5379
5383
5386
5390
5394
5401
5403
5403
5403
5406
5407
5415
5419
5420
5420
5421
5422
5424
5428
5439
5440
5443
5443
5453
5458
5458
5463
5467
5467
5474
5476
5481
5488
5490
5491
5491
5499
5499
5512
5514
5516
5519
5544
5546
5552
5555
5556
5558
5567
5576
5580
5582
5585
5585
5592
5592
5592
5602
5602
5603
5605
5606
5610
5613
5614
5620
5625
5629
5632
5635
5637
5637
5638
5641
5642
5643
5644
5646
5656
5662
5670
5671
5673
5673
5675
5675
5676
5680
5680
5681
5682
5683
5689
5691
5692
5695
5700
5704
5706
5708
5712
5715
5721
5727
5735
5735
5742
5743
5749
5750
5750
5751
5753
5755
5761
5761
5763
5768
5775
5779
5786
5792
5794
5800
5801
5802
5804
5809
5810
5816
5816
5818
5821
5825
5827
5832
5836
5837
5845
5848
5858
5859
5860
5867
5876
5876
5879
5883
5886
5892
5899
5906
5907
5910
5920
5926
5926
5928
5931
5936
5938
5938
5939
5939
5940
5941
5946
5950
5952
5952
5955
5961
5970
5971
5971
5978
5980
5980
5981
5983
5991
5992
5992
5993
5994
6001
6009
6009
6011
6015
6017
6018
6018
6022
6024
6026
6027
6027
6032
6033
6035
6040
6041
6041
6041
6043
6048
6051
6057
6061
6067
6076
6083
6086
6089
6093
6100
6100
6102
6103
6104
6105
6106
6112
6113
6114
6115
6116
6134
6138
6139
6140
6141
6142
6143
6143
6149
6151
6151
6156
6156
6159
6160
6162
6164
6164
6164
6166
6168
6176
6178
6179
6180
6187
6188
6190
6192
6192
6197
6197
6202
6202
6205
6206
6207
6207
6209
6210
6215
6217
6222
6226
6229
6231
6235
6243
6256
6260
6274
6277
6277
6279
6283
6284
6284
6286
6288
6288
6291
6303
6311
6314
6316
6317
6322
6326
6330
6332
6334
6343
6343
6352
6359
6359
6362
6366
6369
6378
6379
6382
6383
6384
6386
6387
6388
6388
6390
6394
6401
6403
6410
6410
6412
6413
6417
6423
6431
6438
6439
6440
6440
6447
6448
6456
6457
6459
6460
6461
6469
6475
6478
6479
6481
6488
6496
6501
6501
6505
6511
6515
6518
6521
6526
6528
6534
6534
6534
6536
6540
6552
6557
6559
6561
6567
6573
6575
6575
6578
6582
6584
6589
6594
6599
6604
6605
6610
6612
6612
6614
6616
6619
6620
6620
6632
6645
6649
6650
6665
6667
6674
6682
6685
6685
6693
6695
6697
6699
6703
6704
6706
6712
6713
6715
6722
6726
6729
6731
6733
6737
6744
6745
6747
6755
6757
6758
6765
6775
6777
6782
6783
6786
6788
6797
6798
6802
6805
6815
6815
6815
6821
6825
6827
6827
6832
6835
6843
6843
6848
6849
6850
6853
6857
6857
6862
6862
6864
6866
6871
6871
6873
6874
6881
6881
6884
6890
6893
6895
6906
6907
6912
6912
6912
6914
6916
6924
6925
6925
6927
6934
6937
6951
6954
6957
6962
6963
6967
6969
6970
6974
6976
6979
6981
6982
6985
6986
6988
6990
6991
6993
6998
7002
7003
7004
7013
7014
7022
7027
7027
7030
7031
7032
7037
7038
7045
7048
7049
7052
7052
7061
7061
7061
7065
7065
7074
7074
7078
7081
7083
7088
7091
7096
7096
7097
7097
7106
7106
7107
7114
7121
7123
7125
7125
7126
7129
7129
7133
7138
7140
7141
7156
7163
7165
7170
7171
7176
7185
7186
7187
7191
7193
7195
7195
7196
7197
7199
7201
7207
7208
7209
7217
7219
7221
7222
7225
7237
7238
7238
7239
7241
7243
7244
7250
7256
7259
7262
7265
7269
7270
7274
7275
7279
7293
7297
7298
7302
7304
7304
7305
7314
7329
7331
7334
7337
7338
7343
7349
7352
7352
7352
7353
7363
7372
7377
7380
7381
7382
7384
7386
7391
7405
7407
7407
7408
7411
7412
7420
7422
7424
7427
7428
7429
7433
7439
7451
7457
7460
7460
7460
7462
7465
7465
7468
7470
7472
7477
7478
7478
7480
7480
7482
7484
7484
7492
7492
7492
7493
7499
7499
7502
7502
7503
7503
7505
7505
7514
7519
7520
7522
7524
7524
7527
7534
7535
7538
7542
7543
7543
7546
7547
7547
7548
7552
7556
7558
7561
7562
7562
7563
7565
7567
7568
7568
7569
7572
7584
7586
7587
7589
7597
7602
7615
7619
7629
7634
7637
7639
7640
7641
7647
7649
7650
7654
7656
7657
7663
7664
7673
7676
7677
7678
7682
7684
7685
7687
7692
7692
7706
7706
7710
7712
7714
7716
7718
7718
7723
7728
7731
7732
7736
7736
7739
7739
7743
7745
7747
7754
7754
7755
7759
7761
7764
7764
7773
7781
7785
7786
7791
7791
7793
7795
7799
7805
7806
7809
7811
7817
7818
7819
7821
7828
7835
7839
7839
7846
7847
7848
7850
7851
7852
7854
7856
7862
7871
7873
7877
7879
7881
7884
7884
7911
7914
7916
7918
7926
7926
7934
7938
7939
7942
7943
7955
7961
7965
7977
7983
7990
7992
7992
8001
8009
8011
8018
8025
8028
8030
8036
8037
8044
8047
8053
8060
8067
8068
8075
8081
8082
8082
8083
8086
8091
8094
8096
8097
8101
8104
8108
8109
8110
8113
8127
8135
8136
8141
8142
8144
8146
8147
8147
8161
8162
8162
8173
8178
8180
8184
8184
8191
8193
8193
8194
8197
8198
8202
8205
8206
8206
8208
8219
8219
8219
8224
8228
8232
8235
8237
8248
8266
8267
8268
8272
8274
8275
8277
8277
8281
8290
8290
8291
8291
8292
8298
8301
8304
8305
8307
8309
8311
8313
8320
8323
8332
8337
8342
8343
8345
8358
8359
8365
8365
8365
8365
8367
8367
8369
8370
8371
8372
8376
8378
8381
8381
8381
8382
8383
8383
8387
8389
8390
8391
8401
8404
8405
8405
8408
8408
8413
8414
8416
8416
8418
8423
8430
8433
8435
8438
8444
8445
8446
8446
8447
8451
8451
8452
8455
8456
8458
8460
8460
8462
8478
8479
8481
8484
8487
8488
8494
8495
8507
8508
8511
8515
8519
8520
8520
8520
8523
8524
8530
8531
8535
8538
8538
8540
8545
8547
8564
8564
8567
8567
8577
8583
8585
8585
8586
8594
8597
8598
8600
8601
8601
8602
8603
8607
8611
8615
8621
8622
8625
8632
8632
8634
8639
8641
8642
8646
8648
8651
8659
8659
8662
8664
8683
8684
8687
8694
8697
8698
8706
8707
8710
8716
8716
8716
8717
8719
8721
8727
8731
8733
8740
8741
8748
8751
8752
8766
8767
8771
8775
8779
8785
8786
8791
8793
8799
8805
8811
8819
8820
8822
8822
8826
8828
8831
8833
8836
8837
8841
8842
8850
8853
8853
8862
8869
8870
8873
8874
8885
8892
8898
8904
8905
8907
8921
8923
8927
8928
8933
8935
8939
8946
8947
8959
8962
8964
8968
8971
8972
8975
8977
8979
8984
8995
8997
8998
9017
9022
9028
9029
9037
9044
9045
9046
9048
9048
9049
9054
9055
9056
9058
9058
9059
9061
9066
9067
9070
9073
9074
9074
9075
9081
9082
9083
9083
9084
9088
9095
9096
9099
9101
9103
9104
9107
9113
9113
9118
9118
9133
9135
9136
9143
9145
9156
9156
9160
9166
9167
9173
9182
9182
9185
9187
9199
9201
9208
9215
9222
9225
9231
9233
9234
9235
9251
9251
9252
9257
9257
9261
9261
9263
9263
9263
9270
9278
9278
9280
9292
9294
9301
9306
9307
9323
9326
9331
9335
9335
9337
9337
9338
9339
9340
9341
9348
9348
9351
9354
9354
9360
9363
9363
9369
9371
9374
9380
9396
9398
9411
9412
9420
9420
9423
9426
9427
9427
9436
9437
9437
9438
9444
9448
9453
9458
9467
9470
9470
9473
9479
9479
9479
9479
9486
9493
9495
9500
9506
9507
9522
9523
9534
9535
9537
9550
9551
9551
9556
9557
9559
9562
9564
9571
9571
9575
9580
9581
9584
9597
9598
9599
9601
9605
9605
9606
9610
9611
9615
9621
9622
9625
9629
9631
9632
9635
9639
9640
9640
9641
9641
9643
9648
9652
9652
9657
9660
9660
9668
9670
9675
9677
9678
9681
9685
9686
9697
9703
9703
9714
9715
9719
9720
9720
9724
9726
9728
9729
9737
9742
9742
9743
9748
9753
9757
9764
9768
9772
9774
9786
9796
9798
9806
9809
9810
9810
9813
9814
9815
9818
9826
9832
9836
9839
9844
9846
9850
9852
9862
9863
9865
9871
9872
9878
9881
9882
9883
9883
9884
9894
9894
9895
9901
9902
9902
9903
9905
9905
9906
9912
9916
9921
9924
9925
9931
9934
9937
9939
9941
9942
9943
9949
9949
9951
9952
9952
9954
9955
9955
9956
9958
9959
9960
9962
9963
9965
9971
9971
9972
9978
9981
9982
9983
9984
9987
9991
9996
9997
9999
10000
10004
10006
10007
10010
10012
10015
10015
10021
10026
10028
10030
10034
10038
10039
10040
10040
10043
10045
10047
10054
10055
10059
10060
10064
10067
10068
10073
10077
10079
10083
10086
10086
10092
10097
10097
10100
10109
10110
10115
10116
10118
10122
10137
10139
10140
10142
10143
10147
10152
10152
10152
10156
10157
10158
10164
10165
10166
10166
10167
10174
10181
10184
10186
10187
10194
10200
10203
10208
10208
10209
10212
10214
10224
10228
10229
10230
10236
10236
10242
10246
10246
10254
10255
10256
10258
10263
10266
10267
10268
10268
10270
10271
10275
10276
10277
10283
10285
10292
10293
10299
10301
10305
10314
10316
10318
10323
10323
10328
10335
10335
10340
10341
10345
10351
10354
10358
10363
10364
10365
10368
10369
10372
10373
10375
10385
10393
10396
10397
10397
10399
10400
10410
10412
10414
10416
10419
10420
10430
10434
10435
10437
10439
10439
10445
10447
10448
10452
10453
10453
10461
10465
10476
10479
10482
10485
10485
10492
10493
10497
10500
10511
10511
10516
10520
10525
10532
10537
10541
10546
10553
10556
10563
10571
10572
10577
10579
10580
10593
10601
10604
10613
10614
10615
10621
10622
10624
10630
10632
10633
10637
10642
10647
10655
10655
10657
10661
10661
10661
10662
10664
10665
10667
10667
10668
10675
10681
10683
10683
10692
10695
10698
10701
10714
10716
10717
10722
10723
10723
10731
10743
10746
10746
10746
10752
10760
10766
10775
10775
10782
10786
10788
10789
10789
10793
10794
10794
10796
10799
10799
10799
10801
10803
10804
10806
10807
10809
10813
10815
10820
10824
10831
10832
10844
10848
10860
10869
10870
10871
10874
10886
10892
10895
10896
10898
10903
10906
10911
10916
10916
10917
10920
10924
10926
10926
10927
10931
10935
10943
10950
10952
10954
10955
10955
10964
10968
10979
10980
10995
10998
10999
10999
11000
11001
11002
11003
11003
11005
11008
11011
11012
11015
11020
11024
11025
11026
11034
11039
11042
11042
11044
11044
11045
11051
11052
11064
11067
11069
11073
11074
11075
11076
11080
11083
11085
11085
11088
11090
11097
11098
11099
11101
11105
11110
11126
11126
11128
11132
11141
11147
11150
11152
11155
11158
11160
11160
11161
11161
11163
11166
11166
11170
11181
11185
11189
11193
11201
11204
11205
11213
11218
11219
11222
11224
11226
11226
11227
11227
11234
11238
11241
11244
11253
11256
11260
11265
11266
11271
11273
11274
11280
11281
11283
11284
11285
11287
11289
11293
11296
11296
11297
11299
11302
11306
11306
11307
11309
11310
11311
11314
11316
11321
11322
11323
11329
11336
11339
11340
11348
11349
11358
11362
11362
11365
11365
11367
11367
11384
11390
11391
11398
11401
11402
11404
11407
11408
11409
11412
11429
11432
11433
11436
11441
11446
11448
11450
11452
11458
11459
11462
11463
11465
11473
11475
11476
11480
11482
11487
11491
11493
11499
11502
11507
11512
11514
11517
11519
11521
11521
11523
11523
11528
11539
11541
11544
11545
11552
11553
11565
11572
11578
11581
11583
11584
11589
11589
11589
11592
11595
11600
11603
11615
11616
11623
11629
11630
11631
11632
11633
11635
11644
11652
11658
11660
11661
11672
11672
11678
11680
11684
11686
11688
11689
11691
11694
11710
11714
11725
11730
11733
11734
11735
11736
11749
11755
11755
11757
11760
11772
11776
11778
11779
11781
11786
11791
11792
11800
11804
11804
11809
11820
11823
11826
11833
11835
11835
11841
11845
11845
11848
11848
11850
11855
11858
11859
11860
11863
11864
11865
11868
11877
11881
11885
11888
11892
11892
11893
11895
11897
11900
11903
11905
11907
11914
11917
11924
11927
11931
11934
11943
11943
11946
11948
11950
11955
11956
11958
11960
11961
11963
11964
11966
11967
11973
11974
11974
11982
11986
11988
11992
11996
12000
12002
12002
12003
12006
12009
12010
12014
12024
12025
12028
12028
12028
12029
12034
12037
12040
12040
12041
12046
12047
12047
12054
12056
12058
12064
12069
12072
12073
12073
12074
12075
12075
12077
12082
12085
12086
12086
12089
12097
12098
12098
12103
12104
12106
12108
12111
12118
12121
12121
12122
12124
12125
12126
12136
12144
12145
12152
12154
12156
12157
12161
12167
12168
12172
12179
12179
12180
12181
12196
12205
12209
12215
12217
12220
12222
12223
12225
12232
12232
12232
12248
12248
12255
12270
12272
12275
12276
12276
12285
12288
12302
12304
12305
12307
12307
12311
12315
12321
12325
12328
12340
12343
12344
12354
12359
12368
12371
12372
12372
12377
12379
12380
12380
12384
12385
12388
12393
12400
12408
12412
12417
12419
12422
12422
12422
12423
12424
12427
12430
12438
12441
12444
12447
12451
12453
12455
12456
12459
12474
12474
12477
12478
12502
12507
12519
12522
12523
12524
12529
12531
12535
12536
12537
12540
12547
12547
12550
12551
12558
12561
12563
12564
12576
12578
12580
12582
12583
12585
12585
12591
12592
12595
12600
12602
12603
12611
12615
12615
12622
12627
12633
12635
12639
12643
12646
12646
12648
12650
12650
12651
12658
12659
12665
12669
12670
12670
12672
12674
12676
12676
12678
12679
12682
12687
12688
12689
12691
12703
12704
12706
12716
12717
12720
12721
12736
12736
12737
12738
12741
12749
12758
12761
12762
12763
12771
12771
12776
12779
12779
12782
12785
12794
12794
12796
12798
12799
12805
12814
12815
12821
12826
12826
12828
12831
12836
12837
12843
12844
12858
12858
12859
12863
12865
12867
12867
12872
12873
12875
12877
12878
12879
12880
12882
12883
12884
12888
12897
12898
12898
12901
12901
12907
12909
12918
12919
12920
12923
12926
12926
12928
12929
12934
12939
12941
12942
12944
12949
12949
12950
12957
12960
12961
12962
12963
12967
12967
12968
12968
12968
12974
12974
12974
12975
12975
12979
12980
12985
12988
12989
12992
12996
12998
13000
13000
13002
13002
13006
13010
13013
13014
13016
13017
13018
13023
13027
13027
13027
13030
13031
13032
13034
13036
13038
13038
13043
13045
13049
13049
13053
13053
13054
13062
13065
13066
13073
13073
13082
13083
13085
13088
13091
13092
13095
13102
13104
13108
13110
13111
13116
13116
13120
13120
13122
13123
13131
13131
13132
13140
13144
13146
13146
13153
13156
13160
13166
13169
13174
13177
13182
13182
13186
13190
13192
13194
13196
13198
13200
13206
13211
13211
13212
13213
13219
13223
13228
13235
13236
13238
13238
13248
13249
13250
13261
13269
13274
13276
13277
13291
13300
13310
13311
13312
13319
13320
13337
13343
13343
13351
13352
13353
13357
13357
13359
13365
13369
13373
13373
13377
13378
13380
13383
13389
13393
13402
13402
13404
13405
13406
13406
13409
13409
13410
13413
13424
13425
13425
13429
13430
13430
13436
13439
13441
13442
13442
13443
13443
13444
13444
13447
13448
13464
13466
13470
13475
13475
13480
13482
13485
13486
13489
13490
13497
13499
13500
13501
13503
13506
13509
13511
13517
13519
13519
13522
13523
13526
13535
13536
13542
13543
13545
13548
13554
13561
13563
13565
13571
13575
13575
13582
13585
13591
13595
13601
13604
13615
13620
13625
13631
13641
13646
13646
13648
13654
13660
13661
13665
13670
13677
13679
13679
13682
13687
13688
13689
13694
13701
13705
13707
13708
13709
13711
13716
13732
13733
13738
13738
13741
13744
13747
13747
13749
13749
13750
13753
13754
13757
13760
13761
13764
13766
13773
13775
13776
13779
13781
13781
13782
13783
13795
13796
13799
13800
13806
13807
13808
13813
13816
13819
13825
13825
13828
13828
13829
13829
13833
13836
13838
13840
13841
13844
13844
13844
13845
13845
13846
13856
13859
13860
13863
13865
13866
13876
13891
13892
13900
13900
13901
13906
13910
13912
13913
13920
13928
13931
13936
13946
13947
13948
13951
13955
13960
13961
13969
13977
13980
13980
13982
13988
13991
13994
14001
14008
14011
14012
14017
14021
14023
14023
14027
14028
14034
14039
14039
14046
14048
14053
14065
14066
14067
14069
14087
14094
14095
14095
14099
14101
14101
14103
14104
14105
14111
14113
14118
14131
14136
14139
14142
14143
14148
14150
14154
14156
14162
14166
14168
14168
14168
14169
14175
14175
14179
14180
14183
14183
14189
14191
14192
14194
14196
14202
14203
14205
14205
14223
14228
14231
14232
14248
14252
14262
14262
14271
14273
14277
14280
14280
14282
14282
14286
14290
14293
14295
14297
14299
14300
14307
14315
14317
14318
14320
14322
14330
14333
14335
14338
14338
14342
14342
14361
14366
14368
14372
14384
14387
14389
14390
14411
14428
14433
14435
14436
14439
14441
14449
14462
14465
14478
14490
14490
14495
14499
14500
14503
14504
14507
14509
14510
14512
14515
14517
14522
14524
14525
14526
14534
14537
14538
14542
14543
14557
14564
14564
14564
14564
14568
14568
14569
14571
14572
14573
14574
14581
14581
14582
14584
14584
14585
14595
14598
14601
14602
14606
14609
14612
14615
14616
14627
14637
14637
14646
14648
14652
14656
14661
14662
14663
14663
14664
14665
14667
14667
14671
14673
14673
14675
14679
14691
14695
14698
14702
14705
14708
14709
14715
14716
14716
14719
14723
14724
14725
14726
14730
14737
14740
14741
14744
14747
14753
14755
14763
14767
14768
14775
14778
14781
14782
14789
14798
14801
14803
14807
14810
14810
14811
14812
14814
14814
14814
14818
14819
14828
14830
14832
14834
14839
14843
14846
14847
14848
14851
14853
14853
14853
14864
14870
14873
14874
14895
14897
14898
14900
14905
14910
14913
14913
14920
14922
14923
14924
14925
14928
14935
14937
14943
14946
14947
14952
14959
14970
14971
14973
14977
14987
14988
14993
14994
14997
15001
15002
15003
15007
15009
15013
15015
15021
15029
15031
15035
15042
15043
15044
15047
15052
15054
15055
15059
15061
15063
15075
15081
15087
15087
15087
15088
15091
15097
15105
15108
15110
15112
15113
15114
15114
15129
15130
15131
15132
15133
15137
15141
15143
15144
15150
15169
15182
15184
15189
15193
15195
15207
15208
15209
15216
15217
15221
15223
15232
15232
15233
15233
15237
15238
15238
15245
15247
15255
15260
15263
15264
15270
15272
15273
15275
15276
15282
15290
15291
15293
15300
15306
15310
15314
15321
15323
15324
15326
15331
15333
15343
15345
15345
15351
15354
15360
15363
15367
15371
15372
15374
15375
15384
15384
15385
15392
15395
15396
15397
15399
15402
15404
15405
15406
15406
15415
15417
15420
15422
15422
15424
15425
15426
15429
15433
15433
15435
15438
15444
15450
15452
15452
15454
15454
15461
15463
15482
15484
15485
15485
15493
15493
15494
15499
15501
15502
15503
15505
15505
15515
15515
15519
15519
15521
15525
15527
15538
15540
15541
15543
15545
15549
15551
15558
15560
15565
15566
15568
15574
15575
15575
15579
15579
15581
15587
15596
15601
15605
15605
15607
15608
15613
15614
15615
15621
15624
15624
15625
15625
15626
15629
15631
15651
15652
15655
15658
15665
15669
15678
15680
15682
15682
15682
15683
15685
15686
15686
15693
15700
15703
15712
15714
15722
15726
15730
15733
15733
15736
15741
15743
15748
15751
15753
15753
15757
15762
15763
15763
15767
15768
15770
15777
15785
15787
15791
15791
15794
15798
15798
15801
15804
15814
15816
15817
15821
15828
15831
15831
15831
15833
15840
15843
15844
15848
15849
15860
15860
15871
15876
15880
15884
15884
15888
15898
15899
15903
15904
15905
15905
15907
15912
15918
15919
15923
15925
15930
15933
15933
15937
15939
15942
15947
15948
15950
15953
15954
15958
15958
15961
15970
15973
15980
15987
15992
15992
15994
15997
16001
16002
16003
16004
16006
16008
16010
16010
16011
16012
16013
16018
16021
16021
16025
16028
16029
16030
16031
16032
16035
16036
16036
16040
16043
16047
16055
16055
16056
16063
16064
16070
16075
16075
16082
16082
16084
16087
16088
16089
16090
16093
16097
16102
16106
16109
16110
16116
16118
16120
16120
16122
16127
16130
16130
16133
16153
16157
16166
16167
16168
16170
16174
16175
16176
16179
16185
16188
16190
16191
16195
16200
16203
16204
16207
16208
16208
16211
16216
16220
16223
16224
16224
16226
16227
16229
16238
16244
16249
16249
16251
16252
16252
16256
16257
16258
16270
16274
16274
16275
16279
16285
16287
16288
16288
16289
16291
16292
16293
16299
16299
16307
16309
16311
16313
16318
16318
16320
16320
16326
16329
16329
16330
16332
16334
16335
16335
16336
16342
16342
16346
16351
16353
16354
16361
16362
16365
16367
16370
16370
16372
16383
16393
16399
16403
16404
16404
16413
16414
16418
16420
16420
16428
16429
16431
16432
16446
16451
16458
16460
16469
16471
16474
16479
16488
16489
16493
16495
16496
16503
16508
16510
16520
16522
16524
16531
16533
16534
16536
16539
16540
16550
16554
16555
16558
16564
16564
16567
16572
16574
16582
16584
16585
16585
16589
16589
16598
16599
16601
16611
16614
16614
16624
16625
16625
16634
16635
16636
16641
16652
16656
16657
16658
16658
16658
16660
16661
16663
16670
16671
16673
16677
16684
16686
16686
16694
16704
16712
16713
16714
16716
16716
16719
16721
16722
16735
16745
16745
16746
16747
16753
16763
16768
16772
16776
16778
16779
16789
16790
16795
16796
16803
16806
16808
16809
16816
16817
16817
16822
16824
16826
16830
16833
16838
16838
16842
16842
16846
16851
16851
16860
16861
16869
16870
16870
16874
16879
16880
16884
16886
16890
16890
16893
16893
16894
16894
16900
16908
16909
16909
16909
16911
16913
16913
16916
16919
16921
16924
16928
16932
16934
16938
16942
16944
16946
16952
16952
16959
16960
16960
16961
16963
16965
16967
16967
16975
16976
16977
16983
16987
16989
16992
16996
16998
17012
17017
17022
17024
17027
17028
17030
17035
17035
17037
17039
17043
17044
17045
17049
17053
17056
17059
17061
17061
17062
17064
17068
17082
17089
17093
17095
17098
17100
17102
17103
17107
17113
17117
17117
17118
17122
17123
17125
17130
17136
17137
17140
17147
17158
17159
17161
17164
17167
17170
17172
17176
17176
17177
17179
17179
17187
17189
17192
17194
17195
17198
17201
17203
17203
17205
17207
17209
17210
17215
17222
17223
17227
17232
17238
17241
17245
17246
17246
17249
17252
17253
17254
17258
17259
17263
17265
17267
17271
17274
17277
17286
17291
17293
17294
17295
17296
17302
17304
17306
17308
17309
17310
17310
17312
17318
17320
17324
17335
17342
17349
17352
17352
17355
17356
17358
17358
17358
17359
17360
17369
17369
17376
17378
17382
17384
17384
17386
17397
17403
17405
17405
17407
17408
17411
17415
17422
17430
17433
17434
17435
17439
17440
17447
17447
17452
17460
17465
17469
17473
17474
17479
17481
17483
17488
17489
17490
17490
17498
17501
17501
17512
17517
17518
17520
17528
17530
17536
17541
17552
17554
17555
17557
17557
17558
17559
17561
17561
17566
17569
17570
17578
17584
17585
17585
17595
17598
17600
17602
17604
17607
17607
17615
17616
17623
17625
17625
17631
17633
17641
17641
17642
17646
17648
17652
17652
17653
17655
17661
17666
17670
17671
17677
17686
17686
17688
17703
17707
17707
17708
17709
17714
17715
17726
17726
17731
17731
17732
17734
17738
17739
17742
17744
17756
17758
17763
17780
17780
17780
17787
17788
17790
17791
17793
17793
17800
17802
17803
17804
17805
17806
17807
17807
17810
17814
17818
17822
17824
17825
17827
17828
17833
17838
17843
17850
17852
17853
17857
17858
17865
17865
17868
17873
17874
17882
17884
17895
17899
17903
17903
17910
17913
17913
17914
17915
17927
17928
17931
17934
17935
17946
17947
17952
17957
17959
17959
17963
17967
17968
17970
17974
17975
17975
17980
17982
17986
17986
17988
17990
17992
18000
18001
18001
18004
18006
18010
18012
18022
18022
18035
18039
18048
18052
18053
18060
18060
18064
18064
18074
18081
18087
18100
18101
18102
18103
18108
18109
18113
18118
18120
18126
18126
18132
18134
18138
18141
18143
18147
18147
18149
18152
18163
18166
18167
18169
18175
18179
18179
18180
18195
18199
18205
18207
18208
18211
18212
18212
18214
18218
18218
18225
18226
18229
18230
18231
18237
18246
18249
18249
18255
18257
18258
18259
18265
18268
18272
18273
18280
18280
18285
18286
18288
18289
18295
18296
18296
18299
18301
18303
18304
18305
18305
18306
18306
18307
18311
18314
18315
18316
18316
18317
18318
18322
18323
18329
18335
18336
18337
18339
18341
18342
18343
18348
18349
18364
18366
18367
18368
18379
18380
18381
18381
18382
18383
18388
18389
18389
18389
18391
18395
18399
18404
18404
18407
18408
18410
18411
18412
18413
18417
18420
18421
18422
18423
18427
18428
18429
18432
18434
18434
18437
18443
18445
18449
18450
18451
18453
18455
18459
18461
18464
18473
18473
18484
18485
18489
18505
18506
18512
18515
18518
18524
18537
18546
18546
18549
18550
18554
18560
18570
18579
18581
18581
18583
18585
18587
18588
18589
18589
18589
18593
18601
18603
18616
18618
18621
18627
18628
18635
18639
18640
18643
18645
18649
18650
18654
18654
18668
18678
18690
18696
18696
18701
18704
18706
18711
18712
18717
18721
18728
18731
18732
18734
18742
18744
18745
18752
18755
18762
18768
18769
18772
18773
18776
18776
18777
18782
18786
18786
18796
18798
18799
18800
18803
18803
18805
18810
18816
18819
18819
18824
18827
18832
18832
18842
18843
18850
18853
18856
18858
18871
18879
18882
18885
18887
18895
18899
18904
18909
18910
18913
18925
18927
18928
18939
18941
18945
18945
18952
18957
18960
18961
18966
18971
18971
18973
18974
18980
18982
18985
18986
18987
18987
18989
18993
18993
18996
18999
19013
19017
19023
19027
19032
19038
19040
19045
19047
19060
19061
19062
19063
19069
19069
19075
19075
19081
19081
19081
19088
19089
19090
19090
19099
19099
19105
19105
19115
19117
19119
19121
19122
19122
19126
19126
19132
19133
19134
19137
19141
19141
19144
19150
19152
19153
19159
19161
19163
19165
19175
19175
19175
19178
19183
19183
19184
19191
19195
19203
19203
19206
19211
19212
19215
19220
19225
19225
19227
19231
19235
19250
19252
19252
19255
19257
19262
19265
19266
19266
19269
19271
19273
19276
19285
19287
19288
19291
19291
19293
19296
19302
19304
19307
19309
19317
19320
19323
19327
19331
19331
19331
19332
19336
19337
19341
19341
19352
19360
19363
19365
19367
19377
19383
19389
19396
19399
19401
19405
19408
19410
19412
19413
19414
19419
19425
19428
19429
19438
19442
19442
19449
19449
19450
19451
19452
19454
19464
19474
19475
19475
19476
19480
19481
19485
19487
19488
19492
19503
19505
19506
19521
19523
19528
19531
19533
19536
19539
19539
19548
19555
19555
19557
19558
19567
19567
19567
19571
19581
19587
19589
19593
19600
19603
19608
19608
19611
19612
19612
19614
19617
19621
19625
19629
19631
19633
19641
19644
19644
19649
19651
19652
19656
19665
19667
19672
19672
19674
19674
19679
19680
19682
19687
19688
19689
19690
19691
19695
19703
19709
19711
19712
19715
19715
19716
19718
19724
19725
19726
19730
19732
19733
19736
19737
19739
19743
19743
19745
19746
19749
19750
19751
19751
19756
19757
19761
19765
19773
19781
19782
19785
19786
19787
19789
19795
19801
19804
19808
19810
19811
19813
19824
19826
19827
19831
19839
19849
19858
19865
19868
19870
19874
19877
19880
19880
19883
19884
19888
19904
19910
19913
19915
19916
19917
19917
19920
19925
19926
19927
19929
19934
19940
19942
19943
19946
19949
19949
19954
19957
19957
19961
19961
19962
19964
19968
19969
19977
19979
19984
19984
19985
19988
19992
19999
20007
20008
20008
20008
20011
20017
20021
20022
20023
20033
20039
20045
20045
20046
20053
20056
20056
20059
20059
20061
20064
20066
20070
20072
20072
20072
20076
20079
20079
20082
20083
20085
20087
20088
20092
20103
20104
20113
20117
20118
20119
20123
20125
20127
20128
20129
20132
20134
20135
20136
20141
20147
20149
20152
20157
20159
20160
20164
20173
20173
20181
20194
20201
20203
20203
20207
20209
20210
20216
20217
20222
20223
20226
20231
20232
20233
20248
20248
20250
20258
20259
20262
20263
20267
20302
20303
20303
20309
20316
20321
20326
20333
20339
20339
20341
20342
20355
20355
20357
20357
20358
20364
20376
20377
20378
20379
20379
20384
20385
20390
20395
20400
20400
20406
20409
20410
20413
20414
20424
20426
20431
20432
20438
20439
20440
20443
20457
20458
20459
20461
20466
20467
20470
20472
20482
20484
20491
20493
20502
20502
20508
20518
20519
20529
20529
20530
20531
20540
20541
20542
20544
20546
20546
20550
20551
20569
20579
20580
20582
20585
20593
20596
20602
20605
20608
20609
20611
20613
20616
20620
20622
20624
20629
20635
20636
20636
20644
20648
20650
20651
20651
20656
20657
20667
20671
20674
20675
20678
20679
20705
20706
20706
20711
20712
20714
20714
20719
20721
20724
20725
20727
20728
20729
20734
20735
20735
20736
20739
20741
20747
20747
20753
20755
20755
20756
20760
20768
20771
20773
20780
20783
20787
20793
20808
20814
20816
20818
20822
20824
20831
20831
20832
20845
20847
20851
20853
20855
20858
20860
20868
20871
20872
20885
20887
20887
20888
20888
20888
20890
20893
20894
20899
20904
20907
20909
20910
20916
20917
20926
20930
20933
20934
20939
20941
20941
20951
20952
20957
20961
20961
20963
20969
20971
20976
20978
20988
20989
20989
21001
21002
21014
21024
21034
21037
21041
21046
21048
21049
21054
21061
21067
21069
21073
21074
21074
21077
21080
21086
21091
21092
21092
21094
21098
21105
21106
21106
21109
21110
21112
21116
21119
21119
21121
21122
21130
21134
21140
21141
21143
21144
21145
21148
21153
21157
21161
21164
21167
21169
21170
21170
21172
21178
21178
21185
21190
21192
21193
21200
21200
21205
21210
21213
21215
21215
21222
21235
21238
21238
21239
21239
21245
21248
21249
21250
21258
21260
21260
21261
21262
21262
21263
21264
21268
21269
21274
21277
21278
21287
21288
21288
21290
21291
21297
21300
21305
21307
21307
21312
21318
21322
21322
21324
21325
21327
21336
21340
21346
21348
21349
21350
21353
21356
21357
21363
21374
21376
21383
21385
21390
21392
21392
21401
21406
21413
21416
21419
21425
21428
21430
21439
21440
21445
21447
21448
21448
21453
21457
21459
21460
21462
21462
21463
21465
21465
21467
21472
21478
21479
21481
21489
21492
21494
21500
21501
21503
21509
21510
21510
21511
21513
21514
21517
21518
21522
21534
21539
21541
21541
21541
21544
21551
21552
21554
21554
21558
21561
21562
21573
21573
21574
21575
21576
21578
21579
21580
21580
21584
21585
21590
21590
21595
21599
21607
21613
21618
21623
21624
21624
21627
21628
21636
21640
21642
21646
21647
21655
21659
21660
21661
21664
21668
21671
21680
21682
21684
21684
21686
21691
21707
21708
21712
21712
21712
21713
21720
21720
21731
21731
21731
21732
21732
21736
21737
21746
21746
21749
21752
21765
21766
21768
21776
21783
21786
21789
21790
21794
21795
21795
21796
21800
21800
21801
21806
21809
21812
21823
21825
21829
21829
21830
21830
21832
21832
21837
21837
21838
21839
21846
21848
21850
21857
21860
21863
21874
21880
21881
21882
21886
21895
21904
21915
21917
21918
21922
21924
21925
21929
21929
21930
21933
21934
21935
21935
21939
21941
21941
21944
21945
21949
21956
21957
21960
21967
21969
21969
21970
21971
21977
21982
21984
21984
21988
21995
21997
21999
22010
22011
22020
22024
22026
22027
22029
22031
22036
22040
22044
22044
22046
22051
22051
22051
22052
22058
22061
22061
22062
22063
22067
22070
22071
22072
22077
22081
22085
22091
22093
22093
22098
22101
22102
22102
22103
22103
22114
22114
22114
22116
22119
22120
22120
22122
22127
22128
22129
22135
22150
22153
22156
22157
22162
22163
22169
22172
22174
22174
22175
22177
22177
22177
22185
22186
22187
22188
22189
22199
22201
22205
22217
22220
22222
22225
22238
22238
22238
22243
22245
22248
22249
22249
22251
22252
22253
22255
22257
22258
22260
22260
22269
22271
22273
22277
22278
22280
22281
22282
22283
22285
22292
22292
22294
22296
22302
22304
22306
22307
22315
22316
22316
22317
22317
22320
22322
22325
22326
22328
22329
22336
22341
22345
22350
22358
22364
22368
22370
22374
22378
22389
22392
22393
22393
22396
22402
22402
22403
22403
22407
22414
22415
22427
22432
22435
22437
22438
22439
22447
22453
22454
22460
22463
22465
22467
22477
22479
22480
22484
22485
22487
22488
22492
22493
22494
22496
22497
22510
22511
22512
22514
22516
22518
22522
22531
22538
22541
22546
22546
22550
22558
22563
22564
22567
22569
22578
22584
22587
22590
22592
22593
22594
22602
22603
22605
22612
22615
22617
22623
22629
22631
22631
22632
22634
22636
22638
22646
22655
22656
22658
22663
22666
22667
22673
22674
22674
22678
22680
22681
22681
22685
22693
22699
22700
22706
22707
22708
22709
22709
22720
22722
22725
22727
22729
22742
22742
22742
22743
22745
22746
22753
22759
22761
22761
22770
22774
22774
22781
22784
22786
22789
22793
22807
22809
22811
22813
22815
22817
22820
22824
22825
22826
22827
22831
22831
22833
22835
22842
22843
22843
22862
22865
22866
22877
22881
22884
22885
22888
22889
22894
22897
22902
22905
22911
22923
22923
22926
22929
22942
22949
22950
22952
22954
22954
22955
22955
22960
22961
22964
22967
22983
22985
22987
22989
22992
22992
22993
22999
23003
23003
23005
23005
23008
23011
23012
23016
23019
23020
23020
23022
23023
23027
23029
23039
23040
23046
23049
23050
23053
23057
23061
23070
23073
23079
23080
23082
23093
23095
23095
23097
23098
23099
23101
23103
23105
23107
23113
23115
23115
23118
23121
23122
23123
23126
23128
23133
23134
23137
23137
23139
23145
23148
23150
23153
23156
23156
23161
23165
23168
23168
23168
23168
23170
23171
23174
23179
23181
23187
23192
23194
23197
23198
23201
23201
23204
23206
23208
23210
23211
23212
23216
23217
23224
23228
23228
23231
23233
23233
23234
23238
23239
23240
23241
23245
23247
23248
23251
23252
23252
23255
23258
23260
23261
23261
23264
23267
23267
23270
23271
23274
23275
23280
23282
23285
23287
23287
23290
23291
23293
23298
23306
23316
23320
23324
23326
23328
23337
23337
23340
23343
23345
23345
23349
23356
23359
23360
23362
23363
23371
23372
23376
23383
23386
23387
23393
23395
23396
23398
23401
23401
23406
23409
23413
23416
23417
23421
23421
23423
23426
23432
23434
23436
23442
23443
23447
23453
23454
23457
23459
23464
23464
23465
23472
23473
23473
23473
23474
23479
23482
23484
23485
23487
23493
23501
23502
23506
23506
23506
23510
23511
23512
23512
23513
23515
23517
23520
23520
23522
23523
23525
23528
23530
23533
23543
23543
23543
23548
23551
23555
23556
23562
23564
23565
23567
23570
23573
23577
23578
23581
23585
23585
23587
23591
23593
23593
23594
23599
23599
23602
23604
23605
23605
23607
23609
23610
23617
23617
23621
23625
23629
23634
23635
23635
23636
23638
23638
23640
23643
23644
23652
23653
23656
23667
23672
23673
23674
23675
23676
23676
23678
23682
23686
23687
23689
23695
23704
23706
23707
23715
23717
23719
23720
23723
23723
23730
23733
23733
23740
23744
23752
23756
23756
23762
23762
23766
23772
23777
23799
23799
23801
23809
23815
23816
23816
23820
23821
23821
23825
23827
23842
23843
23846
23851
23851
23856
23857
23860
23864
23867
23871
23876
23883
23884
23902
23905
23908
23909
23912
23916
23916
23916
23921
23925
23930
23931
23932
23936
23936
23939
23939
23942
23942
23942
23944
23949
23961
23961
23964
23971
23975
23976
23981
23991
23992
23996
23997
24007
24007
24008
24009
24010
24011
24016
24018
24022
24024
24026
24030
24033
24036
24041
24043
24045
24047
24057
24058
24058
24071
24071
24078
24080
24081
24082
24082
24083
24089
24092
24093
24095
24098
24103
24103
24107
24107
24108
24109
24109
24111
24115
24115
24116
24116
24120
24125
24126
24129
24131
24140
24143
24144
24145
24147
24152
24153
24160
24160
24164
24165
24166
24170
24171
24181
24185
24189
24200
24203
24212
24214
24221
24225
24226
24228
24229
24234
24235
24237
24237
24238
24238
24243
24244
24245
24245
24256
24258
24259
24268
24269
24269
24273
24279
24285
24288
24295
24303
24311
24313
24315
24315
24320
24320
24320
24323
24327
24331
24335
24335
24339
24339
24345
24351
24351
24354
24355
24358
24368
24369
24370
24372
24372
24373
24373
24375
24378
24380
24382
24389
24400
24403
24406
24408
24411
24413
24416
24424
24430
24438
24443
24449
24449
24449
24449
24452
24453
24453
24455
24457
24461
24465
24472
24483
24489
24495
24496
24497
24498
24499
24500
24500
24502
24503
24515
24516
24518
24524
24525
24537
24539
24539
24540
24545
24546
24548
24558
24564
24567
24567
24575
24576
24577
24579
24582
24582
24586
24593
24595
24600
24613
24615
24622
24626
24630
24630
24632
24633
24634
24638
24639
24640
24640
24648
24650
24652
24656
24657
24661
24662
24664
24666
24667
24667
24671
24671
24678
24678
24679
24683
24684
24684
24686
24688
24691
24698
24699
24699
24702
24708
24708
24723
24726
24730
24735
24739
24745
24747
24748
24751
24753
24758
24761
24761
24762
24762
24765
24768
24772
24783
24788
24789
24791
24791
24792
24793
24800
24801
24801
24807
24807
24809
24812
24813
24814
24817
24817
24819
24830
24832
24832
24840
24843
24844
24845
24853
24855
24856
24858
24862
24864
24865
24866
24866
24867
24884
24892
24901
24904
24905
24913
24917
24918
24921
24924
24929
24931
24932
24944
24952
24954
24962
24964
24967
24975
24976
24976
24979
24981
24981
24989
24989
24989
24995
24997
24998
25000
25003
25009
25009
25009
25011
25018
25029
25030
25031
25032
25034
25039
25043
25044
25049
25054
25056
25058
25059
25060
25062
25063
25068
25071
25071
25075
25075
25076
25082
25083
25086
25087
25093
25093
25093
25097
25097
25105
25111
25117
25121
25121
25128
25137
25139
25140
25141
25143
25145
25146
25146
25148
25153
25161
25164
25167
25172
25173
25177
25177
25179
25183
25184
25190
25192
25194
25195
25196
25200
25204
25205
25206
25209
25210
25212
25216
25216
25218
25232
25233
25239
25242
25243
25246
25250
25250
25252
25253
25259
25262
25265
25265
25269
25271
25275
25277
25277
25277
25285
25286
25288
25288
25292
25296
25300
25301
25308
25313
25322
25324
25324
25324
25336
25341
25345
25346
25351
25355
25359
25361
25364
25368
25368
25370
25374
25396
25398
25401
25403
25404
25405
25407
25412
25413
25415
25417
25418
25420
25423
25427
25428
25432
25434
25438
25440
25448
25450
25455
25456
25460
25465
25472
25472
25475
25476
25476
25478
25479
25479
25479
25484
25489
25490
25494
25498
25501
25503
25505
25507
25507
25509
25512
25512
25515
25516
25517
25524
25527
25530
25530
25537
25542
25543
25544
25544
25546
25549
25552
25555
25564
25565
25568
25574
25575
25577
25578
25579
25584
25590
25590
25590
25595
25597
25600
25604
25605
25607
25607
25611
25616
25616
25617
25619
25621
25626
25626
25630
25632
25642
25647
25651
25655
25655
25656
25660
25660
25661
25664
25667
25670
25671
25675
25676
25677
25678
25686
25687
25687
25688
25689
25695
25696
25696
25699
25713
25715
25717
25717
25718
25720
25721
25723
25730
25734
25736
25741
25742
25746
25746
25749
25750
25754
25761
25765
25767
25782
25783
25789
25790
25799
25802
25809
25812
25814
25817
25823
25824
25827
25829
25846
25851
25856
25856
25856
25860
25861
25861
25863
25874
25876
25878
25881
25885
25885
25888
25889
25892
25895
25896
25901
25910
25912
25912
25918
25921
25921
25925
25929
25933
25934
25935
25937
25946
25959
25962
25963
25963
25965
25966
25967
25979
25979
25981
25985
25986
25986
25988
25992
25992
25994
25994
25996
26000
26000
26000
26003
26005
26008
26008
26009
26012
26014
26014
26015
26020
26020
26025
26035
26036
26039
26040
26040
26046
26046
26055
26059
26061
26067
26072
26081
26091
26105
26106
26107
26109
26111
26114
26117
26118
26134
26136
26136
26137
26140
26146
26150
26163
26169
26172
26182
26190
26192
26193
26194
26195
26197
26197
26197
26201
26211
26213
26217
26218
26222
26226
26228
26228
26231
26232
26233
26234
26236
26238
26241
26242
26250
26251
26252
26253
26271
26272
26274
26275
26288
26290
26293
26296
26298
26300
26302
26307
26307
26308
26314
26314
26315
26319
26338
26343
26344
26347
26358
26360
26360
26367
26368
26371
26376
26381
26383
26384
26384
26385
26386
26388
26390
26391
26394
26394
26408
26415
26418
26419
26428
26430
26432
26435
26436
26439
26440
26440
26442
26445
26446
26455
26459
26459
26461
26462
26468
26468
26470
26470
26470
26472
26478
26479
26485
26492
26495
26498
26498
26500
26504
26509
26517
26517
26517
26520
26529
26535
26536
26537
26540
26541
26543
26548
26556
26557
26560
26567
26575
26577
26578
26580
26581
26585
26591
26593
26595
26597
26598
26600
26603
26604
26614
26616
26617
26619
26638
26638
26639
26640
26644
26650
26652
26660
26663
26663
26664
26666
26674
26675
26675
26679
26680
26681
26685
26689
26691
26693
26695
26698
26700
26704
26709
26710
26716
26721
26722
26724
26731
26737
26737
26738
26739
26740
26742
26743
26744
26746
26756
26757
26763
26764
26765
26765
26765
26770
26773
26775
26778
26780
26781
26781
26794
26796
26796
26799
26804
26809
26810
26811
26811
26819
26822
26823
26830
26830
26834
26836
26838
26838
26840
26841
26841
26849
26849
26852
26857
26857
26868
26870
26871
26873
26875
26879
26883
26884
26888
26889
26895
26897
26897
26906
26907
26907
26915
26918
26919
26920
26924
26925
26926
26929
26931
26935
26935
26937
26938
26939
26941
26942
26947
26949
26949
26950
26951
26951
26952
26953
26954
26961
26966
26970
26978
26984
26994
26996
26997
26997
26999
27002
27003
27006
27008
27009
27009
27010
27015
27017
27020
27028
27029
27029
27031
27034
27035
27039
27040
27044
27044
27046
27047
27050
27056
27057
27058
27058
27059
27060
27060
27060
27061
27063
27066
27067
27071
27076
27079
27080
27085
27086
27090
27090
27093
27103
27106
27111
27117
27127
27127
27128
27128
27129
27133
27137
27139
27141
27144
27151
27160
27162
27168
27177
27179
27185
27185
27188
27191
27194
27196
27199
27200
27201
27202
27209
27211
27212
27215
27219
27222
27223
27225
27225
27232
27236
27239
27261
27263
27273
27273
27278
27280
27285
27287
27293
27293
27295
27295
27301
27302
27306
27308
27310
27312
27317
27320
27325
27327
27328
27328
27330
27332
27332
27332
27333
27337
27341
27348
27349
27349
27355
27360
27362
27362
27362
27368
27369
27373
27376
27377
27378
27379
27380
27388
27388
27395
27396
27400
27410
27422
27428
27430
27431
27433
27443
27449
27450
27465
27475
27485
27486
27490
27492
27499
27502
27502
27504
27507
27509
27511
27515
27521
27534
27538
27544
27546
27550
27555
27558
27562
27567
27575
27576
27578
27582
27583
27587
27589
27592
27600
27602
27602
27605
27606
27613
27614
27619
27619
27629
27629
27637
27638
27643
27655
27656
27659
27666
27666
27669
27675
27676
27679
27679
27680
27687
27689
27690
27691
27695
27700
27700
27700
27702
27705
27706
27707
27710
27714
27714
27722
27727
27728
27732
27735
27738
27738
27745
27747
27748
27750
27753
27762
27763
27765
27766
27768
27769
27771
27772
27774
27785
27785
27791
27799
27805
27808
27809
27821
27824
27828
27841
27843
27848
27854
27855
27858
27861
27863
27864
27869
27871
27873
27873
27873
27879
27885
27888
27894
27909
27913
27916
27918
27920
27928
27928
27931
27932
27941
27941
27941
27942
27945
27953
27958
27960
27960
27963
27971
27972
27977
27978
27993
27994
28001
28006
28007
28009
28012
28016
28017
28017
28019
28020
28024
28025
28026
28026
28032
28034
28035
28038
28045
28045
28046
28048
28049
28052
28056
28059
28060
28064
28066
28068
28070
28072
28073
28080
28092
28099
28107
28108
28114
28117
28117
28119
28123
28123
28125
28129
28133
28138
28143
28144
28146
28148
28156
28161
28165
28169
28172
28177
28181
28181
28181
28185
28194
28201
28206
28214
28216
28219
28219
28223
28230
28230
28234
28235
28239
28239
28244
28252
28255
28262
28265
28272
28273
28276
28283
28285
28287
28289
28289
28290
28291
28294
28296
28299
28299
28299
28300
28301
28301
28305
28317
28318
28332
28339
28343
28343
28349
28357
28358
28359
28360
28363
28364
28372
28373
28385
28386
28389
28394
28398
28401
28404
28407
28408
28409
28409
28409
28410
28413
28413
28414
28415
28416
28416
28417
28422
28425
28425
28427
28429
28430
28441
28442
28449
28450
28453
28456
28457
28459
28460
28461
28463
28464
28467
28470
28472
28476
28488
28489
28489
28490
28491
28501
28503
28505
28507
28513
28514
28515
28518
28524
28531
28533
28535
28538
28545
28547
28549
28552
28556
28557
28560
28561
28567
28567
28577
28578
28579
28581
28583
28583
28588
28589
28591
28594
28597
28597
28599
28600
28602
28604
28609
28610
28610
28624
28624
28634
28636
28637
28643
28644
28648
28649
28651
28656
28657
28661
28666
28669
28673
28681
28689
28694
28697
28697
28698
28700
28701
28705
28706
28710
28718
28719
28725
28727
28729
28732
28743
28745
28748
28749
28751
28751
28751
28759
28761
28769
28771
28772
28774
28776
28784
28789
28791
28793
28796
28799
28804
28806
28807
28809
28810
28813
28813
28814
28815
28825
28827
28831
28832
28835
28835
28835
28836
28838
28838
28843
28844
28844
28847
28847
28850
28855
28860
28860
28861
28863
28870
28872
28875
28882
28882
28887
28892
28893
28895
28898
28900
28909
28914
28915
28918
28922
28926
28927
28933
28934
28936
28940
28945
28958
28960
28962
28964
28964
28966
28968
28968
28973
28974
28982
28988
28994
28995
29002
29003
29006
29021
29022
29027
29028
29029
29030
29031
29032
29037
29038
29042
29046
29046
29047
29052
29054
29059
29059
29061
29065
29067
29070
29077
29080
29080
29091
29093
29094
29095
29097
29100
29104
29107
29110
29111
29112
29112
29116
29119
29122
29130
29135
29136
29140
29145
29148
29148
29149
29158
29158
29160
29161
29161
29162
29167
29171
29183
29192
29196
29203
29217
29218
29224
29228
29228
29229
29230
29231
29237
29242
29246
29248
29248
29252
29253
29254
29258
29261
29262
29267
29270
29285
29290
29291
29295
29300
29316
29323
29327
29330
29331
29333
29334
29344
29348
29351
29351
29352
29354
29355
29355
29355
29355
29356
29357
29361
29363
29365
29366
29367
29371
29374
29376
29376
29382
29382
29384
29386
29393
29399
29405
29408
29408
29414
29415
29427
29428
29429
29437
29438
29441
29442
29442
29442
29446
29448
29448
29449
29451
29452
29464
29468
29468
29477
29477
29481
29486
29498
29498
29506
29507
29521
29522
29525
29538
29539
29540
29543
29550
29553
29557
29562
29562
29565
29567
29569
29569
29570
29581
29585
29588
29590
29590
29592
29597
29601
29601
29605
29608
29608
29610
29614
29616
29620
29621
29621
29622
29624
29628
29629
29634
29641
29642
29643
29646
29650
29656
29664
29666
29670
29674
29674
29675
29679
29681
29688
29692
29696
29699
29700
29702
29703
29707
29709
29710
29711
29712
29716
29718
29720
29722
29732
29734
29738
29738
29740
29741
29744
29748
29750
29751
29753
29756
29759
29759
29761
29762
29763
29764
29766
29768
29769
29770
29782
29787
29787
29788
29790
29791
29792
29795
29797
29800
29808
29814
29818
29821
29822
29823
29826
29829
29830
29830
29839
29841
29845
29852
29853
29855
29863
29864
29868
29868
29869
29870
29871
29874
29874
29893
29902
29902
29904
29905
29908
29916
29921
29922
29926
29930
29932
29933
29935
29935
29952
29956
29958
29968
29969
29974
29976
29977
29982
29985
29991
29998
30001
30004
30010
30010
30018
30020
30021
30030
30033
30033
30034
30039
30043
30050
30053
30054
30056
30061
30070
30075
30079
30080
30082
30083
30091
30101
30103
30104
30106
30112
30118
30118
30120
30122
30131
30132
30133
30140
30144
30145
30146
30148
30148
30149
30150
30152
30154
30155
30156
30159
30159
30170
30175
30180
30182
30186
30188
30191
30193
30193
30194
30198
30201
30203
30204
30206
30209
30212
30213
30221
30226
30228
30234
30241
30245
30248
30250
30253
30261
30265
30269
30272
30277
30280
30280
30286
30287
30288
30294
30297
30299
30299
30301
30305
30306
30309
30310
30312
30315
30322
30331
30335
30336
30339
30339
30345
30347
30354
30361
30369
30374
30376
30381
30388
30389
30390
30391
30392
30397
30404
30405
30410
30414
30414
30419
30424
30425
30430
30431
30434
30435
30435
30442
30445
30452
30455
30460
30462
30463
30471
30481
30483
30485
30491
30498
30500
30502
30506
30508
30512
30514
30516
30527
30530
30531
30541
30542
30542
30545
30556
30556
30561
30562
30564
30565
30569
30580
30583
30583
30583
30584
30586
30587
30587
30592
30600
30607
30610
30612
30618
30628
30635
30637
30640
30642
30642
30645
30645
30646
30651
30652
30657
30659
30662
30665
30666
30670
30672
30676
30681
30682
30689
30690
30696
30701
30703
30706
30707
30707
30708
30714
30716
30718
30722
30724
30732
30732
30739
30746
30749
30751
30756
30760
30761
30776
30780
30783
30783
30786
30788
30791
30794
30800
30804
30805
30811
30812
30813
30814
30814
30838
30839
30840
30841
30847
30848
30849
30853
30854
30860
30871
30880
30881
30889
30902
30905
30910
30911
30919
30920
30923
30923
30927
30928
30931
30941
30942
30945
30947
30951
30953
30957
30960
30961
30971
30972
30974
30984
30985
30987
30988
30989
30990
30995
31000
31004
31012
31013
31024
31029
31032
31034
31037
31042
31047
31061
31062
31064
31065
31065
31078
31078
31079
31085
31089
31092
31093
31095
31097
31097
31098
31110
31117
31120
31126
31133
31134
31135
31136
31140
31142
31142
31143
31144
31149
31156
31158
31159
31168
31168
31170
31175
31184
31184
31190
31191
31211
31211
31211
31215
31222
31224
31225
31230
31231
31237
31240
31241
31241
31248
31252
31256
31261
31271
31276
31280
31282
31282
31285
31287
31293
31296
31300
31315
31321
31325
31329
31344
31346
31347
31354
31356
31362
31365
31365
31369
31369
31373
31377
31382
31386
31390
31392
31394
31395
31395
31397
31403
31405
31407
31411
31411
31413
31418
31419
31420
31430
31431
31433
31434
31434
31437
31438
31441
31446
31447
31451
31452
31463
31463
31464
31467
31476
31479
31480
31481
31492
31496
31496
31496
31501
31503
31503
31506
31510
31513
31514
31515
31517
31518
31520
31525
31526
31527
31529
31533
31535
31543
31544
31544
31547
31554
31558
31570
31572
31578
31579
31582
31585
31589
31590
31597
31607
31611
31616
31616
31620
31622
31625
31628
31632
31636
31636
31639
31640
31645
31649
31652
31659
31665
31670
31674
31674
31675
31677
31678
31685
31687
31692
31692
31695
31705
31706
31710
31716
31720
31720
31722
31723
31724
31724
31729
31732
31733
31738
31744
31745
31746
31753
31762
31762
31768
31772
31777
31780
31781
31789
31791
31793
31795
31797
31800
31800
31801
31805
31806
31807
31808
31815
31824
31825
31830
31835
31836
31839
31841
31849
31854
31864
31870
31871
31895
31897
31898
31899
31900
31901
31907
31914
31916
31917
31919
31922
31925
31925
31926
31927
31936
31942
31943
31944
31950
31958
31959
31962
31964
31965
31966
31967
31972
31977
31977
31987
31990
31997
32001
32002
32008
32022
32023
32031
32037
32037
32038
32042
32046
32047
32049
32050
32050
32053
32057
32057
32063
32077
32078
32078
32078
32083
32085
32086
32087
32088
32091
32092
32097
32098
32099
32101
32104
32108
32118
32119
32122
32123
32126
32126
32128
32134
32138
32139
32143
32147
32156
32161
32166
32171
32172
32174
32175
32187
32188
32189
32190
32194
32200
32203
32205
32215
32221
32222
32222
32224
32227
32230
32232
32232
32234
32239
32252
32254
32268
32272
32274
32278
32283
32284
32286
32286
32287
32287
32290
32290
32298
32303
32303
32303
32314
32323
32334
32335
32337
32338
32341
32344
32346
32346
32349
32349
32358
32361
32362
32363
32367
32368
32369
32370
32370
32377
32377
32379
32380
32388
32388
32391
32398
32399
32401
32404
32415
32422
32422
32428
32432
32435
32439
32441
32444
32449
32451
32451
32451
32453
32462
32470
32473
32480
32481
32486
32487
32488
32490
32491
32492
32493
32496
32496
32504
32506
32507
32510
32512
32513
32514
32517
32527
32527
32529
32532
32532
32533
32534
32534
32541
32561
32563
32566
32571
32575
32583
32587
32590
32594
32595
32604
32606
32608
32608
32608
32621
32628
32636
32639
32643
32650
32658
32659
32663
32664
32671
32671
32674
32674
32677
32677
32680
32686
32686
32693
32694
32694
32698
32702
32703
32704
32709
32713
32713
32714
32716
32717
32718
32723
32725
32730
32732
32735
32736
32749
32750
32750
32752
32757
32758
32766
32767
32767
