1000
36
136
146
166
259
349
400
492
547
556
566
566
567
582
593
594
616
632
676
695
704
737
752
775
829
877
988
993
994
1001
1024
1043
1056
1082
1097
1144
1148
1150
1152
1191
1192
1197
1255
1273
1314
1330
1367
1399
1442
1447
1472
1506
1534
1559
1622
1623
1628
1632
1634
1658
1677
1697
1748
1760
1781
1783
1803
1826
1880
1895
1918
1924
1964
1968
1982
2014
2053
2099
2105
2229
2355
2376
2403
2422
2442
2463
2577
2584
2602
2623
2652
2660
2667
2672
2717
2775
2846
2856
2949
2978
2987
2996
3030
3050
3149
3206
3308
3368
3399
3504
3505
3651
3678
3703
3732
3794
3795
3840
3888
3931
3943
3967
4002
4038
4069
4101
4121
4130
4132
4154
4173
4175
4235
4298
4391
4400
4419
4438
4495
4508
4590
4713
4719
4728
4731
4735
4764
4823
4830
4837
4854
4904
4945
5034
5068
5171
5191
5231
5258
5277
5285
5287
5331
5352
5411
5415
5498
5547
5551
5622
5624
5703
5736
5767
5779
5834
5846
5898
5923
5930
5970
6000
6039
6100
6138
6234
6258
6321
6323
6333
6350
6353
6390
6393
6401
6508
6528
6545
6547
6554
6579
6622
6626
6657
6666
6720
6785
6869
6969
6979
7004
7018
7034
7102
7112
7243
7275
7282
7308
7358
7430
7464
7493
7631
7637
7655
7687
7792
7825
7844
7852
7861
7871
7884
7891
7904
7948
7951
7953
8231
8242
8250
8251
8259
8271
8302
8315
8378
8439
8450
8501
8504
8505
8539
8586
8638
8649
8658
8690
8691
8755
8780
8798
8834
8894
8895
8922
8929
8971
9002
9008
9014
9023
9025
9120
9126
9206
9234
9253
9276
9289
9292
9372
9411
9451
9471
9627
9643
9702
9721
9727
9786
9798
9878
9893
9923
9936
9961
9974
10015
10051
10054
10067
10071
10110
10121
10142
10198
10230
10259
10307
10312
10324
10377
10384
10390
10506
10565
10567
10575
10578
10668
10760
10774
10817
10823
10833
10855
10886
10930
10941
11010
11059
11067
11072
11077
11082
11114
11150
11177
11267
11306
11316
11350
11373
11423
11436
11449
11531
11643
11694
11704
11756
11767
11780
11792
11832
11857
11887
11907
11985
12017
12107
12111
12112
12157
12209
12236
12248
12275
12324
12337
12348
12396
12403
12468
12494
12540
12583
12603
12604
12617
12680
12742
12763
12764
12791
12810
12811
12887
12902
12924
12955
13064
13068
13090
13106
13112
13114
13205
13210
13276
13280
13291
13321
13341
13365
13414
13423
13457
13518
13572
13618
13630
13707
13755
13858
13870
13906
13940
14064
14124
14137
14160
14170
14205
14206
14220
14333
14345
14413
14472
14484
14502
14546
14550
14575
14593
14608
14632
14635
14649
14704
14807
14809
14934
14950
14997
15029
15037
15057
15073
15089
15128
15139
15144
15225
15255
15268
15392
15409
15418
15512
15516
15568
15618
15729
15818
15863
15897
15900
15920
15948
15985
15991
16003
16009
16017
16026
16032
16061
16093
16094
16124
16205
16212
16213
16255
16278
16349
16362
16364
16381
16392
16427
16497
16508
16520
16556
16592
16694
16715
16728
16742
16782
16824
16849
16858
16859
16870
16891
16930
16950
16972
17000
17028
17035
17078
17090
17106
17123
17132
17165
17186
17234
17238
17279
17345
17350
17393
17397
17402
17461
17502
17532
17603
17615
17625
17662
17666
17690
17781
17796
17809
17841
17844
17846
17848
17868
17879
17883
17919
17952
17957
17977
17978
17993
18202
18237
18274
18290
18357
18405
18408
18482
18499
18513
18524
18531
18547
18553
18595
18628
18685
18777
18879
18888
18893
18898
18908
18957
19001
19017
19042
19142
19153
19156
19175
19227
19252
19270
19284
19415
19422
19445
19455
19489
19499
19546
19608
19657
19699
19817
19883
19927
20071
20086
20093
20158
20199
20222
20222
20244
20329
20333
20342
20467
20544
20551
20552
20572
20591
20638
20657
20668
20677
20717
20746
20775
20784
20816
20941
20976
20979
21012
21047
21061
21093
21130
21145
21171
21192
21203
21211
21235
21256
21260
21280
21329
21334
21350
21383
21396
21444
21458
21497
21561
21564
21645
21697
21712
21782
21785
21801
21862
21873
21886
21888
21893
21900
21920
21946
22024
22051
22185
22190
22196
22257
22270
22274
22291
22371
22407
22426
22462
22467
22475
22489
22554
22579
22615
22628
22668
22683
22756
22763
22787
22806
22809
22811
22815
22834
22850
22867
22919
22959
22977
22987
23039
23077
23097
23103
23158
23170
23204
23227
23244
23274
23295
23296
23314
23366
23368
23446
23469
23474
23488
23542
23619
23625
23637
23675
23676
23687
23709
23755
23827
23844
23906
23936
23983
24112
24119
24141
24169
24202
24343
24376
24404
24501
24576
24580
24631
24684
24707
24720
24744
24825
24863
24928
25016
25025
25075
25081
25150
25190
25205
25234
25286
25303
25364
25416
25475
25501
25502
25522
25543
25579
25592
25663
25671
25671
25681
25754
25787
25852
25889
25968
26069
26072
26074
26098
26132
26156
26209
26220
26231
26236
26269
26285
26294
26297
26462
26467
26496
26502
26517
26517
26538
26543
26549
26564
26603
26655
26659
26683
26744
26765
26810
26820
26827
26840
26853
26855
26902
26904
26923
26946
27064
27125
27223
27251
27337
27359
27398
27428
27441
27459
27463
27489
27497
27535
27545
27552
27557
27567
27603
27624
27625
27650
27672
27674
27693
27730
27858
27919
27935
27935
27937
27952
27957
27958
28006
28064
28071
28077
28084
28168
28254
28274
28283
28313
28314
28367
28380
28384
28415
28422
28439
28537
28578
28632
28667
28684
28698
28729
28741
28818
28852
28861
28878
28880
28897
29019
29054
29081
29219
29225
29228
29288
29362
29409
29502
29503
29534
29600
29610
29615
29656
29800
29826
29850
29884
29896
29909
29917
29928
29960
29989
30032
30074
30078
30118
30149
30177
30222
30258
30438
30477
30478
30532
30570
30644
30664
30675
30682
30705
30709
30792
30793
30823
30898
30951
30996
31007
31031
31056
31070
31117
31153
31156
31181
31184
31290
31305
31362
31429
31450
31454
31520
31528
31645
31657
31680
31755
31759
31795
31823
31833
31861
31863
31887
31923
31997
32134
32185
32205
32207
32226
32247
32299
32314
32319
32346
32371
32410
32418
32425
32434
32524
32529
32541
32610
32652
32688
32702
32706
32717
32729
32744
