100
215
326
477
606
1079
1200
1586
1956
2060
2227
2369
2779
2931
2991
3194
3992
4077
5064
5341
5859
6435
6437
6914
7569
7760
7930
8094
8249
8644
9575
9598
10509
10901
11405
12384
12623
12692
13102
13125
13650
13678
13739
13827
13870
13950
13993
14046
14126
14243
14544
14581
14921
15040
15881
15890
16599
17151
17753
17789
19003
19012
19094
19112
19223
19465
19486
20023
20354
20494
20570
20594
20755
22576
22588
22591
22714
23201
23631
23661
24220
24290
24725
25108
25361
25389
25743
25855
26335
26434
26473
27476
28294
28372
28375
28432
28654
29727
31018
31969
32111
