1000
45
81
81
154
169
173
315
327
391
432
491
503
601
633
696
762
798
815
889
942
968
976
997
1102
1130
1133
1134
1140
1249
1265
1271
1278
1319
1334
1389
1392
1412
1437
1437
1485
1555
1579
1591
1599
1600
1618
1623
1639
1644
1690
1706
1724
1730
1762
1815
1873
1888
2053
2081
2112
2184
2219
2223
2227
2286
2336
2383
2426
2428
2439
2443
2451
2568
2680
2743
2776
2789
2799
2838
2870
2921
2934
2962
2979
3001
3025
3058
3135
3155
3159
3182
3183
3195
3203
3234
3238
3250
3312
3334
3379
3394
3416
3449
3473
3481
3537
3537
3548
3621
3652
3675
3675
3693
3709
3713
3764
3769
3784
3785
3802
3822
3873
3885
3916
3924
3995
4016
4161
4182
4193
4217
4234
4252
4275
4308
4317
4338
4361
4366
4407
4408
4472
4589
4612
4657
4678
4755
4761
4764
4786
4794
4803
4834
4872
4916
4943
4956
4987
5006
5021
5039
5063
5065
5070
5105
5121
5126
5130
5153
5347
5347
5384
5395
5412
5470
5480
5520
5523
5535
5535
5590
5592
5617
5660
5676
5678
5720
5736
5842
5845
5848
5875
5910
5965
5999
6028
6100
6139
6170
6185
6211
6218
6227
6253
6269
6276
6309
6360
6365
6388
6407
6412
6448
6453
6487
6498
6534
6555
6555
6563
6587
6591
6594
6634
6636
6682
6788
6931
7017
7047
7055
7098
7117
7125
7146
7146
7162
7204
7206
7215
7262
7281
7367
7379
7399
7414
7439
7499
7503
7574
7635
7684
7703
7704
7721
7765
7769
7770
7778
7872
7920
7937
8001
8026
8057
8082
8083
8121
8125
8162
8317
8349
8409
8414
8427
8437
8552
8742
8763
8776
8791
8807
8817
8823
8853
8856
8917
8936
8987
9094
9159
9375
9378
9388
9430
9432
9608
9620
9638
9642
9681
9685
9697
9729
9742
9752
9759
9801
9806
9899
9954
10023
10054
10055
10103
10138
10182
10238
10287
10317
10356
10399
10412
10416
10454
10489
10507
10530
10573
10617
10620
10684
10774
10778
10814
10829
10919
10975
10997
11012
11048
11064
11089
11100
11140
11152
11154
11168
11200
11205
11239
11248
11256
11316
11348
11371
11385
11393
11398
11409
11423
11425
11434
11447
11537
11559
11571
11576
11608
11647
11649
11714
11729
11746
11753
11764
11791
11828
11884
11890
11948
11988
12004
12133
12150
12152
12177
12261
12286
12316
12333
12342
12344
12377
12408
12427
12431
12462
12465
12533
12544
12551
12576
12589
12607
12671
12673
12676
12725
12729
12766
12767
12773
12825
12856
12886
12929
12951
12964
13009
13047
13143
13280
13289
13321
13327
13342
13401
13425
13437
13455
13471
13547
13622
13670
13728
13826
13955
13961
13990
13995
13999
14046
14120
14129
14182
14211
14269
14327
14375
14376
14376
14392
14415
14422
14483
14504
14539
14554
14654
14676
14681
14697
14699
14718
14718
14731
14759
14778
14793
14890
14903
14913
14924
14932
14936
14942
14982
14990
15040
15091
15141
15164
15177
15221
15266
15281
15333
15428
15494
15497
15507
15511
15550
15615
15914
15941
15951
15981
15994
16028
16072
16153
16184
16190
16235
16280
16313
16332
16361
16453
16493
16511
16533
16553
16627
16734
16767
16779
16798
16860
16902
16931
16964
17026
17092
17151
17157
17261
17267
17288
17293
17309
17349
17377
17455
17508
17512
17544
17583
17614
17622
17644
17689
17768
17784
17826
17974
18007
18008
18016
18020
18048
18061
18077
18217
18269
18286
18309
18315
18317
18333
18383
18408
18409
18451
18485
18501
18509
18556
18577
18585
18601
18618
18637
18653
18698
18716
18727
18730
18731
18748
18768
18809
18850
18903
18983
19021
19051
19077
19103
19109
19185
19226
19282
19302
19376
19381
19466
19511
19523
19552
19583
19600
19642
19658
19737
19754
19759
19777
19784
19821
19855
19875
19924
20016
20037
20074
20123
20134
20136
20237
20242
20269
20283
20312
20397
20434
20499
20540
20561
20580
20646
20678
20685
20686
20699
20728
20735
20738
20781
20835
20880
20901
20958
20984
21009
21042
21050
21063
21072
21075
21091
21123
21142
21151
21154
21201
21209
21218
21289
21332
21400
21450
21457
21505
21538
21558
21564
21640
21670
21729
21762
21814
21820
21827
21843
21844
21863
21886
21889
21892
21913
21944
21958
22073
22183
22216
22240
22286
22345
22353
22364
22385
22426
22444
22450
22512
22593
22622
22648
22661
22713
22716
22735
22767
22801
22826
22856
22891
22998
23020
23088
23139
23204
23236
23311
23330
23359
23421
23425
23428
23491
23502
23530
23537
23553
23608
23616
23630
23689
23710
23735
23736
23743
23758
23800
23824
23845
23852
23905
23916
23926
23929
23962
23989
24003
24014
24051
24180
24218
24250
24253
24326
24350
24359
24440
24456
24496
24523
24595
24597
24610
24670
24674
24722
24846
24880
24887
24892
24893
24919
24939
24952
24958
25010
25035
25053
25091
25134
25181
25214
25242
25257
25260
25281
25316
25411
25458
25521
25532
25589
25677
25678
25679
25699
25727
25811
25820
25834
25853
25860
25949
25963
25968
26010
26022
26048
26063
26155
26183
26215
26222
26271
26290
26303
26342
26352
26372
26378
26405
26435
26477
26493
26535
26552
26679
26682
26721
26752
26774
26821
26827
26977
27012
27043
27045
27090
27096
27129
27166
27180
27193
27222
27260
27272
27286
27318
27335
27337
27361
27361
27371
27424
27436
27443
27589
27836
27842
27914
27939
27955
28056
28068
28085
28125
28172
28178
28210
28229
28236
28263
28285
28348
28409
28429
28433
28450
28511
28552
28567
28571
28586
28644
28787
28803
28843
29006
29067
29090
29096
29147
29208
29210
29309
29364
29391
29429
29434
29438
29440
29482
29483
29491
29522
29541
29542
29593
29627
29629
29660
29706
29759
29782
29804
29804
29813
29853
29855
29882
29909
29911
30014
30039
30069
30114
30131
30134
30144
30222
30253
30306
30347
30438
30445
30451
30479
30537
30580
30584
30586
30596
30606
30636
30650
30676
30820
30836
30862
30955
31000
31038
31138
31139
31145
31165
31220
31257
31311
31317
31330
31346
31450
31470
31485
31497
31499
31541
31650
31711
31782
31789
31791
31802
31817
31921
31925
31927
31932
31997
32019
32077
32110
32161
32186
32191
32224
32296
32446
32525
32583
32645
32652
32656
32677
32680
32681
32708
32740
32760
