100
50
128
152
253
545
594
842
2121
2152
2262
3093
3094
3466
3701
4883
6427
6663
6828
7465
7499
7756
7807
7833
8299
8408
8816
8844
9777
9972
10162
10199
10745
10791
10931
11059
11295
11815
11816
11893
11912
12630
13225
13595
13702
14211
14719
15701
16481
16809
16818
17507
18187
18894
19243
19416
19426
19950
19959
20005
20446
20682
20842
21028
21134
21901
22148
22183
22314
22781
23482
23888
24495
24926
25244
25454
25536
26305
26335
26375
26402
26532
27199
27291
27629
28231
28677
28795
28980
29232
29402
29884
30140
30372
30399
30990
31215
31456
32074
32148
32226
