10000
1
3
4
7
9
23
28
29
30
30
31
31
35
35
36
36
38
41
44
54
63
65
65
66
66
71
74
78
78
79
82
83
84
92
93
94
98
102
102
113
114
118
121
130
139
139
143
143
147
147
149
151
154
155
158
159
161
164
164
168
173
175
184
185
186
197
198
200
204
208
213
215
218
220
223
225
229
238
247
250
252
259
265
265
268
268
272
273
275
278
279
284
285
287
289
294
298
306
308
309
311
314
319
319
320
322
324
326
329
330
331
346
347
354
354
356
358
358
358
365
366
370
374
376
376
378
382
383
387
388
391
402
405
405
408
419
419
419
421
426
433
435
438
444
445
447
450
456
461
466
467
469
478
481
481
481
484
485
490
494
497
504
508
510
513
520
527
529
531
534
536
540
542
543
544
544
546
547
550
551
563
572
579
582
585
585
588
591
602
602
602
607
611
616
624
625
631
634
640
645
648
658
661
665
667
669
670
671
678
682
686
689
691
705
717
721
729
736
740
741
742
752
756
757
764
768
770
774
778
780
785
789
790
791
793
798
800
807
808
813
816
820
827
827
827
828
832
833
836
836
840
841
843
844
846
849
849
850
851
858
860
861
864
874
890
890
891
898
900
902
907
919
921
925
926
934
935
940
941
941
949
954
956
961
964
971
977
983
986
987
991
995
999
1000
1014
1017
1020
1020
1021
1027
1028
1032
1036
1038
1039
1040
1041
1051
1058
1058
1063
1064
1073
1073
1088
1098
1101
1105
1111
1113
1115
1119
1129
1131
1132
1142
1143
1148
1150
1152
1153
1166
1167
1170
1174
1184
1185
1188
1189
1192
1194
1194
1195
1197
1202
1204
1213
1214
1216
1221
1223
1225
1228
1229
1236
1238
1240
1242
1243
1256
1257
1261
1264
1273
1273
1275
1281
1283
1284
1289
1296
1299
1305
1306
1309
1312
1314
1319
1324
1326
1328
1336
1336
1341
1342
1348
1350
1352
1358
1366
1371
1372
1377
1377
1383
1385
1388
1390
1394
1394
1402
1403
1403
1405
1415
1421
1424
1430
1431
1441
1442
1444
1445
1445
1445
1447
1465
1468
1473
1475
1478
1478
1484
1489
1490
1493
1500
1505
1506
1508
1508
1510
1510
1513
1519
1526
1532
1535
1540
1544
1545
1548
1549
1552
1557
1557
1560
1560
1563
1565
1565
1568
1570
1572
1573
1573
1580
1581
1585
1585
1588
1591
1597
1597
1600
1613
1614
1617
1617
1618
1619
1622
1623
1624
1626
1629
1637
1638
1642
1649
1652
1654
1656
1661
1666
1667
1672
1672
1675
1676
1679
1685
1688
1689
1701
1701
1705
1706
1711
1716
1720
1720
1720
1722
1722
1723
1726
1726
1726
1730
1732
1735
1739
1740
1740
1743
1747
1754
1757
1758
1766
1772
1778
1783
1784
1787
1788
1789
1791
1793
1793
1795
1795
1796
1796
1799
1801
1802
1802
1811
1812
1812
1816
1823
1824
1830
1838
1846
1849
1850
1854
1855
1856
1863
1865
1874
1879
1884
1885
1889
1908
1911
1914
1915
1915
1925
1928
1930
1931
1933
1936
1936
1937
1938
1938
1940
1942
1943
1946
1950
1953
1965
1966
1966
1968
1969
1970
1971
1973
1977
1979
1979
1980
1982
1985
1987
1997
1997
1998
1999
2000
2008
2014
2015
2016
2021
2025
2026
2028
2033
2033
2035
2036
2037
2041
2043
2045
2055
2058
2059
2066
2067
2068
2071
2074
2075
2077
2079
2080
2082
2082
2082
2084
2088
2098
2099
2099
2100
2113
2114
2116
2118
2118
2119
2119
2120
2122
2122
2129
2129
2129
2131
2134
2134
2135
2137
2141
2143
2147
2149
2159
2167
2170
2175
2180
2180
2183
2183
2191
2196
2199
2200
2203
2203
2207
2208
2211
2221
2232
2233
2234
2235
2237
2245
2253
2254
2257
2269
2275
2276
2278
2282
2285
2286
2286
2290
2300
2308
2309
2310
2312
2320
2321
2321
2335
2337
2351
2354
2355
2367
2369
2370
2376
2378
2385
2393
2394
2397
2398
2402
2412
2412
2416
2418
2420
2421
2428
2430
2432
2436
2438
2440
2451
2452
2454
2460
2461
2464
2466
2468
2469
2470
2470
2471
2480
2480
2483
2485
2486
2493
2498
2501
2507
2515
2516
2518
2521
2528
2529
2529
2545
2546
2547
2550
2561
2564
2567
2567
2568
2583
2586
2586
2587
2591
2592
2592
2594
2600
2607
2607
2609
2609
2610
2621
2622
2623
2632
2632
2659
2664
2668
2669
2673
2674
2677
2678
2686
2687
2701
2703
2722
2722
2723
2729
2737
2739
2741
2746
2752
2752
2753
2762
2764
2767
2770
2777
2780
2781
2792
2797
2801
2803
2804
2809
2813
2815
2816
2820
2820
2822
2824
2831
2833
2838
2839
2840
2841
2844
2846
2847
2850
2851
2852
2864
2865
2869
2873
2876
2879
2880
2883
2887
2890
2893
2894
2894
2896
2899
2907
2908
2909
2911
2912
2916
2917
2919
2926
2934
2940
2946
2949
2951
2956
2960
2967
2971
2971
2971
2977
2978
2979
2979
2984
2984
2985
2995
2997
2998
2999
3002
3005
3007
3011
3013
3015
3021
3024
3024
3024
3032
3032
3037
3042
3044
3045
3053
3053
3055
3057
3060
3071
3073
3074
3078
3082
3086
3089
3091
3096
3102
3106
3110
3117
3127
3134
3135
3141
3141
3142
3142
3142
3145
3145
3145
3148
3155
3156
3163
3163
3164
3166
3171
3173
3174
3177
3179
3184
3186
3188
3192
3194
3196
3198
3211
3212
3214
3215
3223
3226
3226
3228
3238
3238
3238
3239
3241
3241
3247
3249
3251
3255
3263
3273
3276
3279
3279
3279
3284
3291
3292
3297
3298
3299
3302
3305
3308
3310
3312
3313
3321
3325
3327
3328
3330
3331
3333
3336
3337
3344
3345
3346
3351
3357
3361
3362
3367
3368
3370
3371
3374
3374
3375
3377
3379
3379
3380
3387
3392
3400
3400
3402
3403
3414
3420
3430
3433
3434
3435
3436
3440
3440
3443
3445
3452
3468
3470
3475
3483
3486
3496
3496
3502
3514
3516
3519
3522
3528
3528
3531
3533
3534
3538
3540
3541
3544
3545
3548
3551
3551
3552
3553
3559
3563
3569
3571
3571
3572
3575
3575
3582
3584
3587
3587
3587
3587
3588
3591
3595
3599
3600
3604
3607
3608
3622
3628
3632
3632
3638
3639
3641
3642
3642
3650
3651
3651
3655
3656
3657
3660
3662
3668
3669
3672
3673
3677
3690
3701
3710
3711
3713
3723
3724
3725
3728
3729
3736
3738
3739
3742
3743
3746
3746
3752
3752
3757
3757
3758
3759
3764
3764
3765
3769
3780
3782
3783
3785
3786
3787
3789
3790
3791
3793
3793
3799
3799
3800
3803
3803
3809
3814
3817
3817
3828
3829
3842
3847
3852
3860
3861
3878
3887
3889
3893
3898
3901
3903
3909
3910
3912
3915
3917
3917
3927
3940
3941
3944
3951
3955
3955
3956
3957
3961
3971
3983
3985
3992
3993
3999
3999
4005
4008
4017
4018
4019
4020
4020
4020
4026
4026
4028
4034
4040
4042
4050
4051
4055
4056
4064
4066
4069
4077
4078
4079
4081
4083
4087
4122
4125
4129
4130
4133
4135
4135
4153
4157
4159
4160
4162
4166
4173
4174
4176
4177
4180
4182
4184
4185
4185
4187
4188
4196
4196
4201
4203
4203
4208
4208
4209
4210
4210
4219
4224
4226
4226
4228
4234
4235
4238
4241
4255
4258
4271
4274
4278
4280
4282
4291
4296
4308
4316
4316
4318
4320
4329
4331
4342
4344
4355
4358
4358
4360
4362
4364
4366
4370
4370
4379
4382
4385
4386
4391
4394
4400
4406
4419
4423
4437
4439
4441
4442
4444
4445
4449
4456
4461
4465
4467
4468
4468
4477
4485
4490
4497
4501
4504
4507
4507
4509
4511
4513
4516
4521
4522
4530
4530
4532
4533
4542
4543
4551
4552
4556
4558
4570
4571
4572
4573
4574
4579
4581
4586
4591
4600
4603
4606
4611
4611
4614
4615
4616
4621
4626
4632
4636
4639
4647
4658
4659
4660
4665
4665
4667
4668
4668
4676
4680
4680
4690
4693
4702
4706
4709
4711
4712
4716
4720
4725
4732
4734
4740
4743
4746
4749
4754
4756
4758
4760
4761
4761
4767
4775
4775
4780
4780
4785
4787
4787
4790
4791
4791
4794
4795
4796
4797
4798
4800
4807
4811
4817
4819
4822
4836
4837
4842
4842
4850
4852
4852
4853
4853
4856
4857
4858
4861
4871
4873
4873
4874
4877
4888
4889
4890
4894
4900
4903
4904
4904
4905
4917
4918
4922
4923
4924
4930
4934
4934
4940
4940
4947
4948
4948
4949
4951
4956
4959
4962
4966
4966
4966
4970
4971
4973
4983
4986
4992
4995
4999
5001
5003
5008
5016
5022
5027
5029
5033
5035
5038
5045
5047
5055
5055
5057
5063
5063
5066
5066
5066
5072
5076
5080
5080
5081
5082
5084
5085
5087
5088
5088
5092
5095
5095
5096
5096
5096
5097
5099
5103
5104
5108
5110
5113
5117
5120
5124
5126
5130
5131
5138
5146
5150
5155
5159
5164
5164
5165
5165
5168
5168
5175
5178
5180
5184
5189
5192
5215
5219
5220
5220
5230
5232
5232
5233
5236
5236
5243
5245
5248
5263
5263
5263
5264
5266
5272
5273
5274
5275
5277
5277
5280
5283
5287
5289
5289
5291
5292
5293
5293
5293
5295
5300
5300
5300
5306
5307
5307
5309
5311
5314
5318
5324
5325
5325
5327
5327
5330
5333
5333
5334
5342
5351
5353
5357
5357
5363
5372
5376
5377
5378
5382
5383
5386
5387
5387
5388
5403
5404
5409
5409
5410
5411
5413
5414
5415
5418
5422
5423
5423
5426
5428
5432
5435
5437
5439
5441
5446
5448
5450
5454
5457
5461
5464
5468
5468
5471
5472
5480
5484
5486
5487
5495
5495
5499
5503
5504
5505
5508
5509
5514
5519
5520
5524
5526
5529
5530
5531
5537
5539
5540
5544
5545
5548
5550
5557
5560
5562
5562
5562
5563
5563
5564
5566
5568
5583
5585
5589
5590
5591
5592
5592
5596
5602
5603
5604
5605
5608
5610
5618
5619
5623
5624
5628
5633
5637
5641
5642
5647
5656
5657
5663
5664
5664
5677
5687
5688
5692
5692
5694
5697
5705
5705
5707
5708
5711
5711
5711
5712
5718
5719
5724
5732
5734
5737
5738
5743
5745
5752
5752
5756
5756
5757
5766
5766
5768
5772
5779
5788
5790
5810
5816
5820
5828
5842
5843
5845
5850
5861
5872
5878
5884
5885
5887
5889
5892
5893
5894
5895
5904
5907
5909
5910
5910
5911
5915
5923
5924
5926
5926
5932
5932
5934
5936
5937
5937
5939
5950
5950
5953
5959
5963
5963
5969
5973
5974
5983
5987
5989
5994
5996
6000
6004
6010
6012
6013
6019
6020
6024
6028
6032
6039
6060
6060
6066
6068
6068
6068
6071
6072
6080
6094
6095
6096
6098
6101
6104
6105
6108
6115
6116
6120
6124
6125
6128
6133
6139
6143
6144
6145
6145
6147
6147
6150
6152
6158
6162
6164
6171
6179
6183
6183
6185
6186
6192
6203
6211
6215
6216
6217
6221
6222
6224
6224
6233
6236
6239
6242
6245
6248
6251
6253
6253
6260
6264
6271
6276
6277
6277
6279
6287
6293
6295
6295
6298
6298
6300
6301
6304
6312
6312
6313
6328
6331
6333
6336
6340
6354
6362
6366
6367
6370
6370
6375
6376
6389
6394
6396
6398
6401
6402
6402
6407
6410
6414
6421
6421
6425
6433
6434
6443
6446
6451
6461
6463
6466
6470
6471
6472
6472
6473
6474
6478
6478
6485
6485
6491
6494
6494
6496
6497
6500
6501
6501
6508
6511
6515
6516
6517
6522
6522
6525
6528
6534
6546
6550
6553
6555
6558
6559
6559
6560
6564
6570
6571
6576
6580
6586
6590
6594
6600
6603
6607
6610
6613
6616
6622
6624
6626
6631
6633
6634
6635
6635
6640
6641
6643
6645
6647
6648
6648
6648
6651
6651
6657
6661
6664
6668
6668
6676
6679
6680
6684
6688
6699
6703
6703
6716
6718
6721
6723
6723
6724
6727
6731
6737
6738
6738
6748
6749
6749
6753
6753
6758
6762
6762
6766
6769
6772
6778
6778
6780
6782
6790
6790
6802
6804
6807
6810
6810
6813
6819
6823
6827
6828
6828
6831
6832
6833
6838
6838
6840
6849
6852
6855
6855
6857
6862
6862
6865
6868
6872
6873
6874
6874
6880
6882
6885
6889
6890
6890
6904
6906
6907
6909
6915
6919
6920
6923
6924
6925
6929
6932
6936
6936
6946
6963
6965
6969
6973
6974
6975
6975
6981
6984
6988
6988
6991
6992
6996
6999
7006
7010
7012
7016
7020
7021
7023
7028
7030
7032
7037
7042
7047
7048
7050
7055
7061
7067
7068
7070
7077
7082
7083
7084
7101
7102
7107
7109
7109
7121
7130
7133
7135
7136
7136
7138
7139
7142
7143
7148
7158
7159
7166
7167
7168
7169
7172
7176
7181
7181
7183
7184
7189
7194
7195
7198
7204
7205
7209
7216
7217
7219
7226
7230
7231
7234
7235
7237
7238
7239
7244
7248
7250
7256
7261
7274
7277
7285
7286
7287
7288
7297
7318
7325
7329
7330
7330
7332
7332
7338
7342
7348
7349
7350
7353
7354
7359
7362
7364
7365
7365
7366
7370
7370
7372
7373
7388
7390
7392
7395
7397
7403
7403
7406
7407
7408
7410
7411
7416
7420
7421
7422
7423
7424
7425
7426
7439
7441
7443
7446
7450
7454
7460
7464
7466
7469
7471
7475
7479
7482
7486
7488
7489
7491
7492
7496
7497
7500
7504
7504
7507
7508
7508
7509
7511
7515
7522
7538
7538
7541
7546
7546
7547
7551
7553
7553
7560
7560
7562
7570
7572
7574
7578
7581
7581
7583
7586
7588
7593
7594
7595
7597
7599
7600
7605
7608
7612
7616
7617
7631
7638
7642
7643
7648
7649
7651
7653
7658
7659
7665
7670
7671
7672
7672
7673
7675
7676
7676
7686
7699
7701
7702
7702
7708
7718
7718
7730
7730
7731
7733
7733
7735
7747
7748
7751
7754
7756
7757
7758
7763
7764
7766
7771
7775
7777
7777
7778
7778
7782
7782
7789
7789
7789
7793
7795
7798
7801
7803
7807
7809
7812
7816
7819
7822
7823
7825
7833
7834
7837
7838
7840
7844
7846
7847
7851
7854
7855
7856
7856
7857
7857
7857
7859
7862
7863
7870
7871
7878
7882
7889
7894
7895
7897
7899
7904
7906
7907
7910
7916
7917
7921
7922
7924
7924
7925
7928
7936
7938
7938
7947
7948
7950
7954
7955
7958
7960
7962
7963
7972
7976
7981
7983
7984
7990
7995
8001
8004
8004
8008
8010
8012
8012
8014
8019
8022
8024
8029
8029
8030
8030
8034
8034
8040
8040
8042
8043
8044
8048
8052
8053
8063
8065
8067
8074
8074
8081
8082
8083
8085
8087
8093
8093
8093
8095
8096
8100
8104
8108
8111
8115
8115
8115
8117
8121
8123
8129
8132
8136
8137
8138
8141
8148
8150
8153
8154
8157
8158
8162
8169
8173
8174
8179
8179
8181
8182
8190
8192
8192
8193
8195
8202
8203
8204
8219
8221
8225
8226
8227
8227
8228
8229
8230
8233
8233
8234
8238
8250
8253
8254
8255
8259
8262
8264
8265
8269
8278
8278
8292
8294
8295
8299
8301
8302
8303
8304
8305
8311
8312
8313
8314
8317
8318
8320
8329
8329
8332
8333
8334
8334
8335
8336
8338
8338
8355
8366
8374
8374
8375
8375
8377
8380
8380
8385
8393
8395
8395
8396
8399
8399
8403
8428
8435
8438
8439
8443
8449
8452
8453
8453
8458
8459
8466
8468
8469
8472
8474
8477
8479
8479
8486
8489
8490
8493
8495
8496
8501
8502
8503
8520
8526
8530
8532
8536
8537
8539
8544
8545
8549
8552
8554
8554
8556
8562
8564
8565
8566
8566
8571
8573
8578
8584
8591
8591
8594
8598
8598
8608
8609
8611
8617
8617
8618
8620
8621
8624
8635
8636
8642
8642
8643
8644
8646
8646
8648
8658
8663
8665
8667
8677
8679
8687
8704
8705
8710
8719
8721
8721
8734
8741
8748
8752
8755
8759
8760
8760
8761
8761
8763
8764
8766
8767
8781
8781
8781
8783
8786
8787
8792
8798
8811
8823
8824
8824
8829
8834
8836
8839
8840
8840
8847
8849
8852
8859
8863
8877
8878
8880
8885
8886
8886
8890
8894
8905
8916
8930
8931
8932
8937
8949
8951
8952
8958
8969
8970
8973
8973
8976
8982
8984
8984
8991
8997
9000
9004
9006
9007
9008
9010
9012
9021
9023
9023
9025
9029
9031
9031
9032
9033
9033
9036
9046
9047
9056
9062
9066
9067
9077
9080
9084
9085
9089
9092
9092
9097
9098
9112
9114
9121
9124
9125
9126
9128
9132
9140
9142
9144
9147
9147
9154
9155
9155
9157
9161
9162
9164
9169
9169
9173
9177
9189
9193
9194
9198
9199
9203
9209
9210
9210
9215
9215
9216
9219
9222
9235
9238
9251
9251
9251
9253
9256
9258
9259
9261
9264
9265
9266
9270
9275
9280
9285
9293
9293
9296
9304
9305
9307
9309
9322
9323
9329
9339
9342
9342
9343
9343
9348
9349
9350
9352
9360
9364
9370
9372
9379
9386
9389
9392
9395
9397
9410
9415
9418
9420
9422
9426
9429
9431
9431
9433
9440
9442
9450
9454
9458
9458
9460
9461
9465
9479
9480
9490
9491
9493
9503
9504
9505
9511
9512
9524
9529
9529
9533
9536
9536
9540
9542
9543
9551
9553
9553
9554
9556
9557
9558
9560
9563
9566
9581
9582
9583
9584
9585
9585
9585
9587
9597
9598
9609
9610
9613
9616
9630
9630
9633
9635
9637
9641
9643
9650
9651
9652
9652
9653
9655
9655
9657
9659
9664
9673
9675
9675
9676
9679
9681
9690
9691
9692
9693
9693
9694
9694
9695
9697
9698
9701
9701
9702
9706
9713
9714
9717
9717
9717
9719
9722
9725
9731
9735
9740
9740
9748
9755
9759
9760
9766
9767
9768
9770
9772
9774
9776
9779
9782
9782
9785
9789
9791
9792
9797
9797
9805
9805
9818
9825
9836
9841
9842
9842
9843
9852
9853
9853
9856
9858
9860
9861
9864
9871
9873
9877
9885
9888
9889
9890
9890
9894
9895
9900
9901
9901
9909
9911
9913
9914
9915
9927
9932
9941
9945
9948
9952
9952
9954
9954
9957
9961
9962
9964
9966
9966
9975
9978
9989
9992
9992
9996
9996
9997
9997
10015
10021
10024
10027
10032
10033
10040
10040
10043
10045
10046
10047
10057
10058
10059
10060
10061
10062
10063
10064
10068
10077
10082
10087
10092
10097
10101
10105
10107
10109
10111
10112
10115
10115
10120
10122
10127
10129
10135
10137
10139
10140
10143
10144
10146
10146
10151
10156
10158
10162
10168
10170
10174
10175
10180
10184
10187
10189
10190
10191
10193
10195
10199
10200
10201
10209
10209
10212
10213
10218
10220
10223
10227
10231
10231
10232
10235
10235
10239
10239
10240
10242
10244
10248
10251
10253
10255
10256
10260
10268
10269
10269
10270
10271
10272
10275
10277
10281
10281
10282
10284
10284
10285
10286
10286
10287
10290
10292
10293
10295
10301
10302
10304
10305
10307
10311
10312
10314
10318
10321
10322
10323
10325
10326
10327
10328
10330
10330
10332
10333
10334
10337
10342
10344
10347
10347
10355
10359
10367
10373
10382
10384
10391
10395
10396
10396
10397
10402
10407
10408
10412
10416
10418
10419
10420
10422
10422
10424
10426
10430
10430
10432
10432
10437
10443
10451
10451
10459
10464
10467
10474
10476
10486
10487
10496
10497
10501
10503
10503
10508
10509
10512
10514
10521
10521
10529
10533
10538
10543
10544
10545
10546
10547
10549
10549
10555
10558
10558
10561
10563
10568
10569
10572
10576
10577
10578
10579
10587
10591
10592
10598
10602
10608
10612
10616
10619
10620
10620
10621
10621
10622
10633
10635
10640
10647
10650
10659
10665
10665
10668
10670
10670
10673
10676
10678
10679
10681
10685
10693
10696
10699
10707
10712
10717
10727
10742
10744
10744
10746
10747
10751
10754
10764
10767
10768
10769
10771
10771
10774
10774
10779
10780
10783
10783
10784
10785
10789
10799
10800
10805
10805
10805
10808
10816
10817
10819
10835
10835
10839
10842
10847
10848
10850
10853
10853
10861
10862
10862
10864
10865
10866
10868
10869
10873
10878
10880
10881
10882
10884
10891
10892
10898
10901
10902
10907
10907
10909
10915
10916
10921
10924
10925
10926
10927
10927
10928
10930
10934
10940
10940
10941
10941
10943
10943
10944
10945
10955
10957
10963
10965
10965
10968
10969
10973
10976
10976
10977
10978
10979
10979
10981
10981
10983
10984
10984
10985
10986
10993
10995
10998
11004
11006
11010
11011
11011
11026
11026
11029
11031
11033
11036
11037
11040
11040
11049
11049
11052
11056
11056
11064
11066
11068
11070
11079
11087
11088
11091
11096
11099
11101
11103
11118
11119
11120
11125
11128
11128
11138
11141
11143
11152
11153
11155
11156
11156
11159
11166
11173
11177
11178
11180
11185
11189
11190
11193
11202
11204
11207
11210
11216
11221
11221
11231
11247
11251
11253
11255
11258
11258
11264
11266
11266
11271
11280
11281
11284
11285
11289
11294
11295
11298
11300
11301
11304
11308
11308
11310
11313
11314
11315
11316
11316
11324
11325
11329
11330
11331
11334
11335
11347
11350
11351
11354
11355
11361
11363
11373
11378
11380
11383
11384
11387
11397
11401
11405
11408
11411
11420
11421
11437
11440
11443
11446
11448
11457
11466
11469
11472
11477
11478
11482
11483
11485
11489
11501
11503
11503
11505
11511
11516
11519
11520
11524
11528
11538
11542
11543
11548
11552
11554
11554
11560
11562
11562
11563
11567
11567
11571
11571
11572
11572
11575
11577
11577
11581
11584
11588
11589
11590
11591
11591
11593
11598
11599
11605
11618
11621
11622
11624
11626
11626
11629
11631
11636
11640
11642
11644
11645
11648
11648
11654
11660
11660
11663
11668
11684
11684
11693
11696
11698
11701
11702
11705
11708
11711
11712
11715
11719
11726
11727
11729
11730
11732
11734
11735
11737
11740
11741
11742
11743
11745
11746
11749
11749
11749
11754
11759
11760
11772
11774
11776
11780
11780
11781
11784
11786
11790
11798
11810
11816
11830
11830
11831
11832
11833
11835
11836
11837
11838
11840
11844
11846
11847
11849
11855
11858
11860
11861
11862
11863
11866
11876
11880
11880
11884
11885
11891
11892
11896
11899
11903
11909
11912
11916
11917
11936
11938
11940
11946
11951
11952
11962
11962
11964
11966
11971
11971
11971
11972
11980
11984
11987
11987
11988
11988
11992
11993
11994
11996
12011
12012
12016
12021
12023
12036
12048
12050
12052
12053
12055
12056
12058
12060
12061
12063
12071
12072
12075
12079
12084
12086
12086
12088
12092
12095
12096
12100
12101
12106
12108
12110
12119
12127
12128
12135
12137
12142
12152
12156
12161
12165
12174
12176
12180
12190
12190
12193
12196
12197
12203
12203
12205
12207
12211
12213
12217
12222
12222
12223
12224
12227
12228
12228
12230
12234
12239
12242
12248
12251
12251
12254
12259
12261
12271
12272
12274
12279
12281
12282
12300
12300
12301
12305
12318
12318
12321
12327
12329
12329
12330
12332
12333
12336
12337
12337
12340
12343
12343
12347
12349
12350
12351
12352
12355
12358
12359
12361
12367
12368
12372
12372
12377
12381
12383
12385
12385
12387
12387
12388
12399
12400
12407
12408
12409
12415
12421
12425
12425
12427
12430
12433
12441
12444
12445
12446
12453
12455
12456
12463
12468
12472
12475
12481
12481
12487
12488
12493
12493
12495
12508
12510
12511
12511
12517
12520
12523
12524
12525
12531
12532
12537
12538
12542
12546
12550
12555
12559
12561
12561
12564
12565
12569
12572
12580
12583
12584
12587
12595
12598
12600
12606
12608
12613
12618
12620
12622
12628
12630
12632
12632
12633
12636
12642
12646
12646
12647
12656
12668
12668
12683
12687
12691
12694
12696
12707
12707
12710
12715
12729
12731
12731
12736
12738
12741
12745
12755
12756
12757
12758
12763
12767
12768
12769
12771
12771
12773
12775
12784
12786
12795
12798
12800
12804
12806
12809
12812
12813
12817
12831
12838
12842
12843
12845
12852
12854
12855
12858
12866
12868
12871
12876
12878
12884
12885
12893
12894
12896
12904
12910
12910
12912
12916
12921
12921
12925
12926
12936
12936
12936
12937
12940
12942
12944
12949
12950
12950
12951
12952
12955
12958
12959
12962
12966
12970
12972
12972
12977
12982
12985
12987
12988
12989
12992
12995
12996
12997
13004
13009
13011
13016
13018
13019
13029
13029
13032
13032
13039
13048
13053
13056
13057
13064
13065
13070
13071
13072
13074
13079
13082
13087
13087
13091
13095
13096
13096
13097
13101
13101
13107
13107
13110
13117
13118
13118
13125
13130
13130
13130
13140
13142
13150
13152
13153
13153
13154
13155
13156
13158
13162
13173
13178
13178
13179
13180
13182
13185
13188
13195
13195
13199
13214
13224
13225
13226
13228
13230
13232
13237
13240
13240
13243
13245
13246
13246
13246
13248
13251
13254
13258
13258
13260
13266
13272
13276
13282
13286
13287
13296
13297
13300
13303
13305
13307
13314
13314
13315
13318
13322
13324
13331
13331
13332
13340
13346
13347
13352
13355
13356
13360
13361
13363
13365
13365
13371
13374
13377
13385
13385
13391
13391
13393
13393
13394
13400
13412
13414
13415
13418
13419
13420
13422
13423
13424
13428
13433
13433
13438
13440
13442
13442
13446
13448
13448
13449
13452
13453
13456
13459
13465
13471
13473
13475
13478
13482
13488
13490
13494
13496
13506
13506
13507
13510
13515
13518
13522
13530
13532
13534
13542
13545
13546
13548
13550
13551
13552
13552
13554
13562
13562
13571
13571
13582
13583
13587
13588
13591
13592
13594
13596
13603
13605
13615
13616
13622
13630
13637
13638
13640
13640
13643
13643
13644
13653
13667
13669
13670
13671
13674
13674
13677
13682
13683
13685
13686
13693
13694
13694
13695
13695
13696
13698
13700
13700
13703
13718
13722
13726
13728
13732
13735
13740
13742
13747
13751
13752
13754
13758
13761
13764
13765
13766
13768
13772
13777
13780
13782
13783
13784
13786
13791
13794
13797
13802
13804
13805
13807
13809
13813
13813
13816
13817
13820
13828
13829
13832
13833
13835
13842
13845
13849
13851
13852
13853
13853
13858
13859
13861
13862
13864
13865
13866
13868
13873
13874
13877
13878
13885
13888
13899
13904
13904
13908
13910
13911
13911
13913
13914
13914
13920
13920
13925
13934
13943
13952
13954
13960
13963
13963
13965
13967
13967
13981
13986
13987
13988
13990
13993
13997
14000
14000
14003
14003
14005
14006
14006
14007
14008
14011
14011
14012
14013
14017
14024
14027
14029
14035
14040
14054
14055
14058
14062
14062
14063
14072
14081
14087
14090
14091
14091
14094
14100
14103
14104
14106
14106
14106
14111
14112
14112
14115
14120
14120
14120
14123
14127
14134
14135
14136
14136
14140
14148
14149
14151
14156
14166
14171
14172
14179
14190
14190
14196
14198
14199
14207
14207
14208
14208
14218
14220
14222
14223
14225
14225
14230
14234
14235
14236
14239
14246
14256
14258
14263
14265
14268
14270
14280
14289
14289
14290
14294
14296
14298
14298
14301
14301
14305
14313
14323
14325
14326
14330
14331
14344
14348
14354
14358
14361
14364
14369
14375
14375
14375
14377
14378
14384
14384
14386
14386
14388
14392
14393
14396
14397
14397
14403
14407
14412
14412
14413
14416
14423
14429
14432
14433
14437
14439
14440
14443
14444
14447
14448
14450
14451
14451
14452
14457
14459
14463
14471
14471
14476
14479
14481
14483
14485
14488
14490
14493
14506
14508
14510
14513
14513
14514
14520
14523
14523
14524
14528
14529
14530
14530
14533
14536
14540
14541
14542
14553
14555
14556
14564
14569
14572
14572
14576
14577
14577
14579
14580
14587
14593
14598
14612
14614
14618
14638
14641
14644
14646
14651
14652
14652
14654
14656
14658
14660
14666
14672
14673
14677
14681
14681
14694
14696
14697
14699
14701
14703
14710
14715
14717
14718
14723
14723
14725
14731
14732
14742
14745
14749
14751
14754
14756
14757
14761
14765
14767
14773
14775
14794
14795
14798
14806
14807
14809
14812
14812
14813
14817
14824
14825
14830
14831
14835
14837
14853
14853
14855
14855
14857
14858
14867
14868
14869
14871
14875
14879
14880
14880
14883
14885
14887
14891
14891
14896
14896
14901
14901
14901
14903
14905
14906
14907
14916
14917
14928
14929
14933
14933
14936
14937
14939
14945
14951
14956
14959
14962
14974
14980
14986
14995
15000
15001
15003
15005
15010
15011
15013
15021
15028
15028
15030
15033
15037
15041
15043
15052
15054
15058
15064
15067
15068
15070
15071
15074
15076
15087
15087
15090
15093
15096
15100
15102
15106
15113
15115
15116
15119
15129
15129
15132
15137
15139
15140
15146
15150
15151
15152
15158
15163
15164
15165
15166
15181
15182
15190
15191
15192
15202
15203
15204
15209
15210
15210
15210
15212
15215
15216
15217
15219
15230
15232
15234
15235
15250
15252
15253
15256
15257
15261
15263
15265
15266
15267
15269
15272
15273
15280
15282
15294
15305
15305
15305
15314
15316
15319
15323
15327
15327
15328
15328
15329
15332
15332
15332
15338
15340
15344
15345
15347
15348
15348
15348
15352
15353
15354
15356
15357
15365
15367
15375
15376
15376
15383
15384
15388
15389
15390
15391
15395
15396
15400
15400
15401
15406
15420
15431
15431
15432
15444
15448
15448
15451
15454
15457
15463
15463
15465
15467
15471
15473
15476
15479
15480
15484
15485
15486
15486
15488
15497
15500
15502
15503
15506
15511
15514
15514
15515
15516
15521
15524
15526
15529
15530
15530
15533
15537
15542
15550
15557
15560
15563
15564
15573
15574
15576
15592
15595
15596
15599
15603
15603
15604
15606
15607
15611
15612
15615
15615
15617
15618
15623
15624
15625
15626
15631
15632
15638
15643
15650
15650
15654
15664
15666
15670
15671
15674
15676
15676
15690
15693
15693
15695
15698
15701
15703
15704
15705
15707
15710
15712
15727
15729
15732
15735
15741
15742
15743
15745
15747
15750
15754
15755
15757
15763
15767
15768
15768
15769
15779
15782
15785
15785
15787
15791
15791
15791
15791
15804
15806
15808
15810
15812
15813
15817
15820
15824
15828
15834
15835
15837
15837
15838
15847
15849
15850
15853
15858
15863
15867
15869
15871
15872
15873
15875
15878
15879
15887
15887
15889
15895
15898
15899
15900
15904
15907
15908
15910
15911
15913
15923
15926
15927
15931
15931
15933
15937
15942
15946
15950
15952
15952
15956
15960
15966
15967
15968
15975
15980
15984
15988
15992
15994
15995
16005
16006
16019
16019
16020
16025
16028
16029
16029
16033
16038
16044
16045
16048
16050
16053
16054
16054
16055
16058
16058
16065
16069
16072
16072
16075
16076
16076
16091
16094
16097
16098
16099
16104
16121
16124
16133
16133
16141
16142
16148
16148
16149
16149
16153
16154
16155
16157
16171
16181
16183
16190
16194
16194
16200
16203
16204
16205
16208
16211
16215
16221
16223
16226
16228
16231
16233
16239
16241
16241
16246
16256
16258
16259
16263
16263
16276
16277
16281
16285
16285
16286
16286
16288
16289
16289
16292
16296
16299
16299
16310
16313
16322
16326
16333
16335
16342
16350
16354
16361
16362
16362
16366
16382
16383
16384
16385
16388
16389
16389
16395
16396
16406
16408
16408
16418
16422
16423
16424
16432
16433
16433
16436
16439
16439
16440
16441
16446
16447
16452
16453
16456
16457
16458
16461
16465
16467
16467
16471
16479
16481
16482
16487
16492
16494
16495
16499
16508
16509
16512
16521
16523
16527
16529
16531
16535
16536
16536
16539
16541
16544
16549
16553
16555
16556
16560
16565
16565
16571
16574
16574
16575
16576
16584
16584
16587
16588
16589
16593
16595
16598
16603
16604
16607
16609
16610
16611
16618
16623
16630
16631
16634
16639
16644
16644
16647
16648
16656
16658
16661
16661
16664
16664
16664
16666
16668
16672
16675
16676
16678
16680
16689
16693
16694
16694
16695
16695
16698
16700
16707
16710
16711
16712
16717
16717
16721
16722
16724
16725
16726
16727
16728
16733
16745
16749
16750
16755
16758
16761
16765
16767
16769
16773
16774
16777
16781
16784
16785
16795
16799
16803
16804
16805
16812
16820
16826
16826
16837
16839
16840
16843
16852
16854
16860
16872
16874
16875
16877
16877
16878
16885
16896
16898
16898
16905
16906
16911
16913
16914
16916
16921
16923
16924
16924
16925
16926
16938
16947
16949
16952
16953
16963
16977
16978
16981
16991
16993
16995
16996
17000
17005
17012
17013
17025
17036
17040
17042
17043
17043
17051
17052
17052
17055
17061
17067
17069
17070
17070
17071
17076
17077
17078
17079
17081
17082
17088
17092
17093
17098
17104
17105
17106
17107
17108
17109
17111
17113
17133
17135
17136
17136
17138
17139
17139
17139
17141
17144
17145
17146
17152
17153
17154
17158
17163
17167
17168
17168
17172
17173
17176
17180
17181
17183
17186
17189
17191
17192
17197
17199
17205
17206
17207
17208
17208
17212
17214
17215
17216
17221
17223
17225
17226
17232
17236
17238
17243
17246
17247
17248
17249
17257
17263
17264
17267
17270
17288
17291
17295
17305
17307
17307
17308
17309
17312
17315
17320
17323
17324
17328
17328
17331
17335
17337
17337
17342
17345
17346
17357
17360
17360
17370
17371
17374
17375
17376
17377
17378
17380
17386
17394
17399
17411
17414
17425
17433
17436
17436
17438
17441
17443
17447
17449
17453
17462
17463
17463
17466
17467
17468
17471
17471
17475
17475
17475
17479
17485
17490
17493
17496
17501
17502
17502
17505
17506
17506
17507
17512
17513
17514
17523
17532
17537
17539
17542
17542
17551
17551
17553
17559
17560
17566
17567
17573
17574
17574
17576
17579
17592
17592
17597
17602
17603
17607
17608
17609
17610
17613
17616
17619
17620
17624
17625
17627
17628
17628
17632
17640
17641
17651
17652
17656
17659
17660
17663
17667
17671
17675
17678
17678
17678
17679
17687
17695
17717
17723
17726
17727
17728
17734
17736
17737
17740
17741
17742
17746
17751
17758
17760
17762
17776
17785
17786
17786
17787
17788
17799
17806
17806
17808
17810
17810
17812
17816
17819
17834
17839
17844
17848
17854
17857
17860
17861
17865
17868
17875
17876
17876
17894
17896
17905
17912
17914
17914
17917
17919
17920
17924
17927
17930
17930
17938
17938
17941
17948
17949
17953
17960
17963
17965
17967
17967
17970
17973
17980
17983
17984
17984
17987
17989
17990
17992
17997
18004
18011
18018
18019
18020
18021
18022
18023
18024
18029
18034
18043
18045
18047
18048
18048
18048
18049
18054
18054
18057
18063
18066
18066
18067
18072
18075
18077
18079
18082
18096
18097
18100
18102
18103
18115
18115
18116
18121
18123
18123
18125
18129
18132
18134
18135
18138
18140
18141
18142
18146
18149
18151
18153
18155
18158
18160
18161
18165
18166
18168
18169
18170
18170
18171
18178
18182
18183
18183
18184
18194
18199
18199
18200
18202
18202
18202
18205
18205
18206
18206
18212
18212
18214
18216
18221
18222
18222
18228
18230
18232
18238
18242
18253
18255
18259
18264
18264
18266
18266
18267
18268
18271
18281
18286
18287
18293
18293
18297
18299
18302
18303
18306
18307
18310
18320
18320
18323
18326
18327
18327
18329
18340
18342
18342
18346
18347
18355
18357
18359
18368
18370
18371
18373
18376
18376
18376
18379
18383
18385
18393
18396
18396
18396
18398
18405
18405
18406
18407
18409
18411
18411
18420
18423
18424
18429
18431
18432
18438
18444
18450
18451
18452
18453
18466
18467
18471
18477
18478
18478
18484
18487
18487
18490
18492
18505
18506
18509
18509
18511
18514
18518
18519
18526
18528
18531
18534
18536
18537
18537
18539
18548
18550
18551
18551
18554
18554
18556
18557
18566
18567
18568
18570
18573
18576
18585
18594
18595
18598
18599
18600
18608
18608
18613
18614
18615
18616
18619
18621
18622
18625
18628
18629
18634
18643
18651
18654
18656
18658
18659
18659
18666
18670
18673
18678
18680
18682
18684
18687
18690
18691
18696
18701
18710
18719
18720
18721
18722
18722
18726
18728
18732
18743
18745
18752
18754
18760
18761
18761
18763
18763
18764
18771
18772
18772
18777
18782
18782
18785
18786
18786
18788
18789
18790
18796
18802
18807
18815
18818
18822
18825
18827
18829
18838
18841
18842
18843
18843
18844
18844
18844
18845
18845
18848
18852
18853
18854
18856
18861
18869
18874
18878
18880
18890
18892
18895
18898
18899
18919
18922
18923
18939
18946
18946
18954
18955
18956
18956
18957
18957
18959
18961
18964
18964
18966
18974
18974
18979
18981
18982
18983
18983
18986
18988
18990
18990
18992
18996
18996
18997
18997
18997
19002
19003
19006
19007
19008
19012
19017
19018
19026
19029
19030
19030
19030
19031
19033
19033
19036
19037
19041
19045
19045
19046
19047
19049
19050
19056
19058
19059
19064
19068
19069
19071
19077
19078
19080
19081
19082
19085
19087
19089
19091
19094
19097
19097
19103
19106
19108
19109
19113
19113
19116
19117
19124
19124
19129
19129
19130
19135
19150
19157
19159
19161
19165
19165
19168
19170
19171
19171
19173
19174
19176
19179
19183
19186
19187
19189
19190
19190
19192
19192
19197
19198
19204
19208
19209
19217
19219
19219
19223
19229
19231
19232
19233
19244
19258
19260
19264
19265
19270
19279
19282
19286
19286
19287
19287
19292
19297
19299
19303
19305
19306
19308
19309
19310
19312
19319
19327
19328
19330
19331
19332
19334
19336
19339
19342
19343
19344
19344
19349
19351
19352
19352
19356
19358
19358
19364
19374
19380
19385
19388
19395
19396
19398
19406
19415
19417
19422
19426
19427
19428
19430
19433
19434
19435
19440
19445
19446
19448
19448
19452
19453
19459
19468
19476
19476
19481
19482
19484
19487
19491
19493
19495
19496
19500
19502
19505
19506
19508
19510
19511
19512
19512
19513
19516
19519
19522
19522
19523
19526
19526
19530
19539
19539
19542
19544
19549
19553
19557
19559
19563
19573
19573
19577
19587
19591
19599
19600
19608
19613
19615
19615
19624
19626
19631
19631
19634
19637
19637
19644
19645
19650
19656
19656
19668
19669
19670
19672
19676
19681
19683
19685
19688
19689
19690
19704
19706
19709
19712
19722
19722
19729
19731
19733
19734
19736
19737
19739
19741
19742
19743
19744
19745
19748
19751
19752
19752
19755
19756
19763
19764
19772
19778
19778
19779
19784
19787
19788
19793
19794
19795
19798
19799
19800
19807
19815
19819
19820
19820
19829
19829
19831
19833
19833
19839
19844
19847
19850
19856
19864
19871
19872
19873
19874
19877
19880
19882
19883
19888
19888
19889
19892
19892
19896
19899
19900
19901
19901
19902
19904
19904
19905
19906
19911
19913
19920
19925
19930
19933
19935
19937
19941
19945
19948
19948
19953
19953
19959
19961
19966
19983
19992
19992
19995
20003
20004
20005
20005
20007
20007
20008
20010
20013
20013
20020
20025
20027
20030
20031
20034
20041
20044
20044
20045
20049
20051
20057
20065
20065
20072
20074
20080
20081
20090
20091
20094
20097
20097
20100
20101
20104
20113
20119
20122
20122
20127
20127
20129
20130
20132
20134
20139
20139
20143
20147
20151
20157
20157
20163
20163
20172
20179
20183
20186
20191
20196
20203
20206
20218
20219
20222
20223
20225
20227
20238
20238
20242
20242
20243
20245
20249
20254
20255
20256
20259
20267
20268
20272
20274
20276
20291
20298
20302
20302
20306
20309
20313
20313
20314
20324
20327
20330
20332
20334
20337
20345
20351
20365
20368
20369
20378
20381
20387
20391
20391
20393
20397
20399
20400
20405
20420
20425
20432
20440
20441
20455
20456
20458
20459
20467
20470
20470
20473
20486
20486
20487
20489
20500
20503
20503
20504
20505
20506
20506
20510
20511
20514
20519
20520
20526
20531
20534
20535
20535
20537
20545
20547
20547
20547
20549
20555
20558
20558
20563
20567
20571
20582
20595
20595
20596
20600
20600
20601
20602
20604
20605
20605
20605
20608
20610
20611
20612
20612
20615
20623
20626
20631
20632
20632
20633
20634
20635
20636
20639
20640
20641
20656
20660
20663
20664
20668
20671
20678
20684
20684
20687
20688
20690
20691
20693
20695
20696
20699
20701
20706
20707
20718
20720
20721
20724
20725
20728
20728
20734
20736
20737
20741
20746
20748
20749
20759
20771
20775
20779
20781
20782
20783
20791
20792
20792
20793
20794
20796
20799
20800
20801
20809
20809
20810
20811
20814
20817
20820
20826
20828
20835
20840
20840
20848
20854
20854
20859
20868
20869
20872
20879
20881
20882
20883
20883
20883
20889
20891
20896
20898
20902
20905
20907
20908
20910
20912
20922
20923
20925
20925
20926
20927
20939
20942
20946
20946
20953
20954
20954
20955
20956
20960
20961
20963
20965
20965
20968
20977
20982
20982
20987
20988
20991
20994
20999
21006
21011
21013
21014
21017
21020
21022
21024
21028
21038
21041
21042
21042
21049
21049
21051
21064
21065
21068
21070
21074
21075
21076
21079
21082
21089
21107
21109
21109
21110
21115
21115
21117
21117
21118
21120
21121
21126
21129
21133
21133
21142
21146
21146
21148
21150
21155
21161
21166
21168
21168
21168
21173
21181
21183
21185
21190
21191
21196
21198
21198
21200
21202
21203
21209
21210
21212
21224
21230
21230
21231
21232
21233
21234
21235
21235
21238
21240
21245
21247
21248
21261
21263
21263
21267
21267
21269
21274
21274
21281
21283
21285
21287
21290
21296
21301
21304
21308
21310
21313
21326
21327
21330
21331
21336
21351
21351
21361
21363
21367
21375
21375
21380
21381
21383
21384
21385
21389
21391
21395
21397
21399
21402
21406
21408
21412
21420
21421
21425
21428
21429
21429
21442
21446
21450
21452
21454
21458
21463
21465
21466
21467
21470
21472
21482
21490
21504
21506
21509
21519
21520
21528
21539
21539
21543
21546
21547
21556
21559
21561
21562
21563
21568
21575
21576
21585
21586
21589
21596
21597
21605
21606
21609
21611
21612
21613
21615
21617
21617
21622
21633
21637
21638
21642
21644
21647
21648
21652
21658
21660
21662
21666
21666
21667
21669
21671
21681
21687
21690
21692
21692
21694
21701
21703
21717
21722
21725
21727
21731
21738
21740
21743
21743
21747
21749
21756
21757
21764
21767
21770
21770
21777
21779
21783
21788
21791
21793
21795
21797
21800
21801
21803
21805
21813
21817
21818
21820
21821
21823
21828
21831
21836
21837
21840
21841
21843
21848
21854
21855
21857
21859
21872
21873
21876
21877
21882
21892
21893
21895
21904
21908
21908
21917
21919
21920
21922
21927
21929
21932
21935
21936
21938
21940
21940
21946
21946
21947
21948
21948
21964
21971
21974
21974
21975
21980
21989
21991
21991
21992
21995
21996
21996
22009
22014
22015
22019
22027
22028
22031
22033
22038
22039
22039
22044
22045
22055
22070
22071
22079
22085
22090
22090
22095
22095
22097
22098
22103
22108
22117
22125
22126
22130
22131
22131
22137
22137
22140
22146
22146
22147
22147
22149
22153
22158
22160
22161
22167
22174
22176
22176
22178
22195
22206
22210
22215
22216
22223
22225
22227
22235
22237
22238
22238
22241
22242
22244
22244
22248
22253
22255
22261
22264
22266
22275
22278
22278
22283
22292
22294
22302
22302
22306
22306
22312
22317
22323
22325
22327
22332
22336
22339
22341
22343
22345
22348
22354
22356
22357
22358
22359
22367
22369
22369
22369
22369
22380
22384
22390
22394
22409
22412
22413
22424
22425
22429
22429
22431
22432
22432
22441
22448
22451
22458
22461
22464
22468
22470
22475
22478
22489
22508
22509
22513
22521
22522
22524
22527
22528
22529
22530
22530
22532
22533
22536
22539
22544
22544
22544
22545
22547
22548
22549
22558
22569
22580
22584
22584
22588
22595
22606
22607
22611
22614
22625
22627
22629
22636
22638
22646
22647
22649
22651
22654
22658
22663
22666
22672
22674
22675
22680
22681
22682
22685
22697
22709
22714
22718
22723
22724
22731
22735
22737
22744
22747
22749
22751
22765
22770
22771
22773
22775
22779
22781
22784
22784
22788
22788
22789
22790
22791
22799
22800
22803
22804
22804
22808
22809
22813
22833
22835
22838
22838
22849
22851
22852
22852
22857
22861
22870
22872
22876
22878
22880
22881
22887
22888
22891
22894
22896
22902
22909
22911
22917
22927
22928
22931
22932
22935
22940
22942
22942
22944
22949
22957
22960
22961
22963
22964
22966
22969
22971
22972
22979
22980
22984
22994
22999
23001
23002
23004
23005
23006
23007
23011
23012
23014
23016
23022
23027
23029
23030
23031
23031
23036
23041
23051
23051
23057
23060
23062
23063
23063
23070
23071
23075
23076
23082
23084
23085
23088
23090
23093
23095
23097
23097
23098
23098
23105
23108
23108
23111
23116
23120
23123
23125
23127
23127
23128
23130
23138
23138
23139
23147
23150
23151
23157
23158
23162
23162
23165
23167
23175
23180
23181
23187
23188
23190
23192
23199
23205
23208
23209
23221
23222
23226
23227
23233
23235
23238
23241
23241
23244
23251
23252
23257
23260
23264
23264
23265
23268
23268
23273
23275
23276
23277
23279
23287
23288
23292
23293
23295
23306
23307
23309
23318
23324
23325
23339
23344
23345
23347
23351
23352
23358
23363
23364
23365
23367
23367
23373
23374
23376
23377
23379
23380
23382
23396
23400
23402
23405
23407
23410
23413
23414
23416
23417
23418
23419
23420
23424
23426
23427
23427
23428
23433
23433
23437
23439
23447
23450
23453
23461
23464
23464
23465
23469
23471
23471
23472
23472
23475
23476
23476
23477
23483
23484
23488
23490
23493
23494
23495
23499
23502
23507
23509
23520
23525
23530
23532
23534
23536
23549
23554
23564
23566
23567
23570
23573
23577
23577
23578
23579
23581
23583
23590
23591
23597
23597
23605
23612
23613
23613
23621
23623
23623
23625
23626
23627
23628
23629
23633
23634
23634
23636
23637
23639
23641
23642
23644
23645
23645
23650
23650
23652
23657
23660
23660
23661
23672
23674
23676
23680
23684
23691
23695
23696
23699
23703
23704
23715
23715
23718
23735
23735
23736
23740
23743
23744
23744
23749
23756
23760
23760
23765
23765
23768
23771
23774
23776
23778
23783
23787
23789
23790
23796
23798
23799
23800
23805
23811
23811
23817
23817
23817
23819
23823
23829
23838
23840
23844
23850
23856
23861
23861
23866
23873
23874
23876
23876
23878
23879
23879
23881
23882
23893
23896
23899
23901
23901
23912
23915
23916
23918
23918
23920
23922
23925
23926
23931
23932
23935
23941
23944
23945
23946
23947
23947
23949
23950
23953
23957
23962
23977
23987
23988
23995
24017
24018
24021
24022
24023
24023
24025
24030
24031
24033
24041
24041
24042
24046
24048
24051
24063
24065
24074
24082
24087
24089
24092
24095
24096
24097
24099
24099
24101
24103
24104
24104
24109
24112
24116
24120
24122
24125
24127
24131
24131
24134
24137
24138
24139
24139
24145
24154
24160
24162
24166
24167
24167
24173
24181
24185
24190
24191
24195
24208
24209
24214
24215
24219
24220
24220
24228
24232
24242
24242
24247
24255
24257
24260
24264
24266
24269
24274
24280
24289
24290
24293
24293
24294
24295
24297
24297
24303
24306
24307
24310
24316
24321
24332
24337
24342
24346
24347
24347
24357
24360
24360
24361
24361
24370
24372
24376
24377
24378
24385
24387
24403
24403
24405
24405
24411
24416
24417
24418
24421
24431
24434
24440
24453
24455
24457
24460
24463
24463
24473
24478
24480
24491
24492
24494
24497
24499
24502
24502
24503
24515
24519
24525
24533
24533
24534
24536
24541
24544
24555
24556
24564
24565
24568
24570
24571
24571
24571
24574
24579
24583
24583
24584
24592
24596
24596
24597
24597
24601
24604
24606
24613
24613
24613
24616
24619
24621
24628
24633
24634
24635
24638
24639
24640
24641
24645
24649
24651
24654
24658
24660
24662
24665
24666
24668
24668
24670
24671
24674
24675
24678
24679
24695
24695
24697
24704
24709
24720
24724
24724
24725
24725
24726
24728
24736
24737
24742
24746
24747
24748
24748
24751
24753
24754
24754
24758
24764
24765
24771
24772
24775
24781
24785
24788
24793
24803
24812
24817
24819
24820
24835
24839
24842
24847
24847
24849
24854
24855
24856
24857
24863
24863
24867
24870
24870
24874
24874
24875
24876
24876
24880
24883
24889
24892
24895
24900
24904
24904
24904
24906
24915
24916
24917
24917
24922
24924
24924
24928
24929
24933
24938
24938
24945
24945
24946
24946
24952
24952
24954
24958
24959
24960
24961
24964
24965
24966
24969
24974
24974
24977
24986
24989
24990
24994
24995
25005
25007
25016
25019
25020
25021
25022
25023
25026
25027
25032
25034
25035
25036
25039
25039
25040
25044
25049
25052
25062
25068
25076
25079
25080
25082
25093
25096
25097
25101
25102
25108
25114
25118
25122
25125
25125
25128
25139
25140
25143
25144
25148
25150
25154
25154
25155
25156
25159
25168
25169
25181
25185
25186
25189
25191
25192
25199
25206
25210
25215
25217
25217
25228
25240
25242
25243
25244
25244
25244
25245
25246
25251
25252
25253
25255
25258
25260
25266
25267
25273
25276
25277
25281
25284
25287
25289
25295
25301
25315
25316
25318
25319
25321
25326
25333
25338
25339
25339
25343
25344
25347
25347
25365
25367
25371
25374
25376
25379
25388
25389
25390
25391
25396
25397
25413
25418
25422
25431
25441
25443
25449
25450
25454
25459
25459
25471
25473
25476
25477
25479
25481
25487
25495
25495
25498
25502
25503
25504
25505
25506
25507
25511
25513
25516
25516
25520
25525
25527
25528
25534
25538
25547
25550
25551
25565
25569
25576
25576
25580
25585
25601
25604
25605
25605
25609
25612
25613
25616
25616
25619
25627
25633
25638
25640
25645
25648
25649
25649
25652
25665
25667
25670
25675
25677
25683
25683
25686
25690
25696
25712
25724
25725
25728
25733
25736
25737
25737
25738
25740
25740
25742
25744
25746
25746
25748
25748
25749
25750
25751
25751
25752
25759
25762
25770
25770
25772
25774
25777
25779
25780
25781
25781
25783
25785
25799
25800
25800
25802
25804
25808
25809
25811
25814
25817
25820
25822
25822
25824
25826
25827
25830
25830
25831
25831
25833
25835
25841
25852
25856
25859
25859
25860
25876
25888
25893
25895
25895
25897
25898
25901
25904
25904
25908
25910
25914
25915
25927
25931
25932
25936
25939
25939
25940
25941
25943
25945
25952
25957
25959
25960
25960
25963
25969
25975
25983
25983
25984
25988
25988
25995
26001
26002
26003
26014
26023
26037
26040
26047
26050
26052
26058
26059
26061
26065
26067
26070
26070
26070
26072
26074
26076
26084
26086
26086
26087
26090
26103
26107
26109
26111
26114
26126
26126
26130
26140
26148
26150
26154
26159
26163
26163
26166
26171
26173
26174
26178
26182
26185
26186
26188
26188
26193
26195
26197
26208
26214
26218
26225
26226
26229
26230
26231
26233
26235
26247
26249
26254
26255
26258
26259
26262
26263
26266
26267
26268
26273
26280
26281
26282
26283
26293
26295
26297
26298
26299
26300
26301
26309
26311
26317
26320
26324
26326
26331
26334
26334
26336
26337
26338
26339
26340
26345
26347
26350
26351
26352
26357
26361
26370
26371
26371
26371
26376
26377
26379
26383
26385
26394
26395
26396
26407
26408
26413
26418
26421
26422
26422
26424
26426
26426
26433
26436
26439
26444
26444
26447
26448
26454
26455
26464
26464
26468
26472
26473
26477
26487
26496
26498
26500
26503
26505
26508
26508
26514
26517
26522
26525
26531
26536
26536
26542
26544
26554
26555
26555
26558
26566
26571
26572
26573
26580
26580
26581
26585
26586
26588
26592
26593
26595
26596
26597
26599
26600
26601
26604
26605
26611
26612
26612
26616
26622
26622
26626
26627
26631
26632
26634
26635
26638
26640
26644
26648
26648
26649
26651
26653
26655
26656
26656
26659
26659
26659
26662
26665
26665
26679
26680
26680
26682
26688
26696
26698
26698
26702
26708
26712
26712
26713
26714
26718
26725
26728
26729
26730
26731
26736
26743
26746
26756
26759
26763
26764
26767
26769
26770
26774
26774
26774
26785
26785
26788
26794
26796
26797
26802
26812
26812
26813
26813
26814
26817
26817
26818
26820
26821
26822
26831
26832
26839
26842
26846
26848
26851
26852
26856
26859
26860
26868
26874
26878
26879
26888
26889
26892
26894
26902
26903
26906
26911
26912
26913
26916
26919
26920
26924
26928
26938
26941
26941
26943
26944
26945
26955
26958
26964
26966
26969
26988
26990
26992
26993
26993
26994
26995
27000
27011
27014
27017
27020
27024
27028
27032
27033
27034
27034
27036
27036
27038
27039
27042
27046
27051
27054
27059
27059
27062
27064
27068
27072
27075
27076
27077
27077
27079
27081
27082
27082
27085
27093
27094
27099
27101
27110
27112
27113
27120
27122
27133
27142
27144
27147
27151
27154
27155
27160
27161
27163
27165
27167
27169
27170
27175
27175
27178
27185
27186
27188
27188
27189
27189
27193
27203
27213
27223
27223
27226
27232
27233
27239
27240
27241
27241
27242
27242
27247
27257
27271
27274
27278
27279
27280
27281
27284
27288
27296
27299
27303
27303
27308
27314
27319
27326
27328
27333
27338
27343
27344
27350
27357
27357
27358
27368
27373
27378
27381
27384
27393
27393
27397
27401
27406
27413
27414
27416
27418
27418
27420
27421
27432
27433
27437
27438
27439
27439
27451
27452
27455
27456
27459
27480
27481
27486
27488
27488
27492
27494
27497
27498
27498
27506
27506
27508
27511
27513
27514
27516
27517
27524
27524
27525
27525
27529
27536
27538
27540
27540
27540
27541
27543
27549
27551
27555
27558
27561
27567
27581
27582
27582
27582
27586
27590
27593
27598
27601
27608
27609
27613
27614
27615
27616
27621
27634
27637
27647
27653
27654
27656
27656
27657
27658
27662
27663
27663
27667
27668
27670
27670
27673
27673
27675
27678
27678
27683
27684
27687
27692
27693
27693
27694
27697
27705
27707
27709
27716
27717
27720
27727
27729
27729
27731
27736
27736
27737
27738
27738
27744
27749
27751
27751
27752
27763
27766
27772
27773
27773
27777
27778
27779
27784
27786
27788
27789
27793
27794
27795
27797
27810
27810
27812
27814
27821
27825
27827
27830
27832
27836
27842
27847
27848
27849
27851
27865
27866
27867
27872
27882
27886
27887
27887
27891
27893
27893
27899
27902
27908
27913
27914
27918
27924
27926
27928
27929
27933
27935
27944
27944
27947
27948
27948
27954
27958
27969
27972
27980
27982
27986
27988
27992
27998
27999
28011
28012
28019
28021
28022
28031
28034
28037
28038
28044
28044
28052
28055
28061
28070
28073
28076
28080
28087
28092
28101
28104
28105
28106
28115
28120
28120
28126
28131
28138
28139
28141
28143
28149
28152
28153
28168
28180
28191
28193
28196
28196
28197
28197
28200
28200
28201
28206
28210
28211
28211
28224
28226
28227
28228
28228
28232
28237
28239
28244
28246
28246
28251
28253
28261
28263
28272
28273
28275
28278
28279
28280
28283
28287
28294
28300
28302
28303
28315
28316
28317
28322
28323
28325
28326
28326
28327
28337
28350
28351
28353
28358
28363
28363
28364
28375
28375
28376
28376
28378
28380
28382
28382
28384
28390
28395
28397
28398
28398
28403
28407
28408
28410
28415
28416
28427
28434
28437
28440
28448
28452
28457
28459
28465
28477
28479
28480
28480
28481
28482
28485
28487
28489
28491
28493
28496
28498
28500
28506
28509
28509
28511
28512
28521
28523
28525
28526
28527
28534
28535
28548
28556
28557
28563
28564
28565
28567
28568
28576
28580
28584
28585
28586
28588
28597
28597
28600
28603
28603
28605
28606
28607
28607
28610
28610
28612
28617
28625
28625
28628
28629
28630
28631
28634
28635
28637
28639
28643
28646
28647
28651
28657
28659
28661
28662
28664
28664
28666
28668
28670
28675
28678
28682
28685
28687
28687
28690
28693
28696
28696
28699
28706
28708
28711
28713
28714
28717
28719
28719
28720
28720
28723
28726
28727
28731
28737
28738
28742
28748
28748
28748
28748
28750
28754
28756
28757
28760
28769
28771
28772
28774
28775
28790
28790
28797
28808
28809
28811
28812
28812
28813
28818
28820
28828
28831
28831
28853
28856
28856
28858
28867
28868
28868
28869
28887
28891
28893
28894
28897
28899
28901
28906
28907
28907
28909
28911
28915
28919
28919
28920
28920
28924
28927
28927
28928
28929
28930
28930
28932
28934
28938
28943
28945
28946
28947
28948
28960
28965
28967
28969
28970
28971
28977
28978
28981
28988
28989
28989
28992
28993
28998
29001
29003
29004
29005
29006
29007
29014
29016
29017
29023
29030
29032
29033
29038
29045
29048
29053
29062
29071
29071
29074
29074
29075
29079
29082
29084
29089
29091
29101
29101
29104
29109
29112
29113
29115
29129
29131
29137
29138
29140
29143
29143
29144
29158
29160
29168
29169
29174
29174
29175
29178
29179
29181
29181
29182
29182
29186
29188
29189
29189
29207
29218
29223
29228
29230
29241
29243
29244
29246
29259
29259
29263
29267
29268
29269
29270
29273
29273
29275
29276
29276
29277
29278
29278
29279
29291
29293
29294
29299
29299
29305
29307
29311
29312
29316
29317
29321
29324
29326
29327
29332
29335
29338
29344
29344
29347
29348
29349
29375
29377
29387
29388
29389
29393
29394
29401
29402
29403
29403
29404
29404
29405
29405
29409
29411
29417
29420
29425
29429
29429
29438
29449
29449
29456
29460
29465
29469
29469
29472
29474
29488
29490
29491
29494
29496
29497
29497
29499
29499
29502
29504
29505
29513
29513
29520
29522
29528
29530
29532
29533
29541
29543
29545
29553
29555
29558
29561
29569
29573
29576
29580
29586
29592
29595
29602
29604
29612
29612
29612
29614
29623
29631
29642
29646
29648
29649
29653
29655
29656
29656
29658
29660
29664
29666
29671
29675
29676
29676
29681
29683
29687
29690
29690
29698
29699
29701
29702
29702
29707
29707
29721
29722
29724
29726
29730
29732
29734
29737
29742
29745
29745
29747
29748
29748
29749
29749
29750
29754
29754
29756
29759
29763
29763
29768
29776
29776
29777
29787
29808
29810
29813
29815
29821
29825
29829
29831
29842
29850
29851
29852
29854
29855
29864
29873
29877
29878
29879
29881
29888
29889
29901
29905
29908
29910
29913
29916
29922
29925
29943
29946
29949
29949
29955
29962
29966
29970
29973
29976
29987
29992
29992
29994
29999
29999
30007
30012
30014
30016
30017
30022
30026
30028
30036
30041
30042
30044
30046
30048
30052
30052
30055
30058
30061
30065
30066
30067
30075
30078
30092
30094
30096
30098
30105
30105
30111
30111
30118
30126
30131
30131
30136
30138
30141
30143
30144
30145
30146
30147
30151
30153
30155
30157
30159
30161
30163
30164
30166
30169
30171
30172
30179
30183
30189
30191
30191
30194
30195
30199
30202
30203
30208
30210
30210
30210
30215
30223
30228
30235
30237
30246
30246
30248
30253
30255
30255
30258
30259
30260
30261
30262
30266
30277
30280
30286
30288
30295
30295
30299
30304
30308
30314
30315
30317
30324
30332
30335
30342
30344
30348
30355
30358
30359
30365
30376
30379
30384
30388
30388
30393
30398
30400
30403
30412
30414
30416
30420
30427
30429
30429
30430
30434
30447
30450
30451
30453
30454
30455
30456
30461
30469
30471
30474
30476
30483
30494
30496
30499
30500
30501
30505
30506
30508
30511
30512
30512
30516
30519
30523
30524
30524
30524
30526
30526
30541
30545
30548
30548
30552
30553
30557
30561
30572
30574
30579
30579
30580
30582
30584
30588
30602
30605
30608
30608
30610
30615
30616
30619
30619
30620
30626
30637
30637
30640
30658
30661
30669
30671
30679
30681
30682
30684
30687
30694
30697
30702
30705
30706
30707
30710
30712
30713
30718
30720
30723
30726
30728
30732
30732
30733
30734
30737
30741
30742
30745
30745
30756
30758
30760
30761
30762
30764
30765
30773
30778
30779
30780
30782
30787
30792
30794
30796
30799
30800
30802
30803
30805
30808
30809
30810
30811
30821
30821
30822
30825
30826
30830
30830
30831
30833
30839
30845
30846
30848
30851
30854
30858
30858
30860
30860
30868
30871
30872
30873
30876
30877
30882
30882
30883
30889
30894
30896
30900
30904
30906
30907
30908
30910
30912
30913
30922
30926
30939
30940
30943
30947
30947
30950
30950
30952
30952
30956
30958
30962
30963
30973
30974
30976
30980
30988
31006
31017
31018
31022
31026
31031
31034
31034
31038
31043
31047
31050
31057
31058
31059
31066
31068
31070
31072
31072
31074
31079
31082
31083
31085
31091
31100
31104
31109
31137
31138
31139
31142
31144
31145
31147
31149
31150
31154
31154
31159
31162
31165
31170
31175
31189
31189
31192
31194
31208
31210
31210
31211
31212
31216
31221
31227
31229
31230
31233
31234
31238
31238
31238
31239
31241
31242
31248
31250
31252
31254
31257
31260
31261
31261
31262
31268
31269
31272
31273
31274
31274
31278
31283
31296
31297
31300
31302
31318
31321
31323
31329
31331
31333
31335
31339
31341
31347
31349
31354
31367
31367
31368
31374
31377
31381
31384
31386
31395
31398
31401
31402
31407
31413
31424
31433
31434
31441
31446
31448
31450
31452
31454
31462
31463
31463
31465
31467
31468
31469
31470
31472
31475
31476
31478
31478
31478
31479
31481
31490
31490
31498
31501
31502
31506
31520
31523
31525
31530
31533
31536
31545
31551
31552
31553
31555
31558
31558
31565
31569
31575
31576
31577
31578
31582
31583
31590
31591
31593
31596
31597
31597
31598
31601
31604
31613
31614
31615
31615
31616
31629
31630
31634
31646
31648
31651
31655
31655
31657
31661
31663
31666
31672
31677
31679
31682
31689
31693
31694
31700
31705
31707
31711
31714
31715
31717
31717
31717
31723
31731
31741
31742
31742
31743
31744
31746
31750
31752
31754
31754
31758
31759
31767
31769
31770
31771
31781
31783
31783
31787
31790
31790
31792
31792
31794
31798
31800
31807
31808
31810
31815
31819
31824
31824
31827
31833
31849
31850
31856
31859
31859
31869
31881
31885
31885
31894
31894
31895
31900
31902
31912
31913
31917
31921
31930
31931
31931
31931
31932
31933
31934
31934
31935
31936
31940
31947
31950
31954
31960
31960
31961
31966
31971
31974
31975
31976
31977
31981
31982
31982
31984
31985
31990
31992
31996
32001
32001
32003
32005
32009
32010
32011
32019
32022
32029
32029
32029
32030
32032
32039
32040
32045
32049
32051
32052
32057
32060
32061
32070
32072
32075
32082
32087
32091
32096
32097
32099
32107
32110
32111
32113
32116
32116
32123
32123
32126
32139
32140
32146
32146
32147
32152
32153
32155
32156
32157
32158
32160
32164
32164
32172
32176
32177
32178
32181
32182
32184
32186
32190
32191
32194
32195
32196
32200
32202
32221
32228
32230
32232
32234
32235
32238
32238
32244
32248
32249
32257
32265
32267
32270
32277
32283
32288
32289
32302
32308
32325
32327
32329
32346
32347
32349
32351
32357
32364
32367
32371
32379
32380
32383
32389
32391
32396
32398
32401
32401
32404
32405
32405
32406
32407
32410
32412
32412
32412
32419
32419
32426
32434
32438
32443
32444
32445
32451
32452
32456
32460
32464
32464
32466
32467
32474
32478
32478
32481
32483
32487
32487
32492
32493
32499
32499
32502
32503
32511
32512
32520
32524
32528
32528
32532
32533
32537
32539
32542
32542
32563
32566
32568
32569
32572
32576
32578
32581
32585
32596
32601
32603
32606
32610
32613
32618
32621
32625
32626
32633
32640
32642
32642
32643
32645
32648
32652
32656
32657
32659
32672
32672
32673
32676
32683
32685
32690
32691
32694
32699
32700
32701
32703
32708
32718
32720
32721
32721
32722
32725
32727
32737
32737
32739
32741
32751
32754
32754
