10000
8381
5161
23165
25515
14798
4048
15420
17554
30703
22831
25111
9559
21984
22743
18412
12717
12957
2980
27066
24041
14387
7743
273
32428
9427
25062
14023
963
10789
32368
7405
23115
22238
1419
1281
14873
16021
19273
1637
25177
21459
10203
18704
2420
10345
1692
26756
1080
2054
26193
768
26675
8456
11950
18678
11615
12179
32541
8383
4869
24288
23228
12942
19419
21720
21924
28835
13679
7138
10097
28609
7881
24313
18175
9185
25164
11265
29553
21800
22238
12379
20088
24855
23625
9143
27602
7170
1760
21801
31248
26307
11877
3712
26781
19631
25642
16851
12028
15817
5239
13660
6481
14646
22316
8585
15907
31729
13223
30033
352
1984
23528
13509
18593
5735
8947
9703
17584
19739
12918
16318
29768
17465
17324
4010
17435
14136
24449
2294
28697
28893
27127
29356
2544
18349
31944
26541
18639
16040
21837
7424
1648
7732
22942
25195
3413
6488
30971
4416
7250
21290
27499
23930
17227
22667
5282
15624
32063
25105
3624
22889
11141
29253
7352
16249
22102
9231
5351
16779
22156
15726
29446
16311
19625
23148
10824
19062
2331
17490
28456
21356
18879
18712
261
24708
28835
10015
14095
30018
6160
24867
21607
9813
10184
3691
26498
2924
20364
31554
14543
843
2785
11691
3225
32286
4628
8785
15406
16909
23676
21949
27201
24080
6143
28107
22157
16133
14807
5983
5307
6912
3222
27732
10886
9954
24424
30133
22813
18989
15001
7728
5576
17686
15703
10439
30159
31964
2232
32713
4504
25177
23551
28673
8975
9943
17947
9261
25418
13092
4208
29874
27502
5353
18138
24461
7372
22071
239
15501
21584
29539
20613
447
27932
25364
31093
11306
22128
25754
22174
8381
16589
2177
4140
6534
9818
10086
1818
29477
12934
15114
6645
28287
19695
19877
9955
15031
19331
29565
28389
23386
4068
694
15961
16089
5137
32108
32451
6461
10820
25087
5580
22294
29718
21934
13707
15540
21737
23912
516
1434
25479
6366
12270
6192
7943
13277
186
8632
27377
475
16336
11907
5794
30672
9500
4709
29681
30791
16585
13670
16658
9652
21580
6330
27067
12040
15525
10228
25478
19075
20961
10870
10647
21193
24548
26924
7038
14905
7269
23674
17246
18554
15930
30322
18255
22102
6614
23883
2562
31692
26384
10766
16036
25696
5158
32659
29700
15798
18945
3500
23287
29791
1466
21664
19452
13043
27486
15579
20508
22368
13806
22243
12564
21121
26794
22414
21686
9715
9615
9331
26509
29732
19743
1182
6848
22188
19296
18824
31032
28385
13863
1094
6149
25765
8342
6912
9726
18307
18404
21157
7848
1531
32092
8413
9306
28441
29097
23103
17822
29261
17744
4293
12761
4470
638
13948
8495
14656
25604
22656
29601
29616
3488
1576
19320
10493
6526
14462
9959
25250
7934
19954
15596
17585
5816
28239
8567
12650
16318
27373
29902
19212
27168
28457
8752
18411
19126
5394
29112
19651
15385
12901
29061
16716
4339
29116
31256
21262
23417
3074
20989
6775
20021
13866
13486
5675
6665
5920
16564
28827
28017
23040
4367
17369
30984
12423
1496
20395
7502
22983
37
21982
9640
286
5421
4316
13480
2408
31917
30849
17807
6260
16010
18731
26384
30389
25527
272
4951
5946
11865
18389
18762
23520
7465
29788
19215
27079
15898
9437
9678
8706
5181
7480
26296
4755
5345
24457
8520
29590
32766
13053
10952
1212
6100
3301
12056
24315
31695
4105
683
3716
10926
5695
21970
2294
28644
30780
11581
21457
16446
1961
17342
28461
18887
28538
14673
22700
15081
28283
13146
15021
1236
8235
21037
7106
7460
18382
8147
8805
701
20926
23564
16614
2554
32514
18832
23976
13320
28449
24730
19341
5516
31800
2727
9903
4236
7499
19323
26961
25996
17113
31590
19733
24567
25011
30405
19567
8641
8206
26315
22617
21067
22742
1922
5704
13447
26949
3852
14943
26716
31925
6703
20963
23372
19122
16913
4592
11348
31572
16191
32362
1811
9675
15860
32053
14895
7484
18329
10665
3317
32716
25992
31808
6207
15354
24853
6802
9883
49
17615
25476
24489
18589
771
3004
17093
32575
25986
24152
13542
25148
10916
30175
9670
9339
29581
375
4164
31854
26543
27225
23046
5424
12688
28035
22114
5585
14542
32172
28799
13038
15712
381
16567
32388
14366
16894
4416
27141
9348
7503
5644
11948
6067
20888
23533
4110
18616
29762
13053
11507
28177
26984
6205
21091
5229
28552
25212
1284
21172
4991
13947
13475
32583
8372
1614
19984
19081
24979
8197
7983
25246
17469
3980
16716
1139
14205
22480
32175
7678
21503
18211
24688
26055
9660
27362
28045
2983
10681
26197
11322
26319
21489
12502
31864
17677
12687
32566
27369
16203
31585
23644
30435
14169
11402
13615
32451
25324
29047
23479
18052
2022
788
17790
19600
19927
16959
2365
24789
18628
10109
24500
12828
8488
23275
11226
17814
32057
2168
20022
3256
3948
17490
18317
3401
28219
5022
28349
20410
6438
28012
15849
1973
20216
18410
31446
11000
6475
1495
16021
27236
12622
22587
8291
16721
8646
26710
1997
3877
19027
24022
27160
28453
10229
5453
30431
17035
1742
6881
30718
8408
298
15686
26799
8811
28604
19689
2035
14675
12074
23406
27188
3170
24269
3933
20008
2178
31922
24600
14584
7244
740
19985
7586
20951
27117
27449
5020
15054
13466
18364
24762
25286
26879
5867
23121
15310
6843
8313
24989
14663
27261
20971
32608
3318
7879
1098
25292
14935
14834
18971
18339
29748
12659
22929
1949
30839
10844
26368
23306
24125
24358
917
3256
2603
4781
21573
9495
15621
13436
13571
20635
28796
6731
7222
1378
30280
29382
21098
11287
3447
21904
21061
20502
25093
5256
25789
6864
10924
12875
19849
7793
22781
8698
7125
13249
4016
13373
29498
28488
21305
21895
24813
29110
10396
412
4407
6018
5761
4177
31013
19408
15499
16275
18560
664
29926
7851
14335
7685
13343
16064
1980
17179
6969
19614
16869
24989
28669
30646
5556
29486
28561
19045
24225
13750
12108
22393
11222
25863
32713
24817
23523
14273
1594
23556
8371
9074
32767
30309
32702
11266
25720
198
8833
16975
22807
25243
2859
30228
11193
31520
410
32527
18230
5021
19589
24931
22070
18152
2811
12603
2119
556
16908
14768
11565
746
29382
2797
6777
30269
19555
13200
3934
7522
20160
10580
2751
7031
28945
9453
18316
20611
8404
30004
21327
26039
11523
3460
29442
28404
29070
21348
18980
17805
22280
28518
30732
77
31392
9551
8060
11452
4692
30583
3193
11678
24929
6515
27738
25277
20734
30194
19488
32232
329
19429
20741
10556
26242
9955
24408
25250
18039
14027
9095
12441
10815
19115
12670
5174
6187
29408
11823
23656
10746
3711
14194
16001
21324
18420
32272
22514
27738
17641
17946
32086
21731
3434
16768
31411
17258
28230
30942
10492
5278
23224
13977
31962
12058
4422
10283
29355
20302
2026
10683
31692
20413
25456
28657
20755
16746
32287
1032
20128
26764
16795
17957
15574
29065
22538
27111
10916
29218
30838
8511
15625
2795
21106
27010
6103
15615
23809
11964
17335
18417
3251
14664
13677
9222
13585
6557
23133
27809
6459
1643
20046
20222
28624
24807
7791
20771
24078
21346
15767
1300
11835
15905
3537
31815
17731
26217
8984
3927
7074
7129
9055
19964
15748
18429
26581
11067
5675
7199
17254
14810
2706
20832
4741
3351
10064
12040
30761
4506
26046
19227
27669
29351
19548
14637
32349
24472
28273
7030
29734
17803
3826
18985
8621
20824
27301
1282
9611
19910
28038
25374
26935
12798
22378
29968
2764
29759
5090
19761
5132
29908
18786
25143
8869
5443
25507
10
26036
20424
7493
15059
5256
25345
19641
6229
17064
26091
30814
25472
13591
22541
30186
24131
7382
499
6412
17827
23211
14814
13648
23562
12321
24762
30530
28129
464
11088
22742
1120
3806
3005
13575
15013
16838
20259
16063
26884
32344
17310
24311
6815
4354
31354
15903
310
9037
31395
31936
23360
22954
30556
24416
58
32367
24372
29094
1855
24093
22326
25790
15321
14564
30305
11519
21783
28009
21848
8907
8927
16582
18010
10935
9606
26578
18803
10476
17310
13732
4340
17358
4623
4946
10786
14811
25194
9470
7723
20181
2937
16404
8030
5155
8219
5837
5786
4213
2126
15608
9479
2727
12430
27129
28165
31720
17246
7186
15714
27931
8484
225
24016
17277
2617
18218
13206
16520
12097
15831
28549
14616
7096
25661
28206
18381
11982
20385
5970
32432
5749
2555
20890
23577
184
19961
24200
1744
30542
17479
12974
5490
6511
9742
7710
25878
10214
26811
22817
17201
5992
22273
18732
28343
7460
15137
4623
13443
27035
32361
18288
11001
1458
25082
21112
20714
1541
13519
24524
5047
2175
11003
27071
186
12328
14898
12998
9697
4925
8075
17452
26012
20358
29316
17670
16890
14564
26951
15722
25359
22058
12844
6620
23704
8237
1662
777
30434
14111
23170
23992
32487
536
20149
1789
25018
27894
18006
8367
5926
14439
18212
541
8082
4164
1641
8445
6440
23585
18231
1701
12343
32290
28146
9598
28373
29712
27918
8885
12232
3755
28442
26675
14503
13122
25086
4816
16188
23426
18305
4291
24109
18316
28430
1117
15579
5706
31927
16120
28299
14338
24954
26666
19652
28459
10435
9534
20727
21376
16179
21732
12646
2900
5792
13095
17726
12069
19293
31136
29702
2931
11963
20457
13373
13522
23247
8277
23871
8767
13174
9438
20585
16816
30871
16479
15741
15087
19880
30724
1608
21671
23156
8446
1410
12223
26907
5755
15605
19688
9562
3029
12002
4210
24844
20233
26272
14436
497
3948
29830
30923
31919
31897
24843
12882
278
20910
23340
30483
15272
8376
9742
20909
20569
29291
2533
663
29331
3607
19476
10164
15997
32215
29334
551
14205
8972
22172
20072
4092
28425
19063
25239
7785
5136
22201
1809
9088
17022
21143
15682
17868
17986
23442
26810
26218
6291
28759
3714
13073
14819
13027
7856
6479
26638
5610
31801
32533
1240
31098
14087
25718
16534
31452
11339
21164
23851
31675
277
15452
7478
9351
11042
13083
13194
26140
31732
5680
18143
16031
25128
7835
24007
17833
21765
27735
18147
17320
7761
30941
20822
22658
30312
4841
27002
30075
9871
18304
28114
11864
9605
23602
20544
9668
25179
16029
22392
6388
12678
3378
5301
20103
4147
7484
25003
27824
12762
8733
31420
31382
3094
23003
2414
4347
21684
25308
13085
32284
9737
7918
32749
24793
15753
18315
11779
32534
2198
5978
17653
23393
29590
11512
32126
19925
12104
2809
20855
9278
24664
22826
18434
3454
27953
19225
21001
21551
24082
20440
19175
11401
868
28413
29028
6534
22091
30445
27879
11589
18299
24667
13031
10412
28749
2827
24739
15954
23057
14300
23827
31900
20390
25605
22302
8998
27977
27039
29709
26468
25259
2404
16960
27785
6982
16822
17439
29351
16624
5859
10068
280
19633
12455
31800
4126
6610
28914
394
30150
12086
26604
22631
6674
13038
18742
13430
13910
15367
18035
23652
9187
30374
29448
3728
32227
20056
5407
7687
6788
4771
2034
23474
8025
18913
4934
8142
13565
9806
23605
1949
7673
20831
21297
15195
13543
341
17222
20596
5592
3347
26271
7156
30452
29228
9292
2367
29792
321
23363
18690
21349
9354
24228
27753
206
29874
1857
16531
20113
4072
32349
32323
13490
26419
9652
8664
6501
30213
16572
32639
25715
6164
17195
26535
25054
29029
26809
28597
14280
7337
31271
13049
29585
5069
25472
8161
29248
1741
32671
9581
10276
5321
15601
21731
3003
7002
32636
19396
10194
4134
25632
31230
6382
6322
18717
6243
31211
21624
16342
25434
995
3386
19413
28117
25937
16789
4878
8323
5238
15833
25448
14662
8444
14104
12665
24295
18650
7293
29841
7433
21623
4831
1019
23643
32274
20118
22911
11026
26721
16270
23851
27031
26744
17306
7764
12156
9965
21258
7639
31925
23610
23423
3492
2821
11362
15614
10622
21430
26072
7492
3324
7565
10140
1369
10964
9981
12967
32104
18776
16539
27273
6862
10305
27602
18769
13425
13228
20952
19117
12627
26722
9952
4690
9575
19804
19858
20894
12451
9863
20152
12412
21590
17604
31034
15753
12988
5939
15948
10613
27855
25009
7654
20907
4705
15519
14196
24116
22632
16870
21200
30424
2457
2871
30061
21383
25912
26008
22485
11256
24622
24092
20309
19088
31836
3057
32758
18053
10799
15264
27312
10563
26740
24465
11227
783
5742
27086
32230
13034
11302
29448
21579
26040
19715
21215
8898
4257
26778
3422
9398
27320
24007
14789
14581
10714
21501
18060
9643
1753
16090
16036
22673
19674
16383
29696
30562
30716
23326
13140
21647
10043
12372
25885
7219
26003
12474
16353
19785
3688
311
28600
21277
20773
32664
22283
21248
6180
7650
19612
576
22222
2022
31430
6231
771
18199
17415
12643
15804
22681
20667
13526
28398
27034
10794
5231
22706
11749
1733
30569
26020
1204
11181
9714
13960
24518
1909
18654
13108
8370
27177
20893
8874
24699
32399
7786
3716
21860
26796
11974
30101
19206
11658
31781
4557
24735
18489
19175
13661
429
4116
1929
796
19644
21573
1053
1577
23676
20620
10743
27858
10006
24380
29610
27317
26560
3206
17203
1573
18064
28409
26739
21712
12941
26954
27619
27550
8716
14673
29059
1500
11578
30805
18451
10137
14069
28809
30854
16208
6112
27606
27060
2760
32694
24539
27727
17209
222
6963
17176
21680
31296
22518
31570
9396
21336
22402
10615
11306
16008
27515
24107
26742
30131
4112
26478
26595
9479
31616
12821
30021
30746
18141
24443
9949
32057
5137
25460
21628
21245
21790
16002
14571
21534
6314
10316
17035
13708
32698
15947
22329
19132
16574
2759
3956
25664
23502
30722
11458
31899
25651
947
20303
10067
809
18101
11992
30280
6115
9473
23239
18755
6352
14810
17824
15314
6685
21575
8091
9556
7547
6086
17555
24400
3874
5439
16670
17931
5141
28727
13054
10073
3496
25670
2232
5043
30272
16075
25730
17802
31579
8414
9826
4827
30928
7558
24981
7428
14679
2092
16686
13014
8267
1872
8191
6379
8367
16251
22460
11321
9584
10869
2910
4840
20201
28343
28870
28513
10668
19235
23971
18856
17024
27379
7061
8939
15270
13808
18323
26459
18273
28900
16522
12858
11189
16977
26950
6197
13166
28515
16790
27637
12388
25892
6827
12529
29438
25071
27330
12422
23285
21287
1027
25929
25946
15144
12968
12444
23515
13182
1633
3711
2370
24406
19191
15273
5950
25137
29744
472
31078
12000
244
7781
2427
17068
6573
30491
14573
8405
28148
4425
31649
8766
5481
32534
20466
28006
30690
14101
2038
10906
201
2585
14338
18537
8639
11083
28272
25689
26757
32377
6303
11224
11293
8369
14652
18805
5420
24335
21440
12880
1443
4051
12602
26575
9118
438
25167
403
2957
30079
8831
5035
28049
21969
170
17671
6697
8519
28882
10799
16909
15043
11042
14389
27994
5122
31791
25575
28144
26228
27263
16714
20760
28235
21832
14148
5227
23506
28793
7065
8687
28417
16894
19225
22402
29006
1088
4631
7548
453
4588
31004
20624
26459
16118
18909
755
23936
17117
24683
22720
3827
6192
7338
924
13018
30033
2052
8598
18
17017
862
848
27332
12540
4427
7524
24633
22479
4224
10497
29935
31047
31369
14293
14572
22051
31418
16176
9810
12749
29031
24166
24116
27613
14168
25717
10152
21215
13687
22759
25885
5206
9420
3066
29679
28161
2731
29183
10809
1116
17708
19968
26347
618
15324
28581
26652
26290
2226
2136
23457
8583
11589
23464
24030
26765
10299
20203
23260
25465
32517
7208
1436
5656
4042
11316
22955
11155
16288
23578
23287
1777
22786
12736
2017
15581
11903
17352
12691
23210
21935
22709
11924
7828
3691
335
7065
1353
10813
12872
7839
20648
2070
8479
24630
27592
30783
26693
12064
20540
7314
13951
538
20629
6378
3467
19450
27689
10200
21510
22010
4115
26520
16013
5204
27003
29507
21539
10511
11544
7237
4562
2328
30706
22546
29077
30612
11629
13845
22646
19317
30339
29161
12276
13131
18001
30156
11943
27485
2005
24913
5159
6649
22774
26709
23593
17928
30404
7731
11499
7141
16130
316
1235
29808
27362
23137
27475
21086
26383
17715
10511
18899
27888
29710
19266
1586
16684
1168
30301
25140
15209
30800
19442
17975
31578
9677
26577
16601
28408
13733
14449
3526
3599
8
13969
32462
28413
24171
16414
31547
6326
17793
6744
2401
13836
15207
24369
5750
3630
32287
23029
28836
26222
28223
5936
10077
12615
4586
11213
17903
11934
17408
30587
7256
24904
25490
26197
2651
32205
6041
30145
211
13931
31463
152
11592
2142
17501
5768
960
28255
16223
25271
6871
7275
10373
26025
3602
10437
17043
1636
23153
17982
14252
16082
26947
29620
6850
26470
15678
17625
7505
26114
30159
10293
19789
17433
7343
20079
28505
28689
29111
5832
18745
11755
10485
9448
28810
31525
20223
989
29104
27103
18311
31329
25361
14142
6704
29787
14465
8462
416
9641
27388
16043
28887
18973
18587
24865
703
9925
193
16018
2052
12400
16533
27864
10021
31597
29622
28524
17100
22678
32042
23686
6747
17294
31895
23942
22727
1606
29621
3731
1449
13766
24579
386
3218
27690
7353
26617
20127
25578
8446
10452
29262
22623
28252
25799
26000
20355
17265
11845
17952
12537
26343
30881
9234
20045
7846
628
21167
16508
10055
16190
15232
16055
16332
1104
26537
21092
7567
31977
13177
3174
23673
10655
24638
8094
16244
28416
30814
1201
21795
30586
14755
2828
21712
27768
31191
31526
18342
19150
14737
11781
21024
22103
22862
15876
12737
28892
9411
13523
17158
22584
10354
23231
9113
4026
1404
2868
17607
30923
14262
12928
564
24273
510
22745
4301
31315
29904
24226
23039
12125
17172
19946
5926
2854
22842
25910
16713
17648
27273
16256
10500
17968
26804
15743
19141
32239
6575
5161
13116
880
16320
9335
2060
19475
2009
104
2247
30841
12837
16712
7193
31977
10465
4914
15683
10482
31085
6612
24011
21074
25507
4722
3954
10007
29543
22317
2663
27396
22655
10118
25530
9270
28838
23070
2067
31496
14299
23487
20132
20787
4863
8096
14428
21562
10399
25829
12126
3845
15375
30054
23217
16075
16056
16817
23097
28470
2994
32338
32486
8642
406
9810
21291
1127
28301
1789
1970
31607
685
14568
6222
713
15494
10803
15665
10775
1015
7692
31839
12453
26439
17780
28514
1059
11888
21830
4415
9941
14526
15733
10410
16625
22681
26005
8822
24905
8607
4765
28751
12585
23799
23019
16299
8067
6113
17800
7422
18249
145
3502
22317
5403
1341
2951
14150
28706
26997
18744
24686
27196
17843
21278
27675
15193
9523
11863
5763
3109
13828
6277
3924
21479
16224
29902
17061
19880
21049
2600
11820
18585
26644
30419
5810
22447
25626
32038
12741
9360
10860
3471
6061
27058
16824
12758
4513
22465
13066
15777
6202
27202
7140
26685
5671
28535
9872
13211
17187
18306
23733
17561
11044
7884
2089
4227
13781
10152
5638
986
16967
5940
12288
1620
10979
27008
32757
35
17828
12531
20934
17530
13443
29930
1894
1358
6706
25505
4912
13402
1804
23383
27774
30053
12877
3757
12919
1479
21374
18512
28968
15658
12340
4567
15575
2958
12794
16879
6035
6288
6284
13749
21776
26603
7238
14691
28850
10047
5339
25647
2536
2321
30794
27504
31419
20755
17934
12547
15527
30118
12949
4333
4009
31390
9972
12865
6041
26949
26841
24389
25530
2466
32449
10448
5264
16635
9323
22774
5105
14744
25484
30951
4959
14282
9412
28181
17557
16428
19665
29333
96
29481
14851
27848
20400
16830
13807
27194
2799
24449
12136
16842
913
5603
20651
8460
27629
23730
17882
2283
29003
23522
18348
32147
15422
14988
15970
28046
19252
24375
4349
5164
23371
1367
29870
23337
21350
19475
20622
32650
25985
8779
2447
32200
23105
13274
19122
2352
15055
15384
7547
4746
19687
24995
26275
8697
5420
32608
6924
2082
21439
32444
16634
10896
12047
10040
4479
28503
243
1828
20023
3064
31222
22954
7990
15237
3825
3599
3391
8198
25824
21558
27702
21274
12014
21094
18904
27106
13010
26700
13482
28698
26462
9028
28463
7817
24917
18388
25438
20636
638
5241
27219
32078
7926
8615
15429
14154
3274
779
7352
30804
20933
3603
5876
15333
25479
27056
24245
11541
11735
19291
10532
27582
21307
1366
4614
11487
23493
18996
24884
14910
17967
18843
17483
5458
12075
2633
20644
16735
756
9557
24967
30947
27945
18103
9883
21041
31451
5899
30369
5980
8933
29330
14946
21846
10363
4474
998
26201
3078
1375
9703
31622
32303
12305
24453
27085
2362
6040
28732
15884
25750
15221
10258
23675
9906
20267
18453
12103
18706
32254
18180
10365
12961
7163
20045
6954
15433
26680
823
12225
25537
17501
28769
30652
8358
1379
9067
25734
4046
16796
21235
9625
26841
16372
8387
12771
29192
27766
19528
111
26195
30226
26951
13377
437
31133
28363
16258
10187
24089
12898
16861
22685
17975
9096
9768
26556
15130
23396
17223
10637
29790
21682
1101
2788
24921
24577
23525
18132
22432
10270
1777
11974
2765
23248
25200
14537
12672
18885
22693
18473
31652
6093
10614
25667
15860
17990
4626
20887
30397
14039
6102
16671
4069
30050
31346
2528
556
24115
4423
8382
15794
29822
6164
17044
31674
32008
11986
1156
23981
12580
4316
16012
32098
7649
18259
1114
21148
898
23233
8290
4564
18734
18428
17709
26681
22761
15438
26868
14582
30659
23762
32621
16307
28239
7457
1509
15454
5463
26926
5519
3115
6862
9839
28700
21465
4870
20542
14987
7992
10788
13182
23107
6632
2512
3457
10335
17763
18225
4649
28489
20541
27928
7502
26250
29355
30331
4960
8416
29763
19750
13646
8337
16130
8365
27558
1536
9107
10661
19709
3198
13006
11539
25489
18786
20608
21541
30253
24924
25450
11296
22605
10246
18060
25242
1411
23996
24483
4585
3097
32686
32496
12763
2808
24115
27707
168
18120
28001
17688
30756
6745
986
4201
9017
17986
31720
11044
26517
25544
27341
29270
6048
32513
25172
20072
24753
7225
28844
929
27009
11412
21110
27629
13536
13813
2845
32221
7334
12831
22374
17646
30957
26906
11848
12046
18301
19161
17405
21340
26504
3097
17241
5680
15768
2700
12635
20059
21445
15415
12034
20400
18987
11800
3425
32451
11163
22029
26614
20976
31377
15345
14648
25503
2662
15880
7535
31175
30919
29853
14280
9905
23398
30953
28073
26367
30191
4919
27714
24812
3134
5190
11365
10453
9423
24047
26775
12025
20342
24327
14695
14973
17488
1671
19454
5555
28409
29162
26360
20379
14847
23255
12658
13994
11927
2048
28772
28875
15503
17738
11826
21668
16004
10030
125
26650
3669
7519
24639
10263
15831
6317
18455
32138
18379
18473
3297
944
19725
12682
9354
915
12814
10447
20258
18640
12419
27430
22067
13212
12639
24845
22098
11273
767
19383
18163
23174
16293
25009
13442
18853
30760
7877
24751
21794
30442
19231
15625
2592
12041
32174
29646
23733
11226
7629
29441
22185
5267
10275
11710
9083
6215
15047
1995
7589
22040
11432
8047
16673
5544
13357
27015
10028
25552
24856
21462
28490
26517
28080
24989
14730
855
11039
30315
5643
5708
3353
17207
3519
29229
6334
2476
10351
22831
15042
10692
5120
6197
18635
11672
20724
4420
12826
18295
2100
18999
9070
30261
28172
21428
8741
17349
22135
7262
25253
21002
24221
1100
24058
10731
20378
17595
27328
166
7809
32767
23876
26470
11680
3520
29414
6423
13062
22370
3266
23161
26691
22725
32143
8307
26479
6447
28358
28843
22894
12422
8455
12371
22897
11459
3002
21830
12736
27555
8178
11603
21944
15519
12950
12248
15631
24351
20930
3475
1120
12523
2411
29366
30435
8418
23362
12089
25979
14830
28123
14708
28407
23095
14095
16109
7569
27287
9631
14191
32187
10831
3609
11868
4636
25336
24320
13891
18645
6332
24615
15029
22024
2757
350
9301
6043
6134
31824
815
26169
23513
19884
13131
30618
6105
18819
12161
13829
15538
20210
1678
12563
10277
24320
9832
2997
27376
6857
29135
2936
11005
27869
21541
11528
30170
25059
18303
25075
5993
29826
252
23472
18649
20609
14166
2016
19412
20780
14262
8659
17914
16122
15565
32078
28815
4206
15392
28300
28784
12859
7587
29570
27212
6827
4490
616
10000
11329
30812
8564
23715
11166
4425
11241
28372
19617
25277
26704
15505
6866
4405
21509
19801
16641
6226
18422
29427
29738
6699
23208
13153
1436
14568
9083
3856
24666
11917
17198
30545
30146
5907
21925
2317
23916
8381
12522
24499
11349
5801
5491
5238
18237
31142
13219
15798
13389
6981
10898
699
12285
28467
25617
6057
2357
1733
29161
13744
2226
27349
20580
25476
26540
18381
12815
8717
6582
8193
14525
20831
28133
30786
16335
25068
19252
12975
7091
9720
3111
3023
29355
22350
15791
28125
4816
9522
17742
3683
26966
24214
12923
2571
32529
3217
16200
29361
7736
4364
17474
956
1386
7615
9113
28847
19438
5980
28545
507
23359
14601
20439
29720
8648
3092
27400
19667
25324
2018
22063
6890
18505
28201
20605
21462
6206
14175
19934
17384
13738
9075
5337
17559
19703
17082
29624
11545
21080
2860
20714
12592
13646
19920
6821
8775
28017
8309
22992
18109
17517
4003
27679
15233
331
11473
10624
5087
22770
19672
30902
11161
18413
2728
5955
24378
14702
25146
6284
7847
8083
30662
24632
3575
24809
24373
7129
10372
16175
30681
32718
6722
7004
12380
19304
17232
15075
18166
22603
6605
29237
23011
14615
24045
22663
23573
11080
21580
26838
16934
24667
31362
13353
31632
25139
27127
2327
3104
5818
23801
13448
22952
9931
2571
16320
501
19536
18816
20377
19712
19367
14665
2319
3944
7243
21260
7938
4384
1200
10358
27960
19557
11630
14801
17570
6388
28578
6873
19680
6009
25233
22987
7942
29002
27791
23744
32161
16469
23328
10553
19957
13144
18012
18939
13961
16976
17304
18205
1766
1843
11074
25695
19611
3809
30221
6589
14724
13912
30030
31300
16204
26664
27302
32037
1073
20008
17122
23816
5383
19302
30751
418
30848
21092
24370
10122
1962
27521
25671
14920
12217
32693
31431
5295
263
15233
17536
7022
12121
7718
13312
26081
26468
2326
11841
26925
7568
25512
28556
22923
14843
9999
14231
13796
17857
26253
241
12703
32123
10212
18335
28855
27909
8206
8968
18960
30853
10285
14094
1035
30376
32453
16510
16216
16431
10537
16554
1035
22699
2355
3156
9458
5252
31544
16846
27942
24640
4155
27232
19425
3330
14433
19178
29327
18001
29093
10186
6440
5403
20173
0
23740
5114
27293
912
27728
14517
6986
18728
30696
22282
31282
1795
5605
16555
5065
21261
4753
9862
21463
11848
24057
8009
481
24430
3067
30502
25060
24792
6815
11476
19786
26014
29355
16342
22550
14848
22129
13311
22114
773
13036
28214
22027
8545
1803
20087
24747
15260
21837
11034
6599
13169
21390
4440
3402
2677
19745
28427
16946
31225
27422
2485
25994
16944
22269
26308
8600
29845
27492
2324
30039
15751
26430
10166
8232
28982
22285
16880
30148
24515
10369
13444
11893
13475
7241
13365
1926
25925
2601
20872
18423
29428
11085
27080
32118
1022
24285
10572
1419
6166
7377
765
14099
23543
2823
16658
16367
24650
26770
4894
2813
14282
17238
15693
16967
16550
11218
19690
16763
7462
23356
30245
3228
8082
32723
32532
7926
11600
9073
23543
9815
23884
24671
24768
32380
21917
22638
11219
202
11365
8771
11786
31807
20472
8435
29692
27047
14913
31184
5247
12307
29538
7298
26731
3463
10139
4441
28577
30707
21613
481
1868
2660
20735
12215
21863
21116
13760
19868
3456
4640
26446
28360
29371
18800
18583
128
15129
7420
22590
491
14330
27700
15680
28194
26593
11297
1751
3206
21880
23123
9118
6998
26580
7195
21494
2177
2041
24058
7081
11448
16289
1880
30414
15560
13625
5753
21997
25895
10541
14510
9571
17356
22629
13000
25607
13380
26640
11730
3341
8707
16032
15360
22827
21752
28181
10722
6907
27748
4991
28637
15009
31723
20414
22492
5293
32492
15757
11075
16451
5646
2239
32037
121
17179
2759
25782
25856
5906
4222
15363
24071
1655
11553
14048
18268
22510
16025
26146
11988
24840
1792
31503
23022
1373
32608
24339
20147
11227
18366
29621
25568
7773
22615
3784
7239
1919
22569
1766
20851
689
15541
25626
29067
29323
5892
2269
21624
4449
12776
26436
27722
28694
25988
5751
21720
22325
17422
23653
1703
15933
980
32694
12558
19773
19069
30209
32663
7329
15762
16960
20135
10060
31805
6017
4962
8935
26192
5086
31433
12920
21640
10158
1061
10038
9748
31997
6825
17308
18257
29498
29267
13500
5592
816
11283
13782
17850
7992
1327
4649
11274
25516
5606
30985
4764
11166
25428
22578
30989
24010
18581
12380
26371
1482
31533
6159
13238
3465
11943
24761
26288
11002
7037
4606
5585
22026
27960
12111
25749
23251
23512
31678
2202
23570
29814
12304
30556
23003
21800
22292
8515
4235
24613
17460
24033
17407
10794
22602
28020
19203
10268
2229
13235
28429
24558
23723
4039
29740
8389
21712
30103
23867
1626
28936
11336
16474
19360
18570
22020
16287
12456
26679
9467
31240
30657
27433
25000
2228
15843
398
9814
23635
12878
22967
29666
3804
29038
8044
962
32126
1794
1411
31558
16088
23421
3505
25630
18796
4268
671
3613
24145
4506
22592
15933
3113
22961
26211
20194
24147
14113
12676
9571
3170
3206
13800
8390
15821
21957
26857
26059
13799
29750
25742
11309
31762
1545
29022
28964
21552
19682
25206
13102
7003
26567
30682
6927
23766
25660
15113
13846
13123
27308
2516
9635
18966
2571
17263
26598
4937
26298
19401
7657
1362
20651
22809
29393
30034
1221
16313
2145
24975
7562
12344
3263
16420
30455
7083
23931
9719
2475
12867
23501
23020
332
12325
22046
10328
4647
27765
10954
2745
21014
24244
2085
30628
6311
3661
28092
28414
10874
8298
21213
5743
13291
30732
5721
31252
22257
7259
7048
17780
20550
22843
14478
2230
30665
19999
23005
24081
8224
24354
32507
899
6561
15444
29830
15558
23667
29521
28533
4480
7664
16153
28064
15290
21838
2587
32643
23187
29567
22163
24382
15669
21077
278
30945
23049
7914
4459
18407
17959
17215
3485
11776
16657
4899
846
10004
10400
16471
15182
32388
26942
23023
19309
27059
15958
23291
31373
11205
22281
3175
11003
9894
13091
15904
16127
32078
19533
7032
11185
11076
24452
7884
11791
13665
27337
26724
22093
22487
13082
31898
23916
21874
26274
11583
30990
19485
12077
12858
8585
12967
18654
13682
32314
25543
28964
21999
27676
23134
16874
26172
21144
765
19726
27151
15007
18087
3093
5931
23543
13016
30749
23942
5330
25285
24082
15015
32677
3558
17189
23635
6967
24498
28026
22120
14585
31914
25889
28681
9621
22680
328
19451
16329
16921
21935
28751
29046
18265
5212
28994
16116
22558
14223
17249
24745
18696
2040
30961
6874
7191
21288
28301
18368
12909
26182
11025
18399
19285
8451
30391
19603
29829
13519
28032
12524
20384
25678
4310
21691
20735
22277
7279
11757
23473
21850
8820
1048
24256
187
13027
2644
22454
23581
4658
19276
24160
14504
17205
7061
7634
23216
26689
1598
24235
27368
16274
26536
1691
2002
16106
10903
12578
2938
4731
23434
17818
22884
775
1608
11895
18627
1862
4540
5582
32491
1160
3586
19220
19977
667
10434
13865
27666
22255
15293
31636
5625
2808
10661
13841
29477
468
32050
26953
19746
8494
32370
4576
28567
354
12897
30388
17528
26849
30905
8036
124
5848
15371
5136
29650
8460
26639
19040
21264
26888
6713
25544
3180
27771
16524
8458
32046
29916
6835
12028
7013
27215
20814
12427
26585
19916
6026
10752
15426
7806
2804
12674
18871
11881
17807
2268
23401
10832
22051
1153
12689
22742
4825
25549
2215
21731
31237
32398
8405
18249
5443
27587
22955
25512
4805
1444
13844
11407
2283
28386
23689
17123
6164
32047
26500
17541
24245
11521
6712
32303
29608
659
19839
29855
23238
31789
10516
2296
10167
31142
32002
15461
17161
15655
20316
22271
1408
26929
29231
30193
7597
8162
13749
17625
29634
10100
2763
26226
32677
14342
10661
20593
17731
22175
4289
7852
27431
24944
28697
8577
8011
12633
21661
11126
15918
29871
10208
25117
28710
10045
22546
5691
12536
19336
15406
26408
30118
18776
2164
13689
25736
5491
26394
10461
21406
1708
2367
19781
293
31772
17440
2888
14952
14512
3726
32709
25817
6116
29344
30410
7520
32717
18341
3508
25075
13405
18524
16536
31079
28643
22888
26338
3462
25809
5118
25404
11105
3266
26849
2738
7656
26811
28560
1811
22199
5809
13757
14490
22835
24652
8962
23245
23510
9963
17616
28838
5063
20712
5800
15345
24238
7197
6797
17397
16070
31143
21945
12118
23860
22249
1423
30010
1687
30676
8401
10667
21984
18022
30995
26941
356
15217
4207
10224
32303
17566
30587
26455
28059
19377
18296
6138
2338
17167
3276
10746
113
23421
13747
4339
32189
18218
22833
16166
17498
11760
27211
23512
7562
14039
11126
14581
1939
19163
30288
19449
23316
29935
11150
11792
23192
833
24373
26492
24684
19904
5390
2616
7854
17884
8531
24539
9639
13196
431
11966
9307
17302
16998
23137
5981
19211
17359
25355
23016
25616
29707
2225
19756
18404
20721
5401
2534
2591
17992
4416
20531
6456
15417
27128
10662
10314
27139
18389
29080
26136
16625
7754
14271
9550
906
13840
12547
23050
23815
14023
10892
4250
3338
29664
13088
16776
31628
186
28332
9939
18711
20491
18464
30336
12086
25218
30080
9809
17707
18603
568
7381
31967
31762
21425
29601
27679
21419
23585
11996
13828
6001
28583
3585
10419
30542
28567
23008
25415
26939
16403
21478
6156
12968
15323
10911
16110
8478
6757
6009
19505
13859
31793
2507
16226
19038
4439
789
7821
27643
3682
2186
12720
31825
25440
19915
4720
20674
26938
31990
25611
23267
31042
16351
18318
7133
8971
28317
24648
26388
29821
1865
31870
14342
2088
21250
13920
8053
19929
23604
8508
3016
16747
6682
22258
28847
992
30082
31144
4614
2737
2769
32190
30204
22881
19782
20484
17012
31064
28547
11307
2475
9199
13641
14202
18971
21192
4739
13250
9632
10848
15238
24212
5082
29415
2711
20657
5074
4943
24237
29122
8416
17059
22393
21578
28364
25498
4772
3544
12595
15980
20056
24449
29228
3300
5377
17037
15404
3254
22101
11633
6951
3092
4498
9470
14584
9340
29958
28119
6403
6100
5845
29224
14105
952
10999
12181
3484
24339
23168
16753
18147
30188
8228
23345
7647
22403
19962
18208
12799
27293
8320
15700
21074
7196
736
9952
1004
23506
26737
8523
18314
23447
24449
22081
25209
17561
16722
31625
11955
22260
9058
3895
13900
10115
28143
9251
7692
28661
15291
21145
9054
9507
26381
8530
12648
18336
26616
31395
20860
8850
26591
501
31407
27841
11833
23925
1223
32750
19090
18445
16987
6758
8146
32658
1589
24279
13506
25407
6139
1633
28108
22114
23567
30960
5123
15189
12979
16330
19811
6832
21105
1636
27225
19133
8634
7546
11398
11052
21453
13406
27328
18696
19674
15505
13913
32490
4455
11152
26020
25965
17652
3824
10166
10209
31706
9901
1386
4420
25721
31168
29608
25966
2962
6383
23270
23179
16370
1001
14318
18126
22865
25746
14818
22116
26233
5276
382
23975
1707
8535
26014
7061
29246
16842
24832
128
30345
29442
3402
19718
26883
11946
20303
7492
21929
28636
6286
13383
27808
31287
25083
7107
29468
5938
17411
27656
15232
15791
20426
20529
26823
22484
3511
6815
290
6934
17714
32166
5090
9878
29100
15493
30361
23473
2272
26780
23932
9426
30297
32473
21260
7819
28725
31092
21238
22245
2344
10716
3127
5876
9156
28401
3715
27310
10999
7027
26344
23293
13269
8378
28591
3602
27799
20904
22403
16893
31972
20957
9173
21882
15184
1321
12926
21262
23587
4935
32422
12883
32091
21448
11493
17296
13300
13901
8873
31117
32358
31481
11480
1446
16496
20262
31158
31261
11284
8791
27144
26293
15331
18286
32122
9084
8826
13856
24126
15848
21325
165
20470
15397
2211
20916
1492
10926
27362
1710
9215
10267
15629
14874
28729
25401
12939
21073
30144
16224
21034
26746
8305
4865
2659
7097
4915
13439
23264
9380
15763
18752
14139
15607
29868
2819
1801
12168
4938
30580
26391
9341
25935
7677
4083
32188
25173
32736
1454
22435
31636
13955
29921
506
262
21514
24814
1317
25034
12843
1928
1950
19399
9022
7542
10147
28305
14740
18579
7468
26000
6410
31514
14368
3423
1758
5152
3784
18546
11201
26978
28804
30460
15405
7745
28861
9743
31480
27659
7706
14853
18986
16252
14839
6176
15884
20357
1043
4973
26241
4427
28296
8430
17049
11635
19969
5879
4708
23197
23079
31705
31492
16686
4700
10174
12550
19539
23212
15828
7411
3139
25856
16558
11809
3524
14997
17895
20431
19184
31149
3336
13425
6457
7045
32171
27465
14507
22150
20705
29751
26737
28863
27090
17874
9371
5779
8611
31159
28958
2479
2717
4898
22044
15424
28299
5051
29030
11362
3171
21170
16704
5083
22825
18957
3172
16393
18449
20033
2889
9753
24036
25600
13988
1914
5028
10323
24368
14993
19571
32488
29354
27567
25265
31405
4640
27200
4197
13470
23916
22085
14046
1242
6140
16900
18842
20989
2772
7165
24678
27306
18389
29985
13511
7527
12863
30527
3737
686
28789
8127
25590
11584
11008
4754
12377
13501
15575
6505
18179
20082
14557
8997
9374
26738
26796
22415
1057
31464
10385
4938
15091
939
17623
24582
8275
24595
15433
15605
1015
30988
3058
19331
30707
30056
26663
13378
29149
26234
1736
22563
1839
8928
24258
8684
18668
17312
216
3046
647
30583
28068
11734
24576
8301
3288
26415
16208
28589
10698
31110
12551
29588
6448
10054
27700
19464
27687
10917
14725
30987
21627
6359
6575
30607
7714
1409
11024
8332
25097
31344
4755
32337
22036
6027
27605
3096
24160
28422
1158
5084
17355
29145
26385
7791
13238
113
30847
10695
27913
29605
11672
6552
15992
12779
6988
5673
14853
9420
26194
19808
16838
8853
22031
18974
20969
8272
3769
21971
11253
16370
14012
6217
18258
3798
2909
27076
11020
2154
10397
2893
5332
12585
2144
14667
4424
24009
31950
19539
26996
31413
10746
23617
2456
26557
17089
6536
17707
15372
3318
20678
7201
1627
28860
19612
25962
23909
5938
2492
699
21659
23638
28995
400
10520
6179
3402
19826
15063
765
27575
22389
9764
14671
9049
22278
4432
8819
12085
2019
681
16082
5146
2411
21161
8524
1148
17176
3694
6106
30335
29258
24170
18289
24657
17734
17756
16170
3773
10110
19327
18081
18941
8979
27137
27546
15568
31640
19126
4843
20941
26137
12302
4246
31479
603
6469
2869
6033
31078
30425
11931
27700
25921
833
29112
24862
26109
5084
29629
31437
2036
30248
13441
16589
24403
11572
11299
1742
31958
9048
1522
19449
8147
9251
649
9348
18810
12949
17726
24964
5467
3982
4286
27395
31529
1159
14065
83
23997
18048
16420
21153
2909
1337
3430
11725
4927
31397
31282
9082
5193
3740
16719
27745
26907
25296
10485
29674
21839
23298
14897
16893
6143
30070
1930
14101
1928
1956
18149
20119
6798
13104
17062
23395
577
10012
26136
29352
14814
317
26895
30972
12152
25579
24268
1452
27128
5117
11296
4176
20579
13045
10453
7331
30299
26999
28745
22674
4585
5632
9564
24723
32377
21460
11660
7736
28966
28216
10079
29956
16952
5090
8194
12669
28651
24238
19503
28290
15987
914
18515
25823
6460
16084
9201
22815
6518
20602
15425
7074
21969
7427
10782
20207
24453
18004
18207
26698
4246
20725
3587
7818
3926
10621
23122
15141
11051
7755
19265
397
30354
8567
19926
8383
16996
26376
4686
25368
24153
13160
28860
4203
17098
28181
242
13906
1979
19608
27044
19137
19736
10683
10955
23777
30783
23799
26440
18459
27327
9772
29130
7538
5727
405
8433
14103
4707
30714
11956
10807
5642
16167
9984
2840
31835
16030
10657
14180
13601
19593
870
6853
18229
14066
25216
8625
18427
27958
10796
20104
27695
23991
10642
9436
5602
23506
14828
24335
959
8721
2026
8740
1427
17569
3157
9167
23053
10246
30708
30414
6594
20493
5804
29052
21363
6914
28138
25252
15763
15652
6726
2195
8452
4182
12384
32369
24866
3095
9486
5073
17666
31156
186
17030
26107
14524
25093
14008
26470
10165
5040
7480
23459
1293
14781
11281
31325
23636
22993
6496
3086
21416
17117
29797
11973
28016
6141
5337
22567
4685
673
5250
14515
30541
20458
1798
25675
13410
32087
25597
25584
7955
30880
22345
5326
15730
5858
27562
30840
25934
1789
17293
23156
23465
17210
21541
28410
2156
17970
22205
20217
4698
1771
25677
30043
30531
67
28491
8586
29818
18322
4035
17203
21385
30347
21930
21322
28450
27747
5488
15950
1113
10806
25300
17358
9233
20134
11772
28460
22708
29893
14021
3489
21544
31285
19032
17793
14846
28813
32510
12992
23020
15871
25141
11446
28285
12600
19715
6431
13319
3208
21130
28774
27614
19523
31965
22307
8135
11367
19474
28898
14767
12670
11160
20518
17309
14534
20939
10157
25574
21392
15814
8438
27040
29158
18296
31745
32088
8304
30203
23638
18952
23961
4128
26440
12867
18925
6991
6011
26035
14277
15502
27044
27333
24103
12255
18064
28835
13032
18895
20072
32099
12307
14156
26931
19581
2191
28599
16540
29059
4091
3386
1781
4876
23005
32604
12157
20978
21500
19410
31710
12477
24586
20888
762
3934
12422
16961
5351
3873
27873
17804
8248
29405
24800
31543
31871
20333
15169
20248
15888
8292
8097
21353
30471
5373
3997
5476
2444
10577
28472
8208
28501
24525
10364
8538
6765
12002
12901
25959
21300
30462
32506
7209
14248
5308
5309
7472
16354
25432
22341
7619
27619
17253
17194
3376
32401
31170
8481
2912
27133
31434
29800
11694
20711
30155
10341
1529
16772
13497
16778
8184
3455
9252
5499
26830
25405
5992
20083
13535
3173
7460
15844
22497
30112
30701
16989
822
25501
3907
17585
24185
31065
27843
4182
3671
29597
6559
2827
7584
15816
28748
4029
31901
17358
13946
28844
2725
9601
4937
25802
24043
12047
13754
25699
15770
15052
16227
14595
548
24626
18280
17557
20438
5158
2470
17352
24497
7805
5681
4023
19061
2239
5377
8904
2558
27179
29160
25812
9427
13563
1223
649
14333
26857
2562
21517
21269
20209
32561
5860
23201
8793
14361
32532
25761
19183
16346
25479
17252
3218
23145
2480
12960
20467
14913
21618
23234
26781
15958
23101
7811
31795
19531
9850
26300
28409
6884
10793
24699
31126
190
8136
24918
19481
6974
26231
26111
25145
25031
6235
24345
27873
31024
24640
16458
29932
23413
21122
1426
6957
10156
19757
8923
6578
11835
9059
4561
27209
3401
6142
29171
13892
29042
27511
28394
29562
20159
263
24858
21134
9685
24331
23672
25204
10604
3757
8603
3376
22531
7873
9493
20961
24018
19949
8451
24575
21249
8205
25827
30689
10775
25301
22438
13442
25269
26040
24582
8836
21636
26889
10010
18549
9836
2145
26920
1106
17927
9280
18618
25161
29525
3831
22516
20675
13489
197
19492
21922
18179
5952
3995
10439
24120
25590
9660
22488
18927
20053
5458
22336
21109
19656
19751
9335
25076
14627
14034
23939
19943
17473
27600
29119
21713
19691
16598
20443
9263
7676
7014
13604
31403
22467
17825
517
14994
2217
13404
14286
136
14612
29557
949
4731
28299
11367
31515
15061
27162
31517
27920
25590
9720
1284
27928
2017
22119
1636
31535
18485
29148
18928
27916
16992
1120
16028
31907
29711
21046
8110
8173
17384
3518
25368
3563
636
9369
25093
5353
30583
26638
28594
9728
20250
5292
21119
14814
31724
32049
21318
29386
24748
23723
22251
8162
22153
5085
13876
1447
25494
21988
18395
4028
13688
2075
20706
20459
13409
22843
20263
28265
16963
21447
21048
28507
31293
28583
22120
29080
1114
26386
22051
19121
20858
21170
1406
9263
21392
20739
27666
32283
1550
15613
20747
15044
23198
14322
11644
6076
24083
2745
6390
14372
10655
8716
25688
9257
29766
10799
22248
25039
22674
3538
16803
2798
8841
23609
23762
1145
14812
23194
9182
15110
31841
17607
9061
2187
7363
268
28045
10086
22905
19291
10393
22177
8180
7078
27578
4979
28701
19341
24103
3082
5118
16185
19567
12167
32703
5512
10254
32587
28117
9066
9535
1393
2934
16011
27410
5275
18768
6962
2494
13554
9338
16745
11064
25192
31659
23902
12805
65
17578
28425
14924
9681
13829
7439
12591
10375
14598
12006
30299
1834
14307
29242
15326
6755
7221
3984
6202
11900
4523
4650
32439
27239
24832
10026
4605
10242
30506
22522
1249
8601
27861
17386
32128
6316
8719
7451
11914
23027
16965
27805
6881
17056
17518
25044
14179
10980
15238
12576
24323
22964
2878
17852
19743
26061
21746
19175
4622
10230
12507
20546
13816
8837
1926
3450
32234
548
8068
2342
1833
7125
13156
9971
11463
3124
9182
24830
27509
23548
6737
12417
14232
19917
12144
27058
31135
14637
27191
3816
9363
5836
11045
24320
6895
8716
22437
8959
21939
13248
22989
32504
436
14900
18506
18993
1846
29295
19099
12929
12220
18100
3454
12028
24095
30287
23464
1491
3294
27278
11961
26997
1717
23821
19567
28922
3441
13110
17434
28610
25346
13065
24656
28761
26834
29977
24801
22174
18773
14295
4365
27941
24546
30739
3573
25049
21185
29376
20816
30182
4997
29688
21599
25814
14747
5952
24355
18169
27428
23820
22477
29451
18432
14726
9846
8977
2859
139
272
24708
22093
21238
13213
31665
23436
28962
14495
4704
22949
5802
13775
27060
7739
17267
12561
8018
623
5613
4520
30149
5552
6805
16806
16418
27348
13503
935
12519
15208
1170
20671
4137
21829
28244
21169
7407
1636
9960
20066
7641
31476
27028
4749
25861
16809
15112
16055
19250
27222
23964
30310
26150
29374
23258
21646
32334
30120
17980
13132
1957
20529
7478
7126
8662
12646
26743
29363
25509
18450
621
13351
30091
725
9991
21746
16288
5750
12478
6970
11967
15994
9942
965
21732
27638
225
1899
26840
22177
17286
21707
26897
9261
23168
21054
26067
6616
21481
31753
13980
3134
24761
29399
7871
369
16010
20070
9551
14667
28318
2176
9278
4099
24098
5165
21190
28415
25524
29991
20232
16361
13860
27534
27380
5637
16503
2013
16488
450
30514
15133
20636
17039
4821
14168
12989
19183
21413
13393
5592
19152
12974
27762
6650
13337
9225
26118
17558
28034
20059
23720
5158
10152
23454
24315
30485
2145
18212
29852
10717
8268
19672
24661
16493
24237
24008
21140
24269
30584
15840
8219
25860
28588
12024
20728
4666
17378
19730
7096
25370
23846
32732
8408
12154
18437
9597
31356
19262
25063
23181
29795
11897
28832
869
27
26838
22593
31386
14705
25655
25396
2244
3884
15003
20616
2436
25595
9029
7305
25029
15275
15131
14228
11073
18589
11340
7977
14663
28024
31029
3394
23228
1819
28294
12771
32097
4822
160
10995
5715
1241
6210
11850
29656
25324
4709
6667
23640
30561
30564
24372
7850
12359
11616
31347
30610
32481
10723
28476
28807
19287
26307
31000
7097
20650
7754
26432
20818
29933
4755
22122
20988
29107
25655
15587
29348
24772
15402
31966
13694
276
19679
28940
29770
18421
28339
10092
32725
4747
23432
15973
22722
2944
19888
6162
25994
6394
1550
22493
18882
26314
32119
24143
17053
24807
17758
14118
11441
12826
23473
11688
5886
6906
30206
31544
1836
13595
2010
17447
21268
30339
2179
22220
13186
2397
15300
24791
29753
19442
537
3810
25912
3284
29716
19017
28988
22364
19711
2364
32134
25687
26819
25874
30430
765
22793
27360
12248
3619
21918
23115
29782
16817
3100
18074
30286
1109
4807
19984
30670
31097
693
23416
22077
28531
32050
9729
23267
32252
8290
25420
29868
26852
12072
24516
16168
6916
28743
28974
31447
19827
2247
30592
23204
12029
21915
24567
19119
8144
2176
24164
5199
21881
3112
20679
856
31503
29592
286
28825
8622
30927
14719
21929
5415
20136
24165
19940
26870
18945
840
10416
20853
9757
11632
28933
7503
26695
14602
3628
25398
9912
5244
25030
14297
14011
17910
1809
16
1551
28489
5991
13146
9101
17405
6151
8842
15114
9629
29976
5821
2175
23126
11755
23695
1640
4545
5761
3983
23401
11260
21069
14832
19255
30463
27706
7297
11958
22061
12272
13023
14175
2090
10323
18408
485
32493
26445
11892
15384
32278
31438
29248
25097
29569
13073
5419
22127
15899
7712
11429
23113
22260
23706
29540
10181
4246
13236
9048
13409
24726
126
11234
24144
26472
28776
6209
2335
10871
8964
14925
28056
13429
6413
28007
8423
4080
5289
1456
5883
20519
20203
16249
9263
7195
9884
17147
16938
28649
11323
4168
7171
2134
12098
26498
9641
11436
12459
331
17027
19141
24243
11132
16211
6501
32222
7706
9056
13517
25403
7302
7380
27020
25577
14067
3171
8601
24026
16413
29741
10143
15831
19257
19942
13464
9924
17959
3124
31645
7718
1007
19288
10236
25058
19307
29969
396
19271
15937
23485
11069
25423
11285
4290
12275
3106
9724
31276
20885
25564
26163
27544
20064
17552
24593
18000
4226
1421
3130
25783
31716
25056
17686
21736
20039
10266
18305
9882
17810
5971
11204
20551
106
3438
27332
28557
19716
27295
17274
26836
23095
20011
5283
10801
32470
4207
32441
5514
2876
7716
25121
22011
22824
6369
3494
9337
3532
24801
12582
16309
16928
27655
26763
6979
1404
3615
29437
2556
28262
5735
27223
26529
11689
26190
3799
1473
22439
25979
31513
24540
22511
30481
21574
23240
17170
21554
19081
4948
31411
28610
32194
44
22494
18285
6783
27388
20379
17899
17192
1240
17858
6786
6521
6620
528
10701
31797
10255
31611
31677
19737
23949
28099
19165
21263
16870
27978
6362
3237
3777
27941
27714
1725
31685
27507
7052
2950
441
14317
18777
15787
22761
2239
30201
29642
14028
20887
18993
26663
3813
4347
32571
4258
23271
2015
2063
13030
11804
3959
24545
2276
6151
330
8683
2432
6729
25992
20076
10633
13761
23453
24817
10479
21239
28934
7123
16432
2491
23139
11521
16916
3081
17102
4095
1434
14384
9580
20783
11314
5683
25921
5712
6188
17520
5961
4164
10097
6015
12996
14870
1649
29021
7121
2363
12124
5066
15422
29464
27029
29167
7839
27589
23908
17732
16285
16913
4075
27057
2449
31942
23387
17652
11858
7470
14183
15682
21322
27349
26105
817
17360
11409
22564
13013
7602
29376
24411
4137
11280
22225
32480
25265
25713
21510
29054
13406
14864
7543
14203
30642
15223
5467
16585
22820
11855
18819
1916
16326
7543
6439
11905
16677
3411
26597
30860
3185
19047
519
11090
4318
1572
5637
13049
25417
13825
26442
6604
10015
26830
7739
10292
32379
1605
22902
16611
17806
11491
25687
19795
7492
8694
14017
20079
2340
2038
8731
26000
9337
20248
20376
27050
12975
5153
29628
23752
3839
24952
23324
21941
16207
1664
13413
12796
11859
31012
15263
9235
20729
30132
10931
29140
15108
20719
4907
30508
26358
12385
1338
16663
13620
7407
10236
21708
26213
9136
9982
30516
5403
30974
6401
2209
29365
20941
17403
18621
19332
26428
25183
5825
5676
22634
19870
487
4685
24203
12782
15905
14947
1851
12106
20747
3307
26897
3002
2846
28872
1656
23252
8487
14564
21178
16003
31224
2842
3422
9479
1118
11860
26548
10301
10579
1008
10414
29217
11892
12393
17137
19089
7349
14131
4396
12884
32595
3558
11433
12122
3850
27295
4642
11845
7561
20899
2261
7465
21795
9798
32730
9104
8391
17164
21941
7106
20530
23821
15912
12611
19555
13982
14923
18588
28751
25901
22238
5214
22999
11885
9437
31589
18167
16564
8277
13402
21312
19105
31095
14971
10632
13825
29674
32671
32224
2547
20582
32628
25542
14411
29823
6156
21660
23093
17598
19352
31321
8219
25846
20339
4735
30920
21205
3170
32077
13261
3770
29722
19765
8995
18118
20482
27280
19
14390
27963
8081
5971
15088
18910
8311
114
11099
10116
25607
25717
9844
9996
24634
6083
19487
20888
32563
2878
31674
13017
24691
22707
16120
26765
14928
28276
22253
19269
28579
7747
8037
5228
11714
4978
15482
9605
9902
29769
18022
21684
15245
12968
26517
25216
11098
20461
8447
31959
6619
6168
10420
29522
723
6190
5816
187
28026
21467
21522
19917
29738
32346
32
4410
29787
15002
16429
28915
31441
9881
11589
2211
16404
13844
21576
14716
18721
8291
31806
10039
95
26015
9962
1622
23252
12037
32674
8109
23961
3743
11358
11552
6027
25121
13582
29614
25412
23825
30001
16047
1354
32298
19363
8281
31365
29699
31926
7049
2807
13548
31365
6849
29863
19992
1925
22636
17118
11778
26461
7274
9622
28169
4600
29384
23856
24413
7384
16335
3685
24351
20141
21825
4735
13764
4390
27871
6089
1467
13575
11310
9796
3407
15484
5499
23707
16334
8108
2589
31065
31211
16274
16890
1114
21857
31496
23629
11391
24537
6693
28070
11686
14606
969
12082
21210
23599
29046
13116
26822
6277
5474
17140
13424
32085
26314
18799
16932
15624
2184
28656
8365
19337
32232
20326
23756
15343
8632
23349
20706
8540
5022
26937
7408
30500
4015
31496
23233
21554
25660
11384
25190
28072
31215
27490
13027
11462
8727
23717
21288
23565
8001
4717
16195
12196
7176
30645
13779
11514
1070
5386
31168
13741
29675
4754
23593
14763
12676
6990
8862
21655
25888
1436
7568
23150
728
25856
773
5994
6925
26915
24976
18214
1278
11804
16257
1796
6041
25071
14937
18380
25746
25427
14977
661
10675
15801
3899
13545
27763
9865
1752
26660
29641
24495
22316
18461
5186
9046
27199
3336
594
31987
25413
15515
7911
13190
28624
1648
29252
10525
14661
16299
18701
21401
2700
16860
10142
12980
32268
12583
1953
26435
18391
28066
5088
20409
28705
13310
22103
19949
4599
12650
3214
6685
29230
3764
5670
18226
665
14001
12721
23621
9599
23520
31687
10083
17739
330
25686
11661
5254
2732
3641
23555
2563
6104
19724
24259
27993
12121
13631
16460
1942
31830
29290
13991
19506
9145
22496
16808
3650
29839
24455
32370
5614
30642
2791
21561
10789
8870
23168
24140
25232
12738
20321
14162
21956
28048
10998
2515
30651
24438
24866
2555
15493
14741
28813
15515
21307
30193
5440
12145
3381
28882
2415
1705
17788
619
18581
931
23682
23482
2247
26871
7185
10927
24129
24503
6018
18832
15686
16884
23599
32156
20007
28291
1579
2287
18337
2560
3376
5029
17259
20756
24024
12354
16656
24564
4880
32594
19195
4906
25546
13900
29136
26008
6387
3516
4611
28602
8101
23201
6051
27691
2973
22292
13430
25963
7663
24107
15435
28895
9208
7965
7052
6937
17045
2983
7187
26970
402
1454
27710
5205
11110
4133
7238
24630
21789
1841
1484
13795
8853
9099
20917
24962
6893
19751
4152
6715
8507
275
5941
14143
25981
20129
6857
13833
25043
12232
13343
30180
14315
16584
19081
19629
700
6925
4815
22746
28791
22358
6343
13499
14522
31510
1829
28416
17159
21786
8597
27772
4470
3437
9479
5928
17318
27769
586
32363
17913
7534
9949
19608
257
28648
18434
13753
7477
23756
25619
17291
12009
21106
28185
8905
24189
3082
22427
21933
24788
30776
27828
28597
21511
29442
13928
16035
21595
22252
22328
1223
23921
10593
5620
10368
19389
26197
2769
32001
4665
12073
8892
2129
30811
24783
27885
27285
29764
21806
26302
19090
30010
21448
14782
27502
12888
30106
8193
20406
20868
67
25275
3494
31394
31849
9997
14500
11015
2905
32031
1037
23857
16365
25967
820
22709
32435
16489
10920
15992
10571
23607
30390
9506
6417
5338
23343
22992
11517
14970
24684
6410
28359
12794
4494
21492
4942
976
8202
21960
23098
19732
24678
23939
4320
18134
1085
32735
15463
22453
13705
25986
12073
25517
30498
14709
3420
20017
28289
23511
1266
25210
31434
11475
15549
5662
15626
975
16087
23012
30140
9958
25153
27863
23443
22169
30666
26009
20339
16833
15923
26106
4544
30152
24976
11465
23772
7961
2545
31211
2283
11733
15682
30889
7386
13000
6256
9294
28831
2203
9166
23282
17602
7499
18102
4753
29468
28634
7795
25696
7391
5700
15454
25184
31190
24500
3912
27443
11502
26360
31768
28719
16886
10546
27061
25009
14499
29905
17447
13747
16599
17600
15097
15521
3106
23517
16097
14441
22666
13485
675
27090
6279
6478
818
2062
23634
30637
23320
22162
24671
17913
25881
19749
25896
2903
29203
1591
13357
24791
5673
26485
30265
32422
20768
14490
16102
10630
5641
7304
29027
5244
30241
8343
25205
2760
29429
22061
23484
30234
15306
10895
25656
5379
23099
28918
29196
30122
4644
21222
27009
2240
30911
6843
3405
24758
1805
3205
17430
28973
11128
16661
22322
25262
7862
14168
3761
20123
32752
4068
20125
30565
31780
9937
6528
20736
1224
32714
7207
28052
22960
14435
9894
8822
27185
29869
13980
31062
20871
31241
30392
16826
29300
27705
22396
22187
30250
24765
9537
27821
12907
15452
16252
31733
15087
3841
21823
6871
8710
25032
19203
23678
11390
11097
11684
2015
31943
24181
22189
15087
31061
18126
9686
19988
29254
10268
29643
3034
19013
21357
8751
4328
9902
9916
27873
26674
27378
10950
24702
14192
830
17177
6695
4046
16983
9326
13444
14053
22217
1336
1544
31722
6976
15485
5239
27941
17974
17125
24998
421
15566
18961
30083
2867
3328
24109
18772
1156
21239
17865
30788
4019
3511
5092
22811
14574
9987
8266
25933
20847
12926
23073
4406
30381
10256
10430
31140
6612
7563
20157
2710
7027
17295
848
835
20341
10667
13783
31582
32083
3524
12209
19865
12424
15035
2130
2920
27972
14922
8086
24071
7524
24111
4693
30910
18850
25741
23864
100
29449
15247
8651
3106
8365
10318
16851
9081
30104
21749
17633
23942
25351
2595
15399
1413
19159
6032
6283
26773
9786
12276
9978
12474
1198
15396
9983
28968
30512
27006
12180
18367
15276
30600
22072
14290
15545
2260
19521
8748
14723
31527
26228
32341
10760
2777
17107
14609
13192
17791
182
23594
16694
4040
16157
25455
5428
17061
21829
25341
26046
9133
31097
25277
23206
15551
18987
4910
32512
22249
27971
16229
31518
7304
14775
8274
10943
9905
8028
30020
25475
31184
16636
1455
32674
13711
29864
28718
222
31738
7759
27332
24502
21472
6288
22631
23261
2684
8141
22463
23274
22612
29569
12075
15953
19810
8659
14853
8594
18546
12651
15143
30640
32203
7556
14509
1765
20753
22594
17661
7572
1642
18246
22789
4991
3808
28289
9156
27450
29703
15685
29452
10208
9951
12706
6534
11012
13819
17903
30198
12010
12003
23719
32704
12535
11960
7799
31916
24679
26134
32404
17382
25918
5182
22866
12873
4993
15733
24819
13276
24229
8359
19644
1693
8520
12368
32335
6782
3359
4765
4404
12974
22320
27854
2233
11289
29761
32222
4092
3378
31120
19558
70
17136
30148
27583
8602
12054
22052
7270
22926
27576
11271
19365
15450
26619
26251
13936
13359
16924
21642
13198
13002
692
714
26873
8520
7482
19060
28806
572
22985
9160
12232
31231
3107
4366
26418
12615
15351
13776
15485
17915
8799
28230
17481
15942
8365
31506
20231
12779
5223
5422
32022
7640
11408
32290
24108
5629
9257
24698
8184
18782
1528
5239
4102
3175
23944
7429
29922
23936
31089
28909
640
6114
8921
25676
28123
18601
28219
17988
25565
23082
2408
1777
26495
2438
10955
31134
23345
23168
1520
1849
14716
32139
26952
25861
16614
23591
26918
9103
5910
16238
15374
10723
10040
17642
11311
28927
16291
5546
16942
5000
12985
5013
3365
1468
32527
28926
11244
2472
17103
26232
31639
13211
32346
31467
3903
4826
27185
4583
21766
21141
25621
13369
3157
26394
14189
18108
29032
6985
17641
9074
16909
4680
19813
18643
32680
4472
25616
4965
4731
9895
19405
13709
12836
32391
17369
24997
14183
32606
1966
23118
15150
31744
1576
23816
9934
4859
5095
6912
6540
3601
7412
13352
18272
21995
6567
26765
13561
19979
19144
29670
29952
11523
244
18280
19105
9444
29506
5602
21832
28666
26919
26117
10664
5558
15255
7939
31746
31724
29037
17245
16292
6207
31501
19957
24496
21977
20808
25963
29982
863
31616
22950
7684
23843
16652
8113
23061
1948
2525
16329
4200
3604
12898
27060
8828
14753
22186
9044
12408
21590
22729
17787
29367
11450
9852
15105
19587
28025
528
13844
31777
7514
21119
20432
3087
23409
16093
17935
27017
11158
6386
19331
17489
26390
23337
7682
7088
9640
15785
22304
7352
12962
9921
11011
13773
25196
31369
2419
868
23605
3526
21809
31241
11238
16399
9610
29095
12372
302
17963
30212
14778
17865
26935
139
27750
12098
16279
32590
15282
27355
27538
19787
4406
3102
413
32750
29756
26236
2932
11736
17780
10804
16745
4831
25322
18550
28156
13654
18484
25288
12205
28814
32496
18858
3342
2204
29550
20085
3868
11101
425
27785
21967
696
20092
3495
23280
15395
16658
28060
22315
10601
12447
24864
32101
24234
6733
1021
80
29091
29562
4724
5692
15919
27680
29148
28464
21518
13716
11404
20793
29158
8564
25851
20226
12679
11482
1062
19621
18803
19414
10034
18113
1950
2332
4179
4045
26994
19961
7916
30635
29974
26252
4856
4480
14320
5682
8104
3012
3689
20546
4429
20117
6384
26875
2681
21585
577
21178
7265
28771
31463
15216
16006
30813
3583
7764
27029
840
13120
7637
22923
13111
16952
14803
15132
15651
10968
13838
18518
8946
5939
17631
6274
21465
23171
18982
10059
9956
20845
19075
22306
25555
6022
23241
29408
20008
13845
9135
29357
26238
12315
19913
2081
22044
3984
27063
13738
14538
22512
10397
29998
14564
502
30931
12785
12716
25767
23261
6584
19428
12179
669
2351
18589
23128
6343
6024
28234
11623
12438
1381
19480
18443
17853
4856
18306
18343
22177
360
10271
29759
28357
17271
5567
5689
13701
8547
15543
22885
21768
21513
3193
24892
19824
23376
17512
29285
2131
5061
17130
21886
16495
20355
19134
22296
4505
30294
12944
2307
17655
28960
13002
10445
11631
25723
17838
20357
10335
32415
19874
20164
5775
23687
30154
24303
24932
19023
220
694
24662
25313
31280
17376
12963
21200
32023
11595
24901
17028
1646
9774
23842
11160
1139
4770
11652
7552
6359
23905
25288
13679
16660
20173
8538
19831
22784
21812
22753
9971
11170
8786
31670
5154
1605
16919
19099
25876
460
3755
2218
7114
30277
9648
11147
11161
19649
17095
23530
18383
9058
9045
23080
1433
30645
22407
6993
21796
19266
9363
12879
5635
30306
23617
22877
19153
7505
19883
12222
12311
31620
13120
32686
14959
31037
16911
8345
16362
16220
15939
18827
20656
15736
14569
26600
742
22062
23290
20061
13781
9657
24981
20502
4168
5827
12172
7217
15925
14715
6178
28019
12704
4328
18195
25146
27325
19069
27093
4275
2901
5101
32286
11085
14698
833
27046
18798
5406
17703
16174
10340
17873
