100
7569
6435
1200
14126
20594
477
1956
13102
6437
4077
19003
13650
1079
3194
25743
23201
19112
23631
14544
2779
19012
26335
20023
14243
22576
28294
22588
5859
8644
15890
15881
23661
3992
20354
13870
14046
24290
20494
19094
5064
25855
9575
22714
28432
12623
22591
25108
12692
326
2060
16599
25361
15040
19465
5341
13125
24725
9598
31969
7760
13678
26434
28654
12384
215
13950
19223
11405
10901
2227
26473
6914
8249
17151
19486
606
14581
24220
20755
20570
2991
13993
17789
13739
27476
25389
28375
31018
32111
17753
29727
1586
7930
10509
2369
14921
2931
8094
28372
13827
