1000
7637
2775
15900
27935
7825
17402
1781
17165
25501
6039
15897
14575
7243
22987
259
26853
25234
17345
20222
5277
29362
23755
7655
30478
1559
31153
11316
24169
21888
17993
13365
8780
1632
3399
25754
19001
1924
12887
16950
30792
8439
4713
22274
27672
15139
15948
21093
12811
8504
17279
32434
21171
17106
30532
12275
5767
14550
30709
4069
12763
4508
22683
27459
27919
10324
10941
25671
7430
2978
23158
11887
32729
14220
4298
14205
20941
9878
4154
25025
11907
32299
16278
13210
4719
23103
22291
8251
4235
31795
25502
19883
4173
24825
5231
31759
10198
632
1760
29228
26220
18482
1152
4904
9002
27428
26467
400
9206
20717
6333
29600
12468
8755
23983
7358
26297
8259
26209
20551
24707
32247
21329
16782
1447
16349
9451
1314
5898
26517
18777
14160
19284
28283
15516
27625
4002
21383
28380
19270
16508
16497
25852
136
28422
2584
18290
23844
1658
4132
21334
21920
26069
16362
25016
15255
16849
16017
31031
22787
25364
32371
7631
20668
5287
17350
21235
26683
22185
23676
988
7844
10565
3943
17952
13572
993
1697
10886
3030
19608
14635
4121
31181
25579
6100
11643
32717
6323
349
17532
32314
6234
16858
13291
20342
12107
8539
23469
27557
28071
17868
1803
31156
1082
27674
20816
29081
28077
15512
14484
13276
14333
16032
21203
14934
556
12157
22850
17977
566
16520
32226
12112
10054
146
16213
14472
11306
29826
12017
3504
11780
9023
23827
20093
6979
6353
24501
19153
3794
9411
10051
21564
27535
22475
5547
18628
19455
1197
2996
15073
6720
18524
24720
23244
25663
23906
30644
1273
16427
16003
26855
6626
21801
23709
28313
775
23625
27603
3703
2355
11704
3050
12348
24576
11832
20467
5834
2717
12494
26923
28537
32207
8378
31007
27567
9014
1964
20244
6321
8658
17461
5285
27064
4038
1148
11694
10312
29019
22834
20329
16061
10567
29896
4823
4391
15920
27359
1634
22615
6508
1024
704
13114
8971
31117
18202
25190
24343
11767
8302
25075
28698
13618
8242
21900
8929
16742
9786
31429
26496
18408
16859
5551
23446
29288
11857
2987
18898
12396
28254
8315
17078
31997
19252
2463
12955
11423
14997
19422
6390
22407
28729
5923
17625
13321
7792
5258
15037
30032
10760
23227
10110
593
21873
31863
1191
6401
10015
25968
20976
12742
3888
31070
2053
14124
4175
10575
10377
26074
28632
29502
3931
26820
12604
32744
26904
1442
24744
21211
29409
28064
28897
16592
26462
1623
12403
8250
15618
16124
6666
26655
6545
17879
1056
12583
7904
12791
29656
19699
29917
29989
5930
26543
13518
10774
10817
26603
6622
4837
19489
166
6869
23488
1677
10668
20775
30177
3368
29219
20784
7871
30682
24928
22462
26502
31861
23039
28880
20677
27545
13106
31645
20071
29909
31833
12248
18405
30222
7891
2099
26810
23077
21012
13858
21782
19156
5624
737
5846
14809
10071
16824
22196
1367
8922
14206
13755
15225
18957
7004
23295
16728
7861
5331
2442
24863
18531
23296
21145
877
30793
22815
14345
6138
16205
31823
21260
29054
2652
3732
21280
6350
14593
17186
26946
23368
566
22489
29534
6258
7034
28684
31755
4830
22051
3206
25205
18513
9974
17615
16026
5411
19445
9643
21946
9961
1144
22756
13064
594
3967
31305
14502
8271
25671
15863
15568
26231
22811
19415
1880
32425
11373
29800
17234
20979
9253
8895
14608
10930
14137
12236
25681
16891
30078
31454
15029
15418
8638
27497
13940
22809
12810
16392
31056
23204
10833
20158
7112
26538
1330
6785
31887
28006
7951
25081
9276
17502
22371
2949
4419
7308
23637
4735
36
29884
21645
22977
994
8501
23366
1895
695
9627
676
19927
27398
26132
20552
17919
13457
29610
26659
16094
492
30705
22919
9798
30258
1001
17028
28384
4854
17957
15729
6000
12924
27693
19657
14170
29225
13090
14649
13414
8505
27552
5622
1472
1968
29928
24404
10307
6547
29503
26517
10230
27223
17809
1534
25303
29850
32346
15409
26840
2577
25543
17846
7464
32706
15128
17883
31923
27251
25416
1982
11756
32610
752
1192
15818
27958
19817
9372
11792
16694
9008
27952
14546
11449
4495
4764
27957
16093
30074
7953
2422
26236
17848
9292
13870
20572
18499
11114
1748
30118
14064
22270
25475
28314
5970
27489
16381
23936
18908
12617
17393
1506
5191
26269
18553
25592
11059
12680
20199
22628
32529
18893
21697
15392
20544
19546
10506
28852
20086
27935
9923
16556
18274
31520
30898
9289
10384
27337
19042
15991
22668
23170
2667
9727
11082
17796
8691
20222
30149
22763
17781
10390
1255
7948
17090
17123
31657
29960
28741
4400
23675
32418
8586
7275
16870
3149
17666
14807
2672
10121
3840
6657
31680
14704
22024
17397
8450
32652
1097
20657
26765
17132
17000
31450
17603
1399
16255
22190
21561
6528
14950
17978
21785
22426
12337
32205
26564
26285
21497
11436
25787
19017
13280
7687
18879
11067
12111
26156
567
3678
8834
28667
3795
28084
27463
32410
20591
26549
11010
30570
31290
30951
27125
2105
28439
29615
32702
32185
3651
10855
25889
24112
13112
32688
21256
7282
27858
20746
21192
30477
12209
28578
9126
22467
2014
7018
6554
18237
3505
13423
22867
18685
8690
5736
5498
13205
13630
21130
12603
22806
7852
15268
27650
5068
17841
30823
31362
2856
9025
4101
12540
17662
24119
9471
8894
22257
1783
21047
23274
19499
13906
24141
4728
4945
5034
14632
1918
2229
1622
30675
22959
28878
5703
17035
4130
30438
16364
26902
11350
1043
16212
4438
28274
616
5779
13341
11985
24684
21350
23619
28861
26827
22554
23542
4731
16972
11177
27730
16009
11267
5415
27441
547
18888
1628
11077
11531
5352
6579
2660
24202
17690
10067
16930
25522
17844
13707
9893
19175
2846
18547
18357
20638
23687
21712
10259
2403
26072
23097
32524
27937
9702
26744
14413
10142
3308
5171
9721
21061
24376
7884
6393
31528
12324
21893
21396
7493
2376
27624
2623
28168
4590
21862
26294
9234
19142
25150
16715
6969
12764
9120
1150
31184
25286
23314
28367
15144
1826
30996
9936
17238
11072
28415
21886
24631
19227
22579
15057
23474
11150
15985
28818
829
21444
32134
20333
18595
15089
2602
10823
24580
32319
8231
21458
32541
13068
7102
8798
8649
10578
582
26098
30664
12902
