10000
27416
10017
4108
27109
7034
4747
28253
10887
3863
15985
24752
21175
30023
23260
23744
12248
6711
9811
32197
11212
19855
18929
16445
10669
7249
15291
10988
6846
25092
6960
2338
24481
29971
15393
6716
18890
29296
21442
23149
20787
27772
31746
18623
21073
299
280
20052
26696
7011
11614
10994
14171
25510
1891
2751
15270
9201
13883
10568
28687
8932
26
9672
24954
14882
5922
27816
572
11259
10360
23106
20946
31817
24989
31466
11476
20631
24572
3119
22820
7049
16063
9054
8811
6008
14055
7496
6854
21596
1436
15173
21436
23791
3265
4473
9076
14095
25036
10838
18980
17252
16085
866
3021
16452
2540
18235
4646
29651
26288
26840
10965
16751
1566
1041
13797
11851
10406
10082
22645
6489
1668
27372
18349
10862
4685
30908
16375
15521
18888
27216
31851
18420
2304
8023
17034
3638
5015
29113
22064
3879
18525
27351
27076
2014
13089
24084
24242
360
28872
3220
27163
12978
6556
13892
29131
14760
9702
15386
13675
28575
190
14238
6135
23792
15650
11177
7539
4070
8518
12908
28890
23259
31787
19637
1624
15773
31091
13934
11704
32279
26484
25702
10528
13357
9099
3925
7164
19687
8370
28698
26168
18642
15445
4422
16306
14755
21858
23006
10223
17182
22944
13661
32269
9014
15681
31993
21752
1398
4282
1575
22497
9631
10450
31329
21228
1427
3321
23591
13353
14961
8156
23876
6342
5378
13878
27218
14979
10580
4073
3968
20837
31140
26445
6803
15791
18561
2760
7723
3598
22063
13471
14920
13844
3402
5387
19980
2279
25259
17040
30403
19515
27792
1162
32
30589
29942
11273
10697
29521
2890
28382
26135
27967
22849
30966
30230
5033
16133
10215
1748
19969
31377
9417
13272
17721
24158
20551
4848
20602
23359
13557
11568
6680
24969
29669
2359
4294
23928
24437
10932
30982
21198
14442
11049
13028
23485
16707
20463
2020
3847
7111
16763
5433
4452
9441
18399
9783
22052
17069
12435
4875
21269
22739
16758
30634
11175
22292
23824
22279
5966
5666
15386
32393
1832
30389
24640
15804
20192
30427
9253
17991
21714
12687
3240
18462
3440
31886
16230
7672
17892
6246
17023
7684
503
9936
27038
25303
28977
23359
5171
8361
16193
6585
8451
23234
17312
30694
15075
3375
21618
21607
25280
7865
16557
30824
23267
12056
13692
30585
22387
5475
4838
16793
6204
8907
29611
7060
20398
32137
27758
29072
31529
10261
17945
14306
4216
2201
14206
20006
9371
1189
25146
6286
28617
1316
5855
17274
21173
30351
9298
25929
16657
6496
13937
29295
13648
14026
2041
14280
4529
3495
27559
20269
4729
2994
28830
16964
13695
9974
9737
20380
15086
27526
16897
1529
9031
4463
12209
10732
20133
12011
18616
6567
8517
23255
15822
8976
20805
21351
29355
20
16812
32025
20773
27966
3755
19943
22424
3720
12067
30913
26250
5745
20326
27962
4495
25423
18754
32642
30571
1767
23868
19604
25975
27707
4377
11952
19014
4003
22435
22028
15239
32031
26025
22983
4909
2284
22600
21790
26574
30293
4201
25826
25673
204
26507
6441
17068
31545
8643
12101
28245
31122
16640
10226
4439
14508
7572
3539
4383
14417
26608
32
15959
15250
30639
21913
15370
9054
3031
27582
25097
22356
24667
30273
7822
12502
15588
25276
6944
7263
24784
9376
10422
25878
28795
32109
14111
24227
18366
5417
23457
24897
21942
30475
10977
19476
26055
18039
27138
446
31200
16431
23313
4909
6656
23495
10401
3254
15609
8537
13490
6504
11892
1915
20184
28826
5685
28014
5529
16839
1184
1432
1814
4764
10364
17460
1262
17230
4600
9801
20319
11569
9963
25816
15278
3975
11360
26714
10697
16021
2386
4202
32044
18685
9908
9150
7425
1863
4277
31835
16267
18881
15681
17417
1220
6281
7115
21765
9285
14824
21066
4855
12903
29409
19329
20515
16552
13834
31364
4835
23888
13467
30584
20309
13908
1477
22938
26961
25466
22597
29315
4766
7102
25144
20138
22885
23028
817
7978
31461
13488
19593
28869
20073
28003
25590
21545
23671
31430
29791
23411
30283
4732
8431
4338
24964
30195
11881
19245
27676
1675
22203
551
31901
25850
31445
2529
29330
8175
9915
22049
27452
13813
7129
11122
16007
28314
21912
24940
18492
20177
15406
6709
20856
11414
31162
4936
11869
9680
9616
29557
25607
32379
14801
14889
27330
10758
1856
13296
24698
1018
6992
6200
16243
31709
19586
13400
27962
14422
24813
18385
13787
30098
798
30163
1876
8933
31011
28675
330
949
20963
15995
11515
22420
31921
18706
29044
19884
32544
1502
6147
18272
15640
28920
29936
11824
1833
12671
2152
24797
25376
4064
11194
31694
17112
8532
7878
179
7507
19626
2481
8552
7689
3142
18142
12828
24192
4458
2330
1714
24093
11444
12823
16231
11322
8168
27932
18614
30841
15600
25082
4729
32087
30241
5186
16976
30980
17344
17077
25926
10354
709
23292
25778
30891
12510
21914
16988
25193
10679
3614
24545
9184
18809
27549
21849
19679
6289
27999
6966
20759
25778
28633
2927
5306
27421
15835
32223
10057
30752
16907
1000
8359
8156
27794
1883
21617
29772
8469
20636
20370
23683
16615
14337
21521
28981
9597
1660
18222
633
7970
18810
17838
10957
19435
7690
21107
4955
23278
14146
21327
19835
4015
9182
20506
25976
6619
5931
10242
4759
5433
14628
12579
10325
17885
16858
30296
11505
25759
25625
1872
14634
4043
19272
3812
1354
13338
12433
9127
18275
481
19266
1727
18137
17033
8307
17652
18720
8767
30186
28167
15303
16876
27707
22085
16310
9576
1075
5723
31156
20971
4983
15724
19500
12484
27753
26977
24112
2637
15691
14721
5054
11550
27303
20289
23362
5505
26862
20829
29789
10534
22879
9511
5093
23320
28202
21023
2349
19440
22998
17349
18566
14921
19936
23979
32517
22387
19621
5582
4999
21612
21121
2342
14579
15115
6713
15996
30143
26495
150
2940
17590
13816
19283
20491
13048
14500
22330
31707
8002
2525
29065
4668
32367
3745
24730
8245
18751
15682
24515
22739
30552
15454
4732
19393
11146
28178
12991
27161
30039
15211
32437
19834
19379
13341
10638
30043
9480
22136
21424
28318
20605
5015
19989
6504
29816
25563
11502
305
22113
32664
28045
31511
20394
4109
13185
32376
5132
27802
24835
27583
11539
14381
3729
13694
20188
29438
9688
8126
27166
21628
9175
2451
8039
390
17986
29939
30632
29407
10276
16583
1524
8156
4553
18755
22149
16736
32731
25203
20224
16650
9675
24855
25593
10413
28530
9649
18362
9729
17913
24028
30272
30360
7158
28639
17031
20499
1239
17538
18696
6293
23428
25377
27519
888
15424
5118
14833
26175
21968
31963
27886
22988
21984
27593
21780
31700
29858
17467
25556
25743
25528
16990
12665
9396
9300
2221
9317
24484
2206
11200
7582
21989
25686
12388
20106
29651
12474
12273
7159
14482
10154
5848
12894
2375
6666
12668
12137
17544
1384
31555
1202
10769
11486
25580
30670
27320
14650
32547
25482
29859
9309
21074
7796
20408
29665
13499
10910
7765
1791
30148
4766
5697
31663
15761
6105
1507
28432
23512
5634
14770
7435
30961
16349
21997
9011
23853
6473
30860
27376
17001
21117
14198
32477
25571
26770
20212
20334
16460
12098
5222
10966
16926
10223
309
27688
16943
18918
27144
9660
6279
8166
13883
19156
12142
24284
11149
7295
19658
23025
8728
23998
1448
30662
13447
4838
4121
3326
16515
20549
26431
16382
19310
23560
30119
23024
8020
10076
14809
10510
13342
25300
6446
22557
14601
12811
21730
24375
21079
17034
21866
29134
24389
18924
16392
3566
23612
12096
2716
4290
13643
25518
445
29786
7381
11870
29960
6827
14983
28565
32184
18904
18061
7969
4984
15792
25862
2552
25461
29303
21941
4892
7606
3305
19449
31681
11440
892
767
30386
2837
27878
25142
2801
11246
6111
17923
2461
10473
20520
16567
6937
10996
29900
26558
10091
16650
17318
280
7650
6477
32291
9486
24572
20566
19273
10269
21382
19145
31480
24887
24581
19756
3696
8235
23381
17913
10772
26721
10640
32241
21614
17354
5170
8884
9842
16919
7290
24463
20743
30761
19731
30869
7107
5065
20211
7153
16630
22426
17796
23930
19179
4939
13825
4232
22122
27665
32291
29702
24193
2389
7678
25801
30085
31146
22821
2592
3923
25601
29461
12461
16603
22816
2769
18291
6368
22864
22985
13103
30201
25174
23040
27628
32220
6565
5998
6354
6619
26322
12452
7743
7343
4680
19118
21017
30069
15421
31805
19042
5110
16357
29702
31244
25131
22245
24165
4111
30465
4362
20038
19642
26201
29755
11589
16710
21075
22700
30484
11697
8652
21845
17437
28874
37
20643
26473
16008
2630
2413
9153
4255
19683
11305
15379
1365
30718
18528
25367
8338
27566
14943
20017
9015
542
23856
28570
27825
15064
6344
7099
6862
11076
8322
7641
23503
22635
30156
32759
9918
24065
800
2552
19970
1699
25399
15365
8240
14685
10361
18478
2852
24687
14519
20308
30033
11601
4380
25926
16725
24052
1633
8234
12240
26443
21825
14111
4983
10506
5933
29728
2916
3758
28480
32043
14256
16829
885
14499
7236
20815
5656
20724
9708
29389
21370
7029
1454
16377
10217
26258
22105
5678
12767
29482
16480
31465
9338
7478
4073
10633
11820
30636
28962
11859
14260
24483
18132
12985
3917
19127
20282
24284
21541
21679
2835
29775
13840
20573
6902
1566
23934
24518
1766
29199
4011
22403
9254
32551
25365
29031
3406
17776
6195
4706
24735
17146
27236
10149
14484
16928
27942
24327
4793
29964
18824
16040
6336
27262
28642
24532
32722
16328
4547
20778
29219
13342
30763
25597
14025
268
2554
26874
3022
7240
5801
8203
26244
18090
14648
24444
3608
3193
26471
13917
17514
6888
297
3623
28956
3808
29782
4002
746
8448
18592
20229
31545
21219
10184
863
22514
417
13842
19767
20368
408
20214
20591
4984
10092
31256
9583
3209
25164
11386
25983
17909
19319
10736
22131
31311
20223
6869
31118
30437
20941
10749
417
18767
30950
16106
29811
27464
30189
10307
31589
24765
31976
19073
10070
31780
18247
9964
11205
15631
18466
20166
21813
32001
30146
5830
16086
24192
19555
7880
2913
12907
28216
450
9540
18318
1200
16890
18943
22644
18168
17782
25806
2940
18881
30388
31880
14639
31811
23964
14535
27857
30337
17587
16969
21302
31951
16017
662
3032
23698
8085
1763
4134
1608
16343
2615
9502
2248
6494
27340
2845
20938
5780
3768
24566
22441
9462
31692
26434
4200
24592
9917
11512
23028
26793
15745
13886
14248
15419
28924
13438
2326
8358
476
28347
7685
30756
5314
21798
19382
4480
4514
29420
26476
18563
4716
12883
18986
2736
9452
9989
16831
5169
25583
21163
4864
30992
11175
6078
29013
20138
27984
20122
3959
2401
26132
12501
11639
25234
15660
3790
18435
23239
19785
905
19685
11309
7474
6842
30924
16712
19374
7455
16975
997
29348
30483
30255
6224
17793
28001
26844
22728
28378
5206
24891
9520
29011
15642
8359
23303
4031
19776
11318
2458
136
13467
15165
13944
28753
30035
28438
17959
6107
29241
14368
23829
26917
30552
3080
19665
6104
12492
20807
24955
225
984
9196
9082
13664
32306
22428
24940
11457
20385
23255
5731
25128
458
24444
78
24851
25159
27792
31413
1339
21242
15675
29098
29115
29857
4371
252
883
24490
20894
5037
17071
24392
12561
6054
6148
25286
9822
6570
18555
6428
27246
23945
31986
27328
23211
18070
22718
17854
25794
9306
25493
28683
24487
14218
19116
21526
30169
823
15644
31649
1255
15941
26506
11471
5683
31006
21255
23934
21750
19367
11061
28886
9604
8052
12203
29474
16850
27192
21659
18399
32565
27775
22194
32275
8556
18591
17984
16097
24289
1515
19865
2649
31276
21547
14011
13973
5337
9033
29745
25857
8043
25421
12599
25082
2720
139
11550
8859
7671
28699
26098
21715
6000
24714
22107
13755
30867
25295
19137
8743
9395
8065
4531
5500
13428
27719
2954
2753
8843
21903
23881
29688
13765
28803
19144
15278
19531
2360
31762
1233
27684
297
12811
7362
15611
29157
11862
21419
20259
26628
21109
12051
21464
19039
14898
10927
10952
16769
21822
31611
26834
13144
17433
2314
15373
10032
31793
4378
20748
9699
30542
10604
7520
27209
29229
5075
13151
30198
32363
6282
804
24101
27558
23242
11479
25839
19422
23452
18479
12993
5921
7917
17716
17420
12903
9952
19018
24382
23995
14696
13163
9970
19867
9237
5812
7267
29602
29230
29219
9767
14948
18689
26271
28442
14490
24183
9272
12696
8063
15851
27569
17135
26745
20284
18747
29459
1532
21537
27780
5268
7083
20413
16880
16590
449
3188
12582
11360
6064
13308
9423
8159
10760
11703
16282
26827
28569
14144
25220
22209
25052
27460
26710
6387
29839
10899
14959
4054
28832
7030
8899
26394
30284
13124
32548
3039
27272
32304
14785
21286
21408
6501
10988
25733
26910
4949
18464
15648
23277
9805
17474
24276
5054
333
1319
32693
31403
4888
4695
19899
30746
2951
24848
6840
16869
1826
8590
1165
12984
6385
29066
28062
12474
9872
6145
22915
26479
19074
11830
513
22749
12487
23034
14392
2541
8625
32043
26141
19989
12019
32379
17451
30260
14075
3954
5974
26301
12930
5047
2881
22808
97
3467
31920
19525
9126
13206
18496
26819
10215
5094
29014
23472
8150
26677
13653
27953
29206
32618
24340
22036
26701
24675
28303
6324
13435
2546
26844
24861
24714
29733
25697
12401
23590
14027
9541
22411
7374
31027
24100
1249
1067
3895
26887
27055
161
26489
3219
14930
7205
12013
8576
3569
27982
19864
11341
24931
7854
8343
16178
16717
98
5474
14423
24459
22504
2642
12355
6098
25137
6241
11415
10131
15351
10802
27388
7458
9297
1105
22618
16919
19845
8891
2123
1269
12317
4001
16591
9737
5181
5993
28225
11157
17715
32246
5001
24878
9040
6441
2708
26211
2038
29863
10497
4255
12275
25309
7453
9297
8205
8002
5906
10569
14302
26076
4699
24165
26339
9222
21371
4206
14287
9840
28143
22589
9765
26727
26209
1058
29189
26711
17694
12422
26182
9614
11466
21454
17606
11074
18771
16771
19710
19670
11043
26800
4314
30553
25242
20876
3015
15440
28603
7769
12301
31157
23077
5004
24159
17215
1349
27438
31664
28900
5323
30594
6473
30365
30042
22760
25369
26985
23940
19201
18508
21908
23285
19732
4639
19001
16366
10673
23794
15878
1270
8596
10142
12607
29388
15819
27914
12549
10399
3356
31737
8153
21121
20641
294
26460
9242
23477
30611
30552
27545
11028
29470
13828
20720
30525
31061
17796
5441
17947
23691
17072
26259
16357
19756
24854
7114
19267
5453
2114
27862
13490
12935
22077
31530
25897
16902
11091
15984
27645
29405
8985
10619
24578
29340
7855
7037
23539
2085
17475
29050
6675
20667
6102
19452
29461
21340
4419
23817
17465
24145
21373
21074
185
25347
26904
12205
29283
17424
10763
11717
28039
18846
11956
28944
31763
12272
29724
11522
17405
1079
5501
1921
11489
17322
16129
20632
2284
28888
15821
25199
17656
4925
20798
15739
25592
21780
8562
13554
18839
13165
32523
16258
6172
29823
20527
16450
9617
22591
20179
23529
19492
14130
31802
11838
6605
895
28088
29647
9009
24648
22204
31718
32199
17210
29710
30393
9529
21603
15444
29665
20493
68
31195
9485
30596
28712
12692
14584
5826
23732
31581
25240
25904
28350
12162
24729
4127
8803
3460
6409
14254
24659
16409
7509
13037
16752
25203
10868
24386
12440
27333
31074
32524
24254
7684
29648
27527
15680
28907
8474
7664
29300
31297
24441
21481
31876
23134
15738
21278
30333
15340
1966
4137
13218
20971
24227
15539
9478
30455
26900
220
15706
20942
30301
25565
18179
8973
9521
10220
24688
8250
25231
7521
4778
7
21746
12566
13868
7125
1993
14867
6646
19064
27430
19051
8413
22586
31674
1889
18725
16418
9985
19663
21073
2678
16314
8137
30010
29822
5786
13437
25183
17803
2881
2909
31356
30008
10605
27009
30046
1776
9838
12358
27381
16048
21210
22588
29355
4878
21633
4927
19700
123
15523
23011
19238
8645
20065
26646
27020
12768
2418
27904
20405
23269
19735
29230
11026
30299
10065
15856
6081
8886
9297
13567
2979
21021
12848
32611
30644
13936
27872
29844
5020
11914
26211
4832
1921
6339
16186
1548
26656
11961
8993
318
14620
20049
32249
28699
27029
21496
32006
17196
32509
27183
12378
23430
25127
29254
24721
22954
673
27239
27839
21418
17476
29911
17575
13965
27401
25721
21294
22261
31007
29332
27919
29951
13114
469
6095
14187
16173
4760
15604
25085
4283
19555
7538
19234
6314
16563
6502
21719
27162
19196
8198
27847
18965
12779
23512
22451
23911
28142
28451
19479
26800
14582
21668
8203
22199
19324
14465
3687
30977
27330
23939
22314
13987
11355
25215
16157
7508
4845
31765
12979
2246
26678
30365
4148
21559
30797
5215
23834
19011
4650
7170
27324
18172
29033
11080
11817
16444
30027
8696
20311
10298
18686
14619
13181
24156
24862
6762
1725
8780
29307
3080
2310
15694
17949
1133
8761
21969
3717
15010
394
8515
8758
1716
19498
26666
16244
9827
7971
4209
15692
14874
26755
8703
19924
3620
23484
31119
13748
1052
1355
7611
7397
12453
16792
27225
23737
348
6941
1547
28444
32523
21451
22034
25369
32
7593
25699
31392
24413
18111
27645
21894
2768
23602
32633
19917
32518
2224
32227
26918
636
12814
18888
948
13654
6704
30352
6163
18771
1834
24590
18585
30209
13988
24662
3547
32045
8323
6095
11891
21406
19654
31625
25601
16899
16557
7632
20848
4649
18209
25857
11899
7281
6224
9372
19567
18818
9368
19611
22578
23611
1702
8962
32132
6123
24799
15288
20357
5829
10750
8853
6775
25742
11519
27580
710
12697
16445
7723
5445
12789
30679
11408
11451
31973
22359
28766
20638
144
18070
23329
28958
24058
19930
21007
9318
16691
23874
26591
18718
2511
9060
26846
12852
22421
14132
27967
16348
20348
6440
26034
2517
11475
20377
22073
32494
29375
8813
13111
7626
20970
14835
5322
10976
5754
9486
13403
1989
12864
2710
26740
4014
14130
2555
4817
7473
22044
3883
13497
7499
13714
7606
7567
21415
13609
22320
26532
13341
28903
16600
14159
30074
6391
3190
28736
16767
29089
26762
21777
9772
3962
7074
17694
11326
9176
28428
3223
14070
28041
11437
31443
4380
8645
13361
13031
19268
24928
27493
27256
20304
3652
3552
2765
19766
5407
8169
26664
25859
32601
2197
855
12832
24905
5936
2438
7124
30888
30686
1623
3851
3910
23426
31797
1366
30203
22239
22245
32050
11233
15614
27741
18317
1472
30927
32730
20102
27082
10770
31533
14709
29577
2424
21077
4651
5141
22534
17747
20347
650
23995
29754
26873
4281
15218
31110
22529
14366
5130
32430
10747
29459
20675
32509
2014
13890
1259
11421
22259
7776
13499
11253
22236
9753
892
6453
24788
30790
3309
3118
11320
12902
28137
3688
15431
11084
16453
14190
23334
4629
3576
25453
17958
31069
32638
14333
28490
8883
18814
27455
30724
7753
7594
296
18752
4848
8934
29468
27811
16964
14509
30143
2837
7460
2481
20744
13437
31846
12738
32407
21707
20936
31473
584
31292
25897
30197
12552
20697
29177
29134
23015
30530
14574
5800
1391
4265
23032
10241
16180
14369
2680
12814
7597
14617
31661
9819
31810
12579
1390
11187
7078
32507
26911
9535
7271
8900
16606
13553
1988
29588
28413
15652
23230
20019
8629
9596
18290
8480
16152
26388
8357
31189
19784
9176
9121
30540
10983
19759
5184
17858
11214
7646
24390
1979
28162
27433
14067
20550
31459
4410
24025
4738
2215
32455
5100
10849
28679
9200
23000
25260
10808
18534
32407
7240
27421
3282
11074
31415
11195
7029
24871
14817
14573
19467
7709
4373
6745
16118
6932
18251
26018
13208
22768
23724
20960
7681
28568
27988
8013
16330
21321
12630
10048
18496
1073
15872
10336
16326
23609
27745
8977
17012
28450
2313
23091
19972
12499
12560
19468
9967
22001
90
14210
6355
8881
29976
398
5656
7146
11410
3821
31443
20079
23845
26137
30442
8347
12679
11639
25466
25133
26963
22994
1909
3670
25281
8456
3984
29713
29108
1283
15708
14515
10235
2795
4530
26819
29392
29338
30293
2827
12709
593
10963
27119
10785
15017
30892
1790
32101
1740
29366
27847
659
15588
17344
21230
10897
724
20598
18559
20746
27431
12421
22657
7862
24133
17151
23759
24796
9197
25088
29475
31253
8415
31122
18548
20562
7385
1486
11906
23584
9413
15428
12207
15659
23857
25757
5392
30721
22783
9343
4804
16665
18526
17073
3716
30996
5113
9600
13436
15938
14446
4193
20057
14184
30209
25815
4260
31681
10386
27287
21070
15426
23500
25323
25228
4642
28576
27476
28901
5786
24817
29555
15240
10218
2705
18985
30692
32668
29293
1534
10611
32268
30468
19647
23254
20264
28958
15979
27943
19573
7610
1873
29067
16467
25672
23922
16646
28289
19736
27948
18068
1507
15379
31002
12149
24451
17321
12598
30152
11991
9226
1344
31067
1858
19097
30308
6850
23260
26013
11287
3238
22134
24634
20546
20320
16089
23201
30370
2758
13135
29315
4974
14917
31077
28619
17723
24369
13806
10636
30238
11608
14155
14136
6160
26077
13546
16916
150
21572
10253
2792
10145
8649
8653
30715
19890
29430
16990
16190
19779
884
13716
200
7011
13346
22694
25986
15264
16228
27955
5668
11049
1982
32130
7776
1844
13473
22030
4188
29342
4484
14402
31846
32465
25399
10881
4324
7147
10100
2409
30345
21533
29368
15961
15567
22096
24656
16176
27297
5135
18615
15192
1879
30369
12831
6660
12264
28533
12110
11701
3163
26564
8363
16643
14719
21361
2969
24730
31452
27444
31747
1667
18665
20983
9272
2725
3968
10624
12026
31883
12430
23121
30673
19047
7951
4812
7590
22871
9786
16795
9100
29416
12536
3919
5089
11225
9627
6983
22934
10273
10701
32724
17355
24626
25286
24986
26527
19328
1475
3642
21574
5181
19635
28206
19804
14439
9011
19956
32632
15365
8124
17006
25349
20654
7451
11401
16717
5706
2082
8221
4055
22813
13726
12820
5619
28929
21641
29135
4243
9714
20608
4549
18524
15824
14455
877
19965
5985
32171
2655
20672
30358
7896
2742
17246
26127
5036
5816
17176
20960
3196
32697
29955
16278
23095
28220
19876
18293
4760
17756
30396
13060
17567
21866
18277
25804
20801
8664
606
27996
15455
15957
20132
29072
2549
1850
7746
17939
31636
14629
30569
25635
16914
11235
21443
7060
30592
13460
2565
9752
30044
29449
30148
32701
23304
3697
20873
10423
22651
9525
30503
13408
4407
29728
31308
18813
11130
30915
20823
30659
24505
4888
105
1690
7242
27237
31423
8480
4449
6499
11839
881
14653
26016
27984
3366
12451
1570
10991
23835
29580
15693
15616
23158
21019
18951
6369
20196
12753
29721
15941
30246
28420
14296
17472
9933
29325
21766
15518
30785
20418
17651
24953
2568
32420
23527
16651
20549
1625
6596
23488
2431
11228
28136
26767
16804
30963
29265
13195
1614
12129
25092
19125
12356
31837
20143
27925
26180
68
22925
28681
15616
32395
29578
3804
6246
18935
26792
22682
12836
16656
15009
12323
26988
28371
3790
4735
16372
9127
13127
6001
10306
6802
32588
24655
2342
32429
4835
26896
6792
25813
14787
28583
32611
3492
30065
26000
16658
927
29353
8104
4043
27057
28159
14401
27753
3545
19398
22390
8046
5151
26417
21948
8520
19916
23736
27834
22483
4314
21437
27227
19744
9130
2928
6689
17269
4341
12016
22716
19092
30725
13491
1499
14912
11557
19751
18498
13822
15958
9369
22556
7705
12355
31831
17299
4584
1911
24337
24991
26451
29134
29829
26395
15252
9257
14428
21022
315
16486
6222
8072
12149
22416
15757
32475
30349
23634
1377
30797
7603
6578
27919
14619
28157
508
29952
31263
20139
27131
16159
13477
30383
1135
27779
6523
22381
12732
32334
32327
9407
30688
15829
13597
7740
13991
28673
593
32186
27682
22517
9354
12049
7509
19696
8984
13602
14128
26485
22152
24600
31681
2474
24437
14574
20391
18175
32673
17970
31690
28431
2372
3592
14153
16331
22691
31089
3508
725
3045
31949
30076
6698
27938
10655
10919
16388
17086
3473
8648
32255
31221
696
10031
8058
24502
21784
32349
9024
23477
24939
5563
28776
25020
4382
8843
21113
3393
22429
14622
210
6974
5328
13639
13641
13885
229
1809
5651
18610
1361
14253
30436
18830
10001
15022
13654
14097
26166
24441
13455
13280
13984
30454
15390
31319
30218
396
15911
6688
839
31053
18624
13317
23242
3181
9882
10242
23660
23545
29412
27039
7786
4805
9324
28285
29101
26791
21512
27438
31567
26082
16948
21065
1882
31461
24572
18878
30931
16438
24349
2664
31479
29353
3431
24033
22468
32725
32613
11930
6075
14024
20032
24107
20197
28922
27873
21991
15124
18304
22614
1460
5995
10370
10103
17690
18720
24815
15817
19097
18817
28271
9634
11584
28981
11674
21902
9339
2245
14439
25842
31277
16987
2279
29679
25342
201
13363
19081
12535
4044
20899
29449
5196
12690
25152
21407
24184
9595
19580
2892
31631
3101
16417
5631
5584
19594
5768
31743
6010
24277
779
4232
32482
8146
10172
953
14529
4638
25176
19374
29906
12383
25974
10473
10397
13517
29188
18934
13453
31218
17652
21070
24393
22701
3379
18557
6977
10109
32219
12160
19079
16124
20649
20337
29921
10154
19633
29030
9244
21740
9552
4758
23203
4437
17763
21181
22608
35
23222
8642
8577
22541
13760
28823
31855
15164
20877
26978
22715
20631
6139
29402
21834
579
13865
755
22611
1386
5421
1213
28086
3900
19205
21897
24464
23348
6096
7503
15628
26269
17215
1612
17276
1364
28230
6127
23976
13263
11543
14582
11621
19038
32080
7381
21354
30129
27763
8279
26976
6299
664
22919
25144
31509
17758
24273
17601
27270
26407
2405
29818
12098
30341
14044
31909
31568
8687
19998
4508
13936
25529
2947
15464
19292
10819
22584
25744
23119
20592
12517
11311
29892
31321
24460
21065
18048
10819
3253
3935
20434
8655
27592
8257
5402
25457
1722
29476
26504
26659
27883
10996
11046
23899
18767
27884
15897
32570
9165
11363
25892
25350
20964
26857
24941
17882
23188
4754
4996
13212
20860
2194
20385
6704
27968
26122
18221
7403
23853
4386
11140
15435
8736
16472
28154
9701
28323
27160
16668
16542
21082
21132
16184
18718
13470
11189
23071
4738
25191
31675
30761
16209
13167
15745
25210
1714
2708
28541
26756
23004
13694
1223
23757
32205
28547
27759
20210
27967
3015
8980
9965
5848
2728
690
1427
19361
7769
17596
3680
29113
25292
27243
32375
20299
19670
32597
13541
445
5262
27201
4134
29994
7926
16442
17642
28691
10973
19938
4633
1873
17667
19209
30228
3662
18303
27774
18750
22389
26718
18469
25019
22759
7053
16202
9335
2416
19449
25397
10090
2489
12276
2047
18715
28095
15579
31140
24931
14979
32245
1880
28532
27652
21151
22815
26905
5994
22438
17304
3904
32132
32757
3609
27573
8564
8304
24321
23600
14249
29471
16970
20114
270
21903
32350
4716
26241
18037
11052
25537
26759
26261
16250
4877
14142
226
2173
28293
1683
24039
16295
20641
29364
26213
12992
30680
2249
22846
12856
2986
18399
6289
14780
29412
11812
21031
1799
24352
9818
1806
4859
12683
27014
13955
8432
7403
10472
12310
22604
10464
5168
20744
7251
31337
4079
12536
5697
1451
12364
446
9622
3310
19448
9880
10930
4329
15204
18052
24481
5695
6193
24044
13112
25673
4328
5000
23137
8470
9451
21633
2995
28336
23723
31698
6470
28065
21020
2292
23749
18614
7526
10682
10692
11779
31198
7034
14932
22823
14132
10093
18901
4818
19181
15960
21004
18820
5652
30572
7798
10135
13101
30315
10715
19071
24683
32013
31269
32593
23075
11170
28275
10370
14719
13560
13162
12529
11127
2431
20939
12328
5117
15787
2891
9183
29048
12186
31135
25282
5236
12279
9174
11381
32664
12830
32235
31444
984
18305
1691
30847
27884
27210
30580
16534
20992
23362
15151
19393
24237
5873
7743
11892
10280
9735
28074
3185
25273
19706
30744
25998
2927
24305
9513
8120
23059
14305
5900
29240
3930
8693
2638
5685
29534
10804
26607
24698
6223
10334
15803
10362
13670
32278
4311
8337
11803
20806
16027
909
6552
17856
24479
15213
24173
31265
24857
25961
13957
19451
18534
22322
12121
10035
21734
2426
31331
25767
29709
2999
8662
31764
15287
25892
30092
3384
24252
1801
17472
1075
20421
13373
13565
23859
1630
489
21718
19280
6732
21902
11480
18101
10528
1098
29757
17921
14860
30551
13026
9965
5110
31188
26620
2606
14795
5064
2310
9885
278
5732
27902
22421
30417
15752
30672
27292
1658
2697
6675
28742
5994
15410
30963
5207
5219
2056
21102
16680
4456
30930
29124
4684
977
5721
18472
23154
16542
14957
32188
16525
13580
14120
3772
14387
3430
12919
18681
22851
15902
23253
15754
23243
8988
22874
31422
13609
10582
9461
8789
12144
13985
6902
12271
23565
17350
207
964
18602
23769
21275
1430
25938
31686
1503
29668
26326
28973
6672
13153
10352
20336
11350
12964
20647
3082
24848
13857
15730
19234
20888
8280
31648
2399
24264
2636
19831
6143
3261
16439
1180
7971
19418
30332
13107
6765
21264
19165
30790
973
28509
26094
27499
8344
27795
20681
27553
9435
31579
21252
21884
8430
14457
27872
25730
27980
14674
16835
17364
2209
16811
1769
4625
7205
1715
19030
23671
6697
9028
9743
21835
10991
8550
13193
18811
23487
15637
21346
6531
17463
17476
7503
14733
5603
14369
3158
31964
18958
5019
15165
12394
25047
23329
17730
18640
27783
22957
7948
10087
18465
12034
31714
15021
20539
4914
4891
32234
28429
29538
22997
7187
17608
19409
1258
14830
22825
25367
26400
11127
2893
19115
32672
6275
13255
18600
19626
21667
11504
3793
13958
28235
13694
25298
9918
14643
24920
7113
8074
22526
3241
6404
26508
2330
1331
5644
7613
15079
24039
32739
18856
11035
8370
12171
15318
5477
21145
11719
21129
13648
32264
25638
30381
8043
14183
24380
25867
13735
20463
1587
6080
15104
10940
27523
25581
19039
26659
6909
8113
13503
23365
2318
25684
2703
32228
1858
16581
21592
22134
25095
28743
16032
1144
2996
26983
15630
26373
30921
22833
26831
4519
4472
24227
7735
877
23653
6754
7596
21566
18091
26284
13248
19564
11551
19342
11421
6796
2776
855
5798
7046
28911
9036
6235
26856
11139
15517
23933
8576
14336
2456
24435
8233
28833
31517
3309
5349
4404
14930
5319
13356
31006
29335
22576
28804
20126
30653
18443
29266
26454
7282
12693
16880
6663
19712
15945
22527
23964
16952
11009
2047
22890
24744
31325
31005
19126
6165
9832
8523
25463
22309
5497
30358
1630
26459
22104
19124
1044
17736
26530
1245
15811
18688
3695
11741
20695
13004
49
614
12294
28702
25568
32682
19853
11466
28244
7721
15037
1138
7666
11976
24759
26690
22922
3620
13940
3294
30336
8741
6152
29849
27178
21974
8999
27112
10874
1908
15592
32278
477
7365
9417
24633
23138
12714
14579
8292
17439
5368
20416
13086
15057
1924
19067
18707
28354
29053
17767
20234
5360
511
2306
10775
619
27876
8330
1042
5887
15070
14785
15431
15123
24515
12782
20591
29905
2855
29732
20960
22663
26416
3270
15104
22605
14758
5707
14591
14057
6986
25407
15814
8687
14697
2442
28202
14125
21936
13045
16486
31045
30786
22250
24264
30620
2056
16763
8874
11635
15688
2983
15268
23636
8826
26840
22272
26032
5975
28079
23406
26566
2610
13316
3321
8646
23435
41
11578
25399
8162
19311
27596
2710
13257
22508
15104
22336
22077
12667
23761
4754
15670
16387
15386
21582
22653
20221
26118
26176
14014
11824
14280
2850
16606
20415
5261
11454
16270
1894
14255
13650
24353
20225
30508
6200
9626
13390
2646
19910
3850
21491
10444
18036
17433
1475
5544
6460
7906
7741
27386
28999
29188
26965
14710
32453
17909
17016
20585
28445
154
28106
16882
12358
11029
5810
30574
884
18911
6040
27188
8952
31510
28397
21635
32609
20248
1388
28344
22504
3920
10656
3268
12811
26448
25767
12254
29815
9248
3125
24693
10539
32214
13788
25705
10971
8039
28554
9594
16786
24765
24915
23553
29340
26378
15472
20958
1955
8027
7048
20913
4376
18288
14383
5709
26581
30923
6573
20073
29184
27143
8448
2201
12082
23147
5668
7037
20440
23487
6801
24120
23514
28254
9478
17700
11387
9101
27269
14021
15745
14859
22686
11515
6549
26858
1265
30331
26092
19612
13807
11391
20775
10833
26848
12477
27000
32129
31018
18326
7687
964
19664
8849
28564
15082
10809
28423
5213
1352
6963
15648
4930
26704
311
21246
6695
6501
16111
16439
5018
19693
6901
17801
16309
31655
16350
25801
21574
4670
32119
11549
26670
16159
12110
5995
11783
21128
27764
1809
16906
25826
25730
17111
3887
14161
3546
31265
3989
649
2351
10858
27685
10211
24136
30957
16243
30896
30208
21669
32740
1997
30098
29816
21782
14712
24339
1456
23676
1377
6976
7850
8521
7940
20602
18898
19344
30775
11023
15567
19113
20991
31419
4090
32470
20392
18799
2581
9766
16405
20304
21562
4250
4436
26627
10769
24455
8821
27944
23110
21563
26525
6692
11066
29155
5206
23844
30713
30381
16425
14687
6509
28713
14703
7835
28625
28405
31332
23026
8295
7577
29821
982
23406
16048
9724
3923
15951
22089
11713
24212
9751
652
20835
169
1577
18337
10623
31879
5941
21197
26704
19792
29284
30942
28288
29653
27861
29642
8766
16730
18253
9107
15505
16281
1578
22125
236
23049
1433
23587
4866
11359
7689
26807
24283
6741
27872
2633
18216
5291
5484
13881
3540
12140
3612
12688
10971
28019
19952
22684
1375
25901
28206
2523
17145
8865
5207
14363
8525
27309
14425
26590
3553
17298
6918
7171
28719
26291
197
30115
23032
32665
1159
2874
4572
23611
5885
15111
11304
29308
32265
31925
9711
24310
26738
30266
13916
16630
27099
22528
19014
6087
29430
17474
24069
1332
6645
17850
10628
6472
18241
6521
21144
2904
6767
20502
6544
1092
7024
2570
13326
24057
3079
21339
18965
31802
28032
25208
18786
8865
3744
15972
768
27616
13784
4119
18199
17997
15293
8994
29445
6558
10685
22929
9647
31216
12554
5909
3609
3087
3547
26467
2101
32497
10964
25559
31737
16003
6338
7261
12980
17321
11916
1937
5794
9599
25959
15909
4286
20454
17736
1411
30935
828
30111
28084
19430
362
17986
1665
7327
3108
17575
28632
29254
6252
12631
18801
2500
23384
27039
17840
11514
5142
6537
25550
5205
14125
18955
5428
1699
24325
8061
21031
11045
9642
23632
25002
16869
19405
31742
22688
13897
20748
31293
5170
16361
24947
6776
13168
1438
15426
17279
21563
30427
30704
17278
5986
20289
18289
4140
12299
30829
9397
22340
597
15893
1137
29497
5435
2131
30497
6182
23484
4160
23374
19715
6456
17093
1292
1311
25886
17838
32456
28106
4548
21248
18240
17490
31382
24205
12499
18482
32115
14789
17915
7557
9044
10703
22296
13249
15407
9177
5487
1185
29211
9132
24434
16227
6068
20611
8770
13364
13761
25629
29810
5097
7188
2065
19982
22511
31154
7522
475
26245
16436
8787
23521
18216
22125
10876
2343
31567
24141
7454
11454
20313
4613
11700
17920
14276
31852
17098
19482
3743
4258
16146
8904
17730
25843
24757
19552
24124
5374
10983
32018
17293
3862
3518
29550
19734
20712
16452
14886
2893
22366
203
14102
10805
17860
12160
11137
142
2090
30531
2462
8008
29961
30902
17235
30014
12841
11156
30272
23329
24769
27205
6399
7090
21729
23471
3498
19509
23565
12110
15774
2338
22314
24455
8831
27421
11167
28217
24701
18472
20404
20374
21973
5400
30269
30513
17306
31557
7549
15191
29621
30342
1349
675
43
3933
20572
28621
8094
1390
21795
32707
6935
32310
24953
19963
20738
3065
30173
29447
27002
8444
15314
12650
8135
17141
15240
25770
17701
4800
5304
26278
24775
31827
16080
24362
4380
8948
5200
12737
4689
23978
11636
32202
3607
22513
19987
25806
6310
10929
27335
2833
32514
369
2382
1639
19069
8136
48
12105
7549
23317
22946
2088
19839
23664
23979
12033
24156
16097
1925
3378
17099
24015
27206
14732
1576
26555
18624
16553
17268
2350
25765
18304
3484
17391
18671
15414
11518
18042
4990
2360
22057
22446
515
32390
15844
10950
17950
25938
11891
12170
25795
29129
533
12998
9442
1841
9937
25340
20807
564
3954
3414
20927
32123
13777
9950
24444
17535
4690
30193
22714
26780
11441
28657
30627
11368
10751
7995
28784
14658
31719
9561
15058
21294
5430
11640
2704
32480
18331
25372
15217
19990
11946
16658
13404
17963
19495
19623
1470
5353
14722
4375
18220
1952
4766
28488
30794
30836
32214
5560
26859
9723
30018
13492
27769
10504
13622
17100
23704
31937
29708
25987
12038
19704
18212
21067
8901
32440
22824
15280
18557
10013
21909
7891
27164
25705
11639
1306
5567
19797
6516
3622
20437
27301
32011
22021
12417
28415
3870
2985
28737
8445
27566
19353
10190
11137
29415
4839
18243
18505
6492
24162
2176
30915
3475
18956
24785
16674
22212
17615
13771
6577
20702
11371
22903
2663
10699
26035
4531
9404
17397
17657
11988
20412
8713
23239
30096
6746
16379
30928
24604
2054
32074
805
31377
2946
31877
25004
24212
9201
7182
9679
4662
20529
27678
14449
19993
19562
17929
9254
28373
19943
26819
20387
5529
12581
16035
15475
15382
20010
12392
7660
16280
26392
10618
23650
10102
25858
12658
22682
10925
22270
16091
897
14536
26492
10042
7710
2563
15318
20557
13766
31407
29224
1681
12431
13784
12641
7430
32263
29478
32666
14902
16421
19457
21159
30324
127
27640
3820
12130
17854
8292
26738
13494
7503
2888
23099
12861
27996
32124
10194
31520
8955
15371
7461
6758
4261
13529
151
19642
4329
26249
27474
18286
16737
32669
31706
28865
27110
30943
5864
27997
25600
12032
10869
10020
5792
16256
10005
12588
23058
11469
9094
11528
22573
3503
24201
5450
15565
19427
4848
4421
19075
13831
20985
13848
10122
26806
22490
22760
30461
21235
3741
22124
4680
22987
13102
29615
30429
24374
20659
15377
15400
12351
1563
143
9668
7780
18938
23621
9711
18496
8340
25137
25659
21863
30775
22586
7303
10642
8143
9073
27182
21244
2996
18838
21374
14347
23750
11230
10604
18483
23996
24307
3973
13336
27321
17469
16424
28914
30496
18528
24819
2870
9642
27398
31611
3187
9910
29662
28224
30841
20704
30949
27104
9665
10196
6628
20106
29961
17765
5433
32182
11327
22745
6619
29715
30880
12423
31385
16321
23585
421
9890
9921
2574
25179
2890
4522
30449
10779
17163
3741
8117
11317
13770
122
19467
166
3676
20052
20493
20273
10569
10019
4385
20658
24784
11705
21025
31406
23083
8440
2745
2350
14356
21569
19984
23246
22151
3119
1194
21265
29642
4998
32141
14071
27307
7270
6818
14290
25097
16837
7263
8277
5525
15644
20643
22510
7130
9311
10465
12374
19835
17459
31617
12646
12732
27228
29827
22316
5188
13428
31078
30270
10274
14051
1096
14926
23565
4107
14926
29439
17392
15299
16710
8951
15270
15111
6283
1333
9985
25581
31017
31909
29458
28123
322
8690
15524
3576
11953
25500
16394
14304
27884
27722
30235
22172
14895
17249
634
4561
10199
23509
22299
29495
14860
1344
12546
77
27298
29489
21070
7244
21313
20166
7543
18009
17092
1661
30164
2046
16864
20551
2400
10203
19206
4574
26557
29849
14730
9049
2681
15392
13316
8190
12945
17162
5623
14679
16179
20567
7344
16520
25032
8546
23409
23007
21298
23059
15055
3757
28242
17751
1881
12628
21454
31181
21370
18338
31505
14019
12449
28509
21651
3424
926
28959
24922
10786
30800
30052
25537
21132
22653
4066
3448
27416
18945
5401
20172
6515
14379
28202
11048
22249
27748
24300
14044
1822
6673
29245
8734
26368
25019
150
30030
26617
3949
1251
25215
19305
6238
13201
20530
4691
7120
2024
356
5463
27448
15259
32460
22752
23967
23709
9566
29086
29256
30007
32275
3383
1683
31320
17132
29497
8993
29740
13621
4692
9273
5359
10503
28102
16747
12804
27152
32534
14451
21313
23958
24581
8032
19598
1466
20674
8693
5550
18938
28253
11855
21596
10490
11646
21704
19610
14212
27991
24348
11078
4301
14039
25290
24302
7162
31776
21181
29413
19170
27708
21548
8342
13846
12043
23231
2841
14879
7552
20467
22788
31238
18957
18879
8324
27418
27996
5240
22956
19949
2880
5106
19212
14496
25579
16360
9350
5728
1377
16285
15453
16433
4397
26820
8847
4842
2642
9629
32357
9857
16260
1634
27208
2697
9624
481
16854
11257
13882
10602
5685
18479
9950
21483
15527
4405
3065
1114
11103
26434
15472
3923
6292
19332
2384
17411
4051
28700
7617
7236
29081
2411
6965
14345
4385
17548
17893
10237
25723
1825
21886
19303
31454
23635
15895
17745
11583
13076
1383
19689
15650
20903
30773
23847
21937
8803
21519
1968
8971
15796
14655
28411
29662
21858
30971
11186
6456
25878
5084
8539
30874
19482
31890
1591
1103
13408
29397
8810
3579
27334
2718
2653
10103
3224
13208
22625
1500
11862
21713
10645
6878
24504
20662
25097
22620
12528
1342
31779
21044
7471
7269
26434
12892
32362
16604
14754
13103
28254
2815
14720
5124
14546
14855
382
15365
17180
3457
17480
32575
3302
21247
29560
14837
11826
31757
19895
13882
30364
20582
6181
4031
4575
4200
1788
2537
21915
7110
6512
3110
7254
28797
27865
14466
20928
5641
19219
20597
5179
18648
30757
23551
3994
31231
802
18167
29993
30508
7757
26785
13550
20187
17024
10622
23599
17613
8655
15208
15669
27318
11624
6110
17487
12599
12989
14492
7705
1291
21478
15982
4861
19589
24384
31303
15355
22842
19035
3213
29862
8699
21523
3768
11887
22790
4604
31515
2342
12924
27908
18177
21694
28438
20819
25340
24657
32532
5494
5498
14947
20855
23741
25497
18027
9072
30945
31805
19344
25624
3818
22879
24752
97
848
2984
22950
11085
29025
25662
6605
30302
12770
28894
28608
20045
13561
32299
24164
12287
13131
5189
30505
10676
31329
8606
10636
31874
22608
18441
11233
29186
27289
20
24911
14921
21582
1688
24860
26137
8054
18574
810
20825
19891
16676
5570
4547
23586
32273
8337
15837
16003
15909
22768
8234
5530
24100
11113
10913
9428
2004
32374
15966
19246
22357
4747
7064
851
27313
9047
3539
12036
4020
11848
10326
12733
1022
589
9952
7830
31574
31967
18071
32103
24641
6210
11073
27439
723
12040
9398
6583
10694
6360
26773
29298
14793
1133
5175
24744
26394
13025
2785
1747
9559
30764
1086
25418
18834
9448
24332
10268
4771
15703
3093
19007
3010
8614
9569
3050
32085
2931
1450
1599
24582
1166
29712
30253
1561
15100
14350
20629
28412
22082
10669
25003
31008
12768
4599
31648
26120
8475
28591
30846
25760
8191
29759
4947
5583
5541
19698
23697
16207
2994
3171
19893
8381
32544
18486
16423
7916
11841
16133
19297
14719
2048
6813
20052
32439
8299
8811
10247
29065
20078
29233
25474
5620
22241
2301
23274
6033
18630
17500
5613
15980
28363
7115
26465
9746
31255
12398
3623
27371
19010
1285
23894
16842
30373
29211
12181
11715
31957
10880
10697
18493
14442
25594
4337
20295
2053
30776
14157
28208
17297
4615
17606
29777
26568
15049
24202
28206
6905
23586
29175
21694
28425
2548
9914
18182
1209
10382
15416
493
29734
17184
22061
2635
7830
9842
31890
15683
19825
5078
21189
15059
17038
8284
18916
24233
7600
5188
21113
15160
15185
24249
20829
19212
28830
29116
23510
19546
18626
6750
32515
31452
10087
10546
5754
7131
29818
32514
30255
4238
13615
20929
27544
25250
13894
15809
23054
32538
11148
30502
30327
4953
26788
12187
26146
16509
5895
1091
17650
6383
3402
2034
22207
7224
11168
15774
26617
9495
24991
5904
8590
32208
16711
19423
21518
3782
17216
7327
32270
23372
8291
22102
4554
16569
25724
10799
15886
11194
7758
11635
15958
14317
20696
5556
30260
28075
2519
1356
23538
4645
16780
31750
30328
15794
26559
16410
29297
11367
16900
21343
4778
31977
32573
18620
32698
20863
9312
3551
15080
1899
13947
32050
14409
30843
17909
19467
25641
31451
16150
10532
6060
4909
9161
8010
16565
3291
4769
4185
16647
27820
16155
23655
18603
29078
16163
2368
12177
6100
20953
32275
4730
21048
916
10090
14100
28097
21287
5983
31591
21360
15460
30221
21617
7256
19423
22086
8205
11253
8181
17028
19994
17598
31500
5665
9432
19197
19227
30410
9365
10719
19054
561
20106
3783
7587
1026
21248
28392
4857
18457
27319
2835
26314
23794
24455
26061
12629
23136
2120
24485
25025
130
15344
28101
27231
17139
32763
7878
560
5186
30224
25033
8103
1442
19681
17347
4271
3810
14419
5912
21488
4767
13535
14700
5966
29368
6711
27573
32691
18690
16685
28821
7695
6205
16593
25832
13725
2375
1754
1689
14183
2192
20296
23993
5900
22478
16199
31698
23745
26610
10069
17784
6294
3930
12455
31266
6907
28744
31177
28216
5762
9107
26246
11117
3814
31644
9991
27471
14669
29572
14911
8220
12746
7836
28550
32728
10790
11293
11139
17820
30176
21274
29776
7473
6002
15026
2265
27870
13014
12938
1925
29053
2377
20347
26649
24788
25167
16519
19673
1571
1527
28690
28400
3322
11360
17742
10769
28237
1660
6648
27487
13258
17428
14402
1930
1386
15116
29968
15419
13639
5097
14950
24755
15789
8080
5665
2479
25971
14928
8422
9358
32396
24611
20825
19893
29401
22065
3983
26163
4929
3478
7365
11425
23812
9061
9042
23884
10572
8685
730
7575
31494
26427
11461
13978
24303
21728
9455
25359
4594
11508
31393
13423
25009
16474
19905
21336
31586
21062
13381
7986
7388
21757
5101
28946
23537
25564
17458
1502
30719
7836
3194
21427
27074
18900
21133
20099
9580
22719
3404
24579
17144
17472
20385
5828
187
21283
32690
20639
21564
14246
3674
25687
32069
9784
17113
3706
20282
18816
28362
9608
9386
14241
7766
22871
12580
19645
6312
438
9548
3768
17568
16465
22829
32318
17868
31189
28881
30983
26004
27220
12047
4441
7348
22762
27301
32463
20720
11937
22919
3162
6914
29842
9846
10117
10456
32077
1235
29949
4092
15739
14006
3664
9300
6082
14651
19701
9995
8169
2844
18061
25039
6461
16773
24168
573
13363
24355
4171
18841
20302
8575
22640
25795
16195
14474
23759
102
25180
7288
15260
28019
794
30162
8977
27086
19998
19399
5741
24903
24393
27844
1085
15051
10787
17732
4570
1499
16761
6376
16435
7230
16971
20938
19916
3059
26085
23055
31239
23914
32587
13243
3491
2548
26586
17097
19586
13943
7981
32124
13487
1638
8766
30448
11935
6896
15821
30708
4791
4728
24582
6684
10255
7238
11614
6417
118
29820
23742
20012
21942
23627
7907
2627
19481
25190
5381
16835
15915
4023
6838
16127
30146
19538
26382
20168
30268
4263
18693
6974
15368
14075
800
10469
5480
281
2640
10748
30836
9796
11287
7178
31331
32113
24556
25529
19462
6067
18401
23271
24469
24311
9347
1275
7086
3313
16385
23925
16283
3670
5265
29898
23764
9804
12816
20334
2500
26143
9960
15154
12752
19765
28727
3792
9878
9540
13614
1988
22130
28354
20919
14942
19527
29085
29786
18454
23676
17965
21345
20511
9028
27239
15674
20031
14371
14163
2078
23517
15022
19136
9456
1884
7314
14646
22888
13735
19671
7212
25968
16909
10342
20603
6094
20560
21449
30995
5636
1272
25139
6636
23412
6125
28096
24384
13256
30021
1277
25848
13457
24667
4523
4708
31278
19745
7360
24110
11248
25527
5039
3729
2940
25148
29417
18886
4976
20708
31140
2751
26953
15434
19163
19992
9860
27144
8086
2891
15619
15238
28267
20003
31411
13071
11333
1139
28780
20266
2660
21511
16408
12327
21925
3291
5656
15352
23300
2955
20963
13378
30047
8203
8688
29364
10365
19608
5847
16280
27982
28910
29107
30375
4980
13756
12746
28194
23555
19541
9584
21534
12677
22184
552
30240
8514
2930
18445
9961
31166
27314
29808
13971
12930
5726
18371
12509
287
9044
8885
21956
16241
30355
16031
83
1825
683
17695
28603
9837
31090
2818
9894
21036
17913
29288
21705
14604
25278
14370
32440
23583
24611
12383
22527
20630
12063
13960
878
20172
1076
21608
11700
12934
26273
25744
13872
20601
16344
13306
23043
17676
32562
26348
5482
8288
9698
9503
12107
5005
20264
20769
8973
815
2247
20216
23725
8994
4024
7688
31502
32649
17696
18999
3217
5909
28544
30798
31206
27268
7211
4514
4898
9575
13566
21237
29457
17449
7755
17047
11469
23373
28950
20944
30607
25591
9604
11651
19654
12718
16784
523
11366
30048
24576
13929
31619
29094
9111
25249
12574
17482
27277
1377
17727
26887
22076
15588
5700
22927
31516
1814
14456
28371
19697
19705
25575
26494
6979
15687
29809
14274
12815
14937
12318
1624
29372
24391
18353
31426
31056
24657
17792
16596
8676
19069
24194
25970
598
26242
22954
28827
11325
17125
371
24743
19234
10594
21437
27340
29421
909
25559
9447
12957
29369
8925
31865
16188
7961
580
7920
19218
549
9395
14121
23834
12351
4372
9266
15538
26007
7148
3412
17814
23116
31463
30545
14351
8660
14008
16106
22888
6557
28447
7332
30882
10996
9547
5580
11113
25639
99
32441
22342
11494
16480
29265
23317
6639
21277
25295
27834
9195
16305
10179
32528
17810
23548
11609
17442
17686
128
10463
8094
11455
11890
30338
7558
14034
23569
1112
16681
12472
23351
28324
16466
6492
3630
12629
32447
32469
24260
4815
24020
24389
11170
11246
13457
4353
8153
12616
962
30194
10430
25011
14965
32315
32248
15880
7857
15899
28631
28198
11877
6933
28648
30521
3231
21583
1990
10044
20222
27193
12850
22972
16234
10606
19046
31199
26114
23775
1447
26022
28502
27438
11034
5743
17111
25432
32216
12990
23948
15511
3396
27964
17670
19847
24477
21760
9877
16007
10959
31502
30396
31586
3983
4381
9443
26671
2726
26014
14156
23925
4237
24825
25416
12179
1851
26650
30123
17759
4667
18476
8061
526
25857
4004
31474
1620
3966
30850
23708
3275
30962
18387
17632
26009
32002
18043
1447
21838
24330
14129
28757
23307
1972
28107
8191
8681
16586
27580
13273
8600
25416
9691
3565
12871
11190
22374
27155
6084
10420
1606
24861
18405
30679
7316
11346
28710
17587
15197
15646
32403
15929
10914
32007
12777
30276
2723
18915
29944
24430
10846
584
2379
23848
10066
13893
17675
6666
14984
20559
26657
6247
22228
19070
19611
12581
31833
17402
30289
29899
25931
2736
17864
8924
28665
27977
21078
11108
27146
26972
12167
28368
8454
2530
8640
12290
23577
2539
1570
27813
8980
3984
29105
4030
30389
4905
19382
12932
24104
18112
26466
24434
28109
4549
24755
2970
11068
29954
16540
14908
29319
27346
11360
32407
16575
6030
9279
20479
1977
24137
5460
25648
28433
11709
17086
994
9840
6532
18942
3486
11531
5004
18080
6863
12908
22981
22814
31516
29813
27676
5377
31221
16034
7853
6729
8812
28302
7220
24079
30023
8633
27845
26217
17747
28808
21694
32142
11771
23181
8185
8250
22552
18441
11590
11092
267
17583
19992
3279
30730
22443
20094
31694
1463
7395
14677
31755
29175
893
11453
12409
7169
21921
21193
16680
22709
28032
21115
22633
2864
15253
19695
31540
11165
554
15062
16582
12365
27167
15910
11662
3339
21735
15376
13642
15529
4051
21299
10350
2271
19603
527
4293
1110
762
4540
16730
27391
8193
6363
7577
23721
9743
10958
23474
9683
8823
1828
17982
2750
7234
23895
16677
18631
24624
30906
5567
16884
19961
26797
19001
1741
2776
30995
2107
12909
15690
3846
22215
19672
13844
15817
11109
10127
10883
10237
5757
26722
25591
280
3844
13958
2211
17172
8538
15847
24974
27748
1395
31935
16861
23084
24630
3944
29525
4785
13346
28271
19484
5135
17719
21225
20927
31530
29716
13578
3449
5862
21597
6387
30131
15259
607
7628
4295
27331
31735
787
13577
8950
175
6195
2568
27673
15659
19033
12049
29650
17860
17539
10997
20030
9330
21978
2316
12007
32239
4673
18298
11760
4633
24878
31409
28051
7065
28344
19000
13262
21186
13042
10922
19544
6075
888
30977
18138
2017
25415
23316
25948
615
1234
2399
20221
24639
12882
26115
23272
25406
4189
1293
1923
8315
28346
2555
29162
27128
7028
32381
24987
31620
27693
1656
15475
28383
29109
5456
30425
15136
2523
2151
21561
17236
17283
19169
2996
14440
18681
26283
9493
21065
17541
9915
8711
9289
29504
11929
18310
4293
23077
11038
7060
8196
20843
123
27437
15971
23059
6526
27772
9647
29117
15377
20815
30163
22719
1796
24009
16563
32376
32012
22358
3415
2018
16651
24548
5708
9319
26513
4433
18247
9462
419
27935
15884
2389
17596
29807
21134
30649
29714
31789
27224
21140
28442
4488
6955
24750
2382
677
24809
15223
3886
24468
27313
30620
7301
1923
17228
15320
10221
5681
22728
14861
26517
17830
10082
16019
29506
6178
2986
18895
18324
24147
32737
26632
3723
28106
18598
15223
20809
7088
21714
27805
30490
20405
21664
29914
13745
17226
19473
30522
22197
16656
9358
7058
30332
30864
463
8140
8214
14892
24061
4991
27277
12117
12563
29123
31595
25343
10122
3395
4733
11858
11317
659
727
23971
18794
9412
15640
8610
9570
6198
20207
8405
7650
4014
31710
15685
18203
24488
21310
25207
20944
23535
26500
28573
7350
13162
2754
4622
29984
15929
13425
9204
19163
29185
29805
25412
23383
28803
5953
5364
6152
25716
24485
26728
19468
8328
31045
12077
17678
13521
2244
15593
874
28231
32001
914
13714
29864
1433
16351
688
31362
21165
18940
26765
13197
485
24194
12465
1343
23732
29606
16588
9627
19422
28337
19028
7242
9272
19888
7536
23020
12463
6508
8981
22960
7564
13212
17006
290
10487
21850
13698
12869
15545
20948
4369
17378
21830
28996
958
21535
23034
30754
4212
10579
19107
11927
18434
5401
26176
31798
17928
3492
12040
27623
29975
29010
28590
11299
24084
10371
9700
24423
1757
6571
30238
20706
9263
9126
3224
24945
8904
4684
3994
16590
19400
16710
1787
18181
2141
24864
23780
551
2207
4766
23510
19521
20921
19540
19950
32143
30538
15985
8552
3822
1035
10460
13923
16528
21937
22402
14819
6387
28693
14574
12828
20500
2962
17178
8174
31456
25262
6788
22956
2795
765
12165
801
30308
9539
17886
18133
7241
20697
6804
13452
14551
20050
7167
26896
32325
11613
26653
25392
9649
25069
1324
10761
3163
15512
2167
10372
12561
16957
8048
25120
9706
9962
12031
25842
18999
28669
32026
7402
24759
393
6294
27735
22026
6907
29500
11693
19304
1789
25120
646
14739
666
30766
5096
16394
8099
28422
10182
29824
9810
4618
12233
18060
14894
24500
13648
19362
17966
21806
18101
1858
29729
6172
18898
879
13133
29372
22467
19811
4695
22066
1518
10881
28771
22301
16449
6539
18811
22638
6331
29717
8757
22650
12334
17466
22160
5198
7235
8845
20512
30018
28350
12370
26475
31953
16899
495
29842
8871
28377
3485
21300
22780
20335
29283
23951
11041
13213
11077
8936
10840
27243
697
23853
7401
1239
23130
27098
9074
13779
6880
18969
18559
29582
24656
28205
11866
15860
13936
20496
20261
11896
31102
8539
805
13585
12065
4199
16737
9858
27552
26802
20076
32735
5970
4740
19839
845
10326
13778
26570
4617
9347
1122
32268
26540
32674
28464
6242
6829
10715
19217
2140
1575
25198
10390
29014
220
8868
25395
11014
1403
13572
11168
12881
12318
19657
4480
7267
13591
12692
20545
16382
13548
21343
25411
2322
4512
23218
9532
10895
10548
2329
32475
8823
6510
32213
26795
17463
28889
13010
17467
15671
28941
17881
20604
18352
17968
25095
15722
32702
22461
23934
8942
3766
5764
24410
24323
8377
27635
8679
7961
22665
11923
9489
6326
13724
16341
25883
13667
8303
14095
27028
13766
4381
15810
16519
4108
1072
286
14835
3466
12727
23752
30586
27555
15001
8922
9309
1004
16424
9516
27048
16270
6649
25554
29354
23020
7668
1253
5544
13958
11943
31111
29907
19997
991
29729
11126
30489
24954
5103
23412
3367
12407
27071
12018
15398
11855
14837
8785
29252
9864
8147
10847
15716
27271
30199
2766
6084
31654
10277
28901
26588
7046
21063
9845
14217
13991
20658
28943
26218
23861
9643
29044
23434
15909
22570
5965
31296
22657
12254
32028
24148
22272
29296
16499
9059
18906
1548
10852
15237
13018
7454
15416
6444
6069
20313
29795
12368
3738
17406
24504
4809
30986
20827
19162
11260
24810
13714
10227
24505
11223
19611
31912
4196
6329
26508
27724
20563
15259
10520
12883
17016
27578
2902
8458
28224
22491
29380
30854
2746
13538
29324
10714
1276
15009
9734
23182
17859
25326
17277
15436
31321
7928
19510
3291
25788
30427
32174
21074
30460
18289
26660
10117
15845
4715
20055
11460
24286
5281
12945
28869
11537
5799
13540
26078
6604
11169
9908
14199
1063
21080
30582
5056
11240
11405
24246
15775
19363
16525
26463
31469
7718
30981
16439
13025
21268
22296
30121
20684
14031
2735
30919
16135
4507
25872
6031
3626
513
22963
19053
7295
22130
336
31490
20919
10797
21309
10276
17115
18787
2295
2854
21125
8344
24575
8793
8527
15180
11751
17618
25228
5595
31404
9070
26934
18082
5446
23316
296
16995
22142
31802
26765
16362
1536
11179
32153
32497
5553
16519
29815
30274
10050
907
10626
11547
4102
29586
25527
17366
20224
13148
7018
28617
10561
1167
6457
28268
24689
29691
319
13241
14251
6946
7818
22489
14990
6904
718
2044
31376
13287
20058
32393
13974
7958
13388
18039
8386
3307
3841
19962
13964
27855
6352
3171
24341
25137
7416
16193
17335
2765
13526
717
5857
31278
25948
18821
15650
3697
12478
30486
3203
589
28782
8831
5658
24656
2891
17268
11740
15211
23574
20224
9395
20657
23589
1903
26833
30300
26203
875
67
31761
9815
12389
4553
24677
2028
21559
28645
32671
15057
20999
23090
8127
7834
13934
26871
32192
10983
20185
22268
16411
10204
20528
7580
29324
19153
20662
5916
28440
2890
6449
6971
22607
17449
4426
18954
2255
29986
19254
30974
7177
14448
29334
30276
29768
16582
8860
5716
25071
29577
26480
16329
20481
29500
28370
26992
6631
11836
11264
16031
28270
17837
29402
24008
25616
24756
20036
25933
8820
16358
5580
17046
17720
9473
1677
30562
23533
25306
25426
18778
11107
10647
24575
4076
5159
25374
23597
5206
16971
13262
12565
14337
2661
29548
5807
21777
6106
12896
25627
3386
20573
7969
12095
31445
4274
24558
4018
30771
9912
13503
2264
28977
11430
30075
24399
29452
10645
16491
23946
28279
6975
27887
19388
24555
19718
5743
7928
21055
8248
21397
9110
28536
10641
28089
9944
5090
18433
11421
25550
5984
6320
2651
14198
16640
27712
25499
24616
6354
8530
30729
19505
3067
2123
20231
15295
5893
13400
21662
14845
27257
23983
17083
12670
15792
14616
10904
8159
17382
26796
12920
11432
30608
27101
23447
10100
12271
9399
25697
12626
13542
102
6882
5482
17673
8439
13182
5348
16886
12899
30690
10757
30440
25801
25146
1691
11657
32251
30884
20892
1288
9276
31973
26634
16236
17992
17500
9497
31016
17557
19508
30100
32495
16345
24029
14973
13769
12492
22460
16116
18791
11567
28193
17753
5299
32269
30842
28597
30892
27457
7879
1878
5489
24632
31566
26554
6555
19960
1168
4271
7120
28257
21371
9143
12950
19635
6625
20657
15972
14161
23849
30134
6655
32453
18757
30274
9476
9731
12260
3476
23744
26610
2024
8279
30536
13864
282
20865
13510
5365
28
24188
23314
30884
5792
1668
3970
2045
19416
336
770
26639
18733
18676
9319
29996
16180
15110
19712
3380
5854
21759
7022
20247
17135
4069
28854
29589
17841
7975
17301
9032
16105
5833
15892
28133
5642
15552
22875
18111
5289
2464
27594
10892
1329
7284
23878
21100
10712
9709
30161
6183
8145
3776
31326
28598
707
23881
3043
6662
25723
7796
31919
29944
27870
21981
4094
3244
13857
14646
22475
20991
14652
15082
9445
6738
24219
10239
15685
19598
1815
23873
19615
24420
8486
22429
17207
3290
7758
9163
5878
24323
23776
28976
6845
31245
23010
19458
24569
18306
16205
17069
22136
26311
8825
31349
7803
1769
1749
30557
16652
3480
30939
6984
17041
12148
21827
8287
17314
23944
4215
4786
9240
11284
4680
3362
23654
5776
31199
15742
301
17645
24054
29676
9482
13854
23880
16779
3251
29655
4933
27222
26946
13205
17675
11852
3280
2270
23186
11726
19782
3274
30758
27976
2416
7874
19483
15379
1107
8840
25788
666
2753
24439
8836
15292
5930
25869
6801
7538
26549
6310
32085
13490
14991
20618
21903
30867
9347
8234
13177
6321
13772
14759
6211
2771
24871
2196
13761
7115
22828
27133
22113
1950
22493
9640
351
23781
1152
3226
12092
12147
27562
24797
8812
24120
15773
27265
14415
28773
18131
24033
18018
19921
22235
30504
22455
22172
2404
28435
24226
7698
9624
11512
11958
19666
1963
23047
21231
28207
18611
14800
5169
11478
6330
27653
17393
17073
32529
31617
7986
8204
29928
24202
23988
3575
3612
19539
16744
20459
9296
3013
14886
2224
14399
8063
29090
26237
32080
29468
21405
23138
17260
28084
26200
24291
13068
3493
1870
4582
3990
29075
24610
9679
29673
29357
10199
28137
15670
13362
1087
2568
6163
19508
8118
30060
25546
27037
18192
31977
24567
7023
9167
24645
22610
7504
26265
8930
17097
19781
30186
20380
978
11966
29959
13301
19711
7891
14131
22128
18898
7629
29476
11322
3796
20968
19128
21007
32481
10071
31461
19548
6854
12681
18414
4769
28430
12715
31197
27162
5144
26222
32045
21406
29805
2314
31687
4295
19793
7043
560
1107
7576
27690
1280
29130
30395
29288
23190
24673
25643
26807
32010
9503
23781
18417
10339
22590
29511
1997
10506
14804
14114
18598
28287
18867
32272
19071
13899
5773
1544
21829
25398
2140
9775
30291
21689
10752
497
14140
21174
13866
29265
12740
24935
27514
6525
9519
4501
27620
21670
28863
8458
11096
14
6008
32584
12706
16739
12582
2683
13199
19531
27809
6317
18257
21824
1872
8505
14372
9886
24044
6786
15666
3066
31366
24548
6068
1974
17356
13291
23643
1746
12680
12995
27630
1797
10857
18672
24372
25357
28422
575
27156
14659
13856
17661
31227
8306
24103
19814
4990
7913
22528
32096
13121
6095
12038
21610
13847
8887
21071
9167
3178
372
816
21279
15582
10287
3331
18655
31281
2999
10791
19328
20582
10775
14921
28302
11554
366
11746
24618
18262
26875
19201
10938
10782
120
12107
16095
26345
10665
13120
22952
13019
16436
4800
6917
29551
947
32461
24702
32353
26632
31890
14372
4299
16368
13732
32712
16782
30172
7561
1132
29427
18172
4215
13815
1938
13468
20317
17197
24179
8115
32040
12765
