100
27471
28900
12887
10202
18542
5965
15629
26659
22416
9772
22238
21924
13168
9636
7795
12084
3865
28128
30551
17916
17310
19961
9553
31613
26124
6682
12786
24789
31133
25826
20586
23357
4654
26633
13216
29143
31475
24647
2689
10407
13674
24689
5783
3294
25741
24550
4318
22111
30796
2089
20692
17020
11578
1487
27088
3072
13447
24732
12948
9331
6190
7913
27429
4761
12143
14408
29915
6716
14208
7019
20660
4395
25728
19266
22509
1411
32428
22372
25300
6445
24533
13232
20952
13992
25874
13108
11490
777
10418
10830
19688
12608
6260
31760
17343
6812
15355
5865
30256
16530
