1000
27445
8449
1046
14303
1561
7319
23497
17309
21395
26189
23421
21572
32665
8337
26865
4451
18697
11798
15906
26326
24290
27186
20507
8264
7604
16516
6157
24055
16725
26585
29346
18103
24278
17488
2447
6970
15029
13501
31593
3726
20308
20300
13753
2023
6058
20839
13650
12703
29241
18137
8418
31099
12352
11315
29128
26160
9521
4206
7973
26150
19045
31187
32566
31611
19215
4632
21217
26955
3183
24012
12173
17967
1608
757
15159
6147
32659
25335
28354
23789
885
2999
21135
9626
8815
17409
26958
9419
21461
14119
15636
22545
2945
1003
17069
11732
22472
12959
1843
19610
7085
22155
23519
24454
14677
24207
29728
3103
16571
22794
10730
30036
30373
12026
23633
28604
18391
6756
7254
19234
31878
23542
7169
21824
16399
29675
5040
31179
20713
25135
4526
9136
27864
12739
26631
17310
19812
21348
11419
8132
18570
2919
32626
20700
27057
30440
2895
4200
5856
27683
29832
15419
5677
14882
10772
13116
1913
2969
19686
28519
9818
28942
8569
276
26713
22076
16301
20348
19294
26298
29905
17017
26728
9688
3073
14733
7809
15818
28850
29734
27122
18952
24459
20256
15283
8436
6519
31628
25893
24765
19704
4784
27651
17284
10686
11086
23190
32446
21112
21546
24617
12762
8426
6086
21949
10275
28735
28016
31486
29159
24993
15230
32629
6361
20232
20185
11262
29620
24655
27576
16509
23841
30349
23470
22989
20955
24994
7399
29689
14865
5136
5807
23727
25100
18701
30515
10737
26129
20694
7820
2318
5513
30533
15097
31185
4447
14502
31340
18936
10666
14535
30025
25831
16012
12366
13930
19358
10329
17487
1126
18665
27388
31774
20499
13782
14487
18786
27721
25196
1898
22123
29417
30362
16118
3782
31518
24430
16482
5646
1251
7304
19997
8452
15814
461
5829
25826
747
16736
26440
4333
17491
20942
18505
1610
11614
1160
2757
16914
13967
24727
2038
11689
1168
5515
6263
18763
14454
6836
1706
25831
5445
20117
87
23345
7863
10902
19349
755
5433
24313
17134
19107
29495
27407
23742
12859
20377
1452
16860
5957
18830
27096
14204
1845
24968
23495
24660
3068
25480
31244
6398
9946
18075
12041
29598
28020
9636
22186
5828
32038
13661
27731
916
14490
23449
21782
1828
922
19404
6698
23333
28962
19660
10136
14790
6074
3033
25400
26837
2
8412
12252
39
24975
10220
12491
28475
8693
5142
24945
1562
18981
8030
21844
1409
26106
31745
13386
31298
526
11005
18154
26600
15314
7123
10048
1690
6110
31116
27077
6210
4741
18682
21133
6382
7853
15424
27331
20086
1757
24469
2643
31583
25752
836
10726
14591
8682
1783
4371
15586
14656
27190
13523
3437
10109
17963
23094
27073
17481
5288
20821
26850
29868
26731
23688
5145
27613
31392
6105
150
28244
12711
29880
11354
19238
1304
7664
8788
32658
25348
22489
10698
14551
31358
12495
1275
10313
3930
5604
771
23972
15157
8146
26878
7072
16310
11316
30320
23238
19986
5877
2277
28289
26582
10248
8916
120
15585
2393
22985
22043
10927
22788
28611
5244
16606
11206
7131
30305
28394
5040
17959
10391
16188
32547
15070
16521
17251
1016
6333
273
5537
27391
32425
24973
5033
4011
15509
2870
13991
26635
2982
16557
11393
18684
4501
25559
5724
15006
13142
3563
4195
28932
31479
28105
26307
15664
5322
24718
7162
2622
10182
30821
9298
15071
3371
26016
31400
31497
11109
30215
29298
23021
30771
7791
27393
16426
26120
17039
18435
5696
16562
12048
21323
12103
15673
31203
27605
19425
16650
15575
9732
18797
9300
24171
16687
20861
29619
23776
5724
7562
29964
20371
25675
8935
29624
4746
7351
15092
6116
20557
5848
7060
19767
24055
19244
13281
31926
7564
31863
16670
7653
23181
29193
12268
25391
21706
10047
7617
1416
28024
5196
3735
29521
10883
29753
10977
26236
1062
11307
6595
9712
12472
14309
19330
30255
25289
16269
18490
32054
11629
15027
22223
7589
728
17551
4133
3359
299
1418
12948
10740
398
22017
18838
21501
7551
32325
32195
19656
7785
14310
8448
25333
2937
21553
19187
27872
18861
11255
6586
22145
558
15504
27356
18064
17119
5664
8319
7916
3382
32537
18140
23613
18251
28929
11761
6360
17198
21110
19317
14052
20606
4719
30993
30139
3127
2244
25293
30355
25292
16369
14793
29790
30838
3095
32557
13039
27595
4931
31586
26973
9874
10995
13699
11180
12502
11990
32526
6058
14905
13524
26592
18712
19851
16974
11872
22794
25243
26279
32762
27793
16973
24323
7631
5782
28909
10062
14762
4361
4803
7297
7990
4412
32488
5152
32111
15241
29784
3335
25687
31291
9543
23911
19178
15276
3257
524
12627
23466
16973
29409
13152
15391
16473
8373
7988
20721
20540
63
25660
9000
4336
18016
28260
3919
19423
14761
16778
17180
3064
15645
26930
15955
11009
30776
4220
23271
18735
16432
22100
8290
25332
9850
12777
26248
31000
20624
31584
2871
32523
31986
27849
16274
890
22890
12114
12383
18208
3733
18618
3500
13791
9375
32009
13753
30223
9550
30847
1810
534
8002
21962
7676
56
28283
21628
274
19633
28187
21435
304
27137
30573
25914
20624
19336
21031
3177
5427
11858
31212
32233
31363
29748
23829
29507
1590
13592
30897
26329
13429
31381
30154
19485
7998
22979
11243
6144
13575
24397
11486
11694
17060
455
15802
888
21610
3650
24862
5137
12949
17182
22199
28670
31975
3360
13320
840
10642
6852
31338
25460
27480
14805
20049
14772
17137
13114
13266
7519
16301
6419
29794
29343
13146
15109
4577
8554
23912
13521
27351
14515
20811
19244
29693
20961
7201
2763
11007
18560
28053
23997
9856
6710
18435
2813
26462
761
31709
21576
20280
10624
29261
9772
24622
28663
2843
3682
10728
15607
4562
27741
2010
20661
3614
4131
5318
31354
29561
15196
30594
16979
29702
14504
27899
23305
31421
32054
13178
28755
4297
2195
15142
9547
12846
30399
16331
22303
21935
30854
12249
30729
11247
9741
1200
5761
22998
24492
28698
25777
12854
12539
793
21545
12975
27184
12772
6612
18384
25512
22828
11818
7294
8131
10403
7592
30874
16117
5823
15741
29406
31258
16827
6279
31240
5898
25056
10365
31035
2926
12546
12142
7074
16850
27469
17770
29526
13563
19778
28287
1922
21882
13052
19687
3525
28033
15544
