1000
56
2
63
39
150
87
120
276
273
299
304
274
398
755
524
455
461
534
728
526
558
747
793
888
761
757
836
771
840
890
885
916
1016
1046
922
1003
1304
1160
1126
1062
1168
1251
1200
1562
1409
1418
1275
1416
1452
1561
1610
1590
1608
1706
1690
1810
1783
1757
1828
7973
1898
1913
1843
1845
2023
1922
2010
2763
2038
2643
2277
2195
2447
2393
2244
2318
2757
2622
2813
3359
2870
2843
3382
3033
2895
2871
2919
2937
2926
2969
2945
2982
3064
2999
3068
3095
3360
3103
3127
3073
3177
3257
3371
3183
3335
3650
3563
3525
3437
3682
3614
3500
3726
3735
3733
4195
3919
3782
3930
4131
4011
4133
5318
4200
4206
4803
5040
4220
4297
4784
4371
4336
4333
4361
4412
4746
4741
4451
4447
4562
4501
4577
4526
4632
4719
5033
4931
5040
5427
5288
5136
5137
5196
5142
5145
5244
5152
5322
5513
5433
5445
6970
5515
5537
5677
5604
5724
5664
5646
5724
5696
6058
5782
5761
5807
5957
5823
5829
5848
5828
5856
5898
5877
6074
6210
6058
6116
6086
6110
6105
6157
6147
6144
6263
6279
6360
6333
6398
6419
6361
6382
6595
6519
6710
6698
6586
6612
6852
6756
6836
7085
7072
7060
7074
7131
7123
10248
7169
7162
7201
7294
7254
7297
7319
7304
7664
7551
7399
7351
7519
7564
7562
7617
7592
7589
7604
7631
7653
8030
7676
7785
7791
7863
7809
7820
7916
7853
7988
7998
7990
8002
8132
8131
8290
8264
8146
8319
8448
8373
8337
8418
8412
8436
8426
8452
8449
8569
8554
8682
9712
8693
8916
8788
8815
9298
9136
8935
9000
9375
9300
9543
9741
9521
9550
9419
9547
9732
9636
9626
9688
9850
9772
9946
9818
9856
10048
9874
10047
10136
10062
10220
10109
10182
10275
11689
10313
10329
10403
10365
10391
12739
10624
10642
10698
10686
10666
10728
10726
10737
10772
10730
10740
11009
10883
10977
10927
10902
10995
11086
11005
11007
11247
11180
11109
11354
11243
11255
11206
11262
11486
11732
11316
11307
11315
11419
11629
11393
11614
11694
11798
11761
12627
11818
11858
12026
11872
11990
12762
12041
12048
12703
12114
12103
12777
12142
12249
12173
12252
12383
12366
12268
12352
12539
12472
12491
12772
12502
12711
12495
12546
12854
12948
12846
12859
13429
12975
12949
12959
13052
13039
13114
13142
13320
13116
13146
13178
13281
13152
13266
13386
13501
13661
13521
13524
13523
13650
13575
13563
13699
13592
13753
13791
13753
13782
13930
14761
14515
13991
13967
14052
14454
14119
14487
14204
14310
14303
14309
14504
14490
14551
14535
14502
14591
14733
14656
14677
14793
14762
14805
14772
14865
14882
14790
14905
15509
15142
15027
15006
15029
15092
15070
15071
15157
15109
15097
15159
15585
15196
15544
15391
15241
15230
15276
15419
15283
15504
15314
15424
15575
16310
15636
15586
15607
16117
15664
15645
15741
15673
15802
15818
15906
15814
15955
16188
16269
16274
16012
16118
16301
16301
16331
16670
16509
16399
16369
16426
16516
16432
16473
16521
16482
16562
16571
16557
16650
16606
16973
16914
16687
16778
16850
16827
16725
16736
16973
16860
17060
16974
17069
17039
16979
17017
25559
17119
17137
17134
17182
17180
17198
17481
17251
17309
17284
17409
17310
17488
17487
18137
17959
17491
17967
17551
17963
17770
18016
18075
18103
18064
18140
18505
18154
18251
18208
18384
18490
18435
18391
18435
18570
18560
19425
18618
18665
18735
18697
18682
18684
18701
18712
18936
18786
18763
18830
18838
18797
18861
20942
19045
18981
18952
19107
20721
19187
19178
19215
19238
19234
19244
19244
19317
19330
19336
19294
19349
19404
19358
19656
19660
19610
19423
19485
19778
19686
19633
19704
19687
19767
20371
19812
20280
20049
19851
19997
19986
20117
20086
20232
20185
20308
20300
20256
20348
21133
20499
20377
20661
20507
20606
20540
20557
20694
20624
20713
20700
20624
20821
20811
20861
20839
21031
20955
20961
21110
21323
21135
21112
21217
21348
21395
21553
21435
21461
21546
21501
21576
21545
21572
21628
21844
21610
21824
21782
21706
21882
21949
21935
22076
22123
21962
22017
22100
22043
22155
22145
22186
22199
22303
22223
22794
22489
22472
22545
22828
22788
22794
22890
22989
22985
22979
23094
22998
23021
23305
23181
23190
23238
23333
23271
23495
23345
23421
23470
23449
23466
23519
23497
23613
23633
23542
23688
23789
23776
23727
23742
24492
23841
23912
23829
23911
24055
24012
24171
23997
23972
24278
24055
24207
24313
24290
24323
24617
24397
24622
24430
24469
24454
24459
24993
24655
24945
24660
24718
24862
24727
24765
24968
24975
24973
25332
24994
25243
25100
25056
25135
25293
25289
25196
25333
25292
25752
25335
25391
25348
25400
26930
25460
25480
25660
25512
26129
26298
25675
25777
25687
25831
25826
25831
26016
25893
26120
26150
25914
26106
26160
26236
26279
26189
26248
26713
26329
26307
26326
26635
26462
26440
26582
26592
26585
26631
26600
26728
27388
26837
26865
26731
26850
26878
26955
26958
27057
26973
27077
27073
27096
27137
27186
27122
27184
27331
27356
27190
27351
27391
27407
27393
27480
27576
27595
27445
27469
27613
27605
27683
27731
27651
27721
28932
28016
27741
27793
28033
27864
27899
28020
27849
27872
28187
28105
28024
28053
28283
28244
28260
28394
28289
28287
28354
28519
28475
28604
28735
28670
28698
28611
28663
28850
28755
28929
28909
28942
29128
28962
29159
31628
29241
29261
29193
29298
29406
29346
29343
29409
30373
29748
29417
29495
29526
29507
29521
29675
29561
29619
29620
29598
29624
29689
29734
29702
29693
29728
29832
29784
29753
29790
29868
29794
29880
30320
30025
29964
29905
30036
30215
30223
30139
30154
30255
30349
30305
30729
30399
30440
30355
30362
30515
30533
30847
30821
30594
30573
30776
30771
30838
30874
30854
31258
30897
30993
31035
31000
31099
31179
31187
31116
31185
31240
31212
31203
31291
31244
31381
31338
31298
31354
31340
31358
31421
31363
31392
31400
31486
31479
31583
31518
31497
31584
31586
31709
31593
31611
31774
31745
31863
31926
31878
32009
31986
31975
32038
32547
32054
32111
32054
32537
32425
32195
32488
32233
32526
32446
32325
32523
32626
32629
32557
32566
32665
32762
32658
32659
