100
777
1487
1411
6260
2089
5965
2689
3294
3072
5783
3865
4318
6190
5865
4395
4761
4654
6445
6716
6682
7019
6812
9553
7795
7913
9636
9331
10407
9772
10202
12143
10418
10830
11578
11490
12608
12084
13992
12786
12887
13108
12948
13168
13232
13216
13674
13447
14408
14208
15355
20692
17020
15629
17310
16530
17343
19266
17916
18542
19961
19688
20952
20586
20660
22238
22111
21924
22372
22509
22416
27088
23357
24533
27471
24732
24550
24689
24647
24789
25728
25300
25826
25741
26124
26659
26633
25874
28128
27429
28900
29143
30551
29915
30256
31760
32428
30796
31475
31133
31613
