10000
14
7
20
68
20
32
41
37
32
26
28
35
32
43
49
48
68
67
83
77
90
78
97
123
97
98
105
102
99
118
102
120
123
122
150
139
128
127
130
142
136
144
143
210
150
161
150
151
166
154
169
220
207
175
179
187
185
197
190
200
204
201
203
220
226
225
229
252
236
360
268
267
270
280
280
278
280
281
290
286
282
287
296
294
296
348
297
301
297
299
305
318
311
309
315
362
322
319
330
336
351
333
336
356
438
366
371
369
382
372
393
390
394
398
408
396
417
417
419
421
445
446
445
446
450
449
458
614
469
463
475
493
477
476
481
495
481
497
485
503
489
511
508
533
513
523
513
515
549
526
542
527
551
552
551
560
554
877
560
564
561
573
572
575
593
580
579
636
584
589
584
589
597
593
606
598
615
607
634
619
633
804
688
646
649
650
659
652
662
659
664
675
666
683
666
677
673
725
690
696
710
718
709
697
707
724
717
723
727
855
730
746
802
755
762
770
765
768
767
800
787
779
810
798
794
805
801
800
805
839
816
815
817
823
828
855
845
851
848
866
863
877
874
875
878
888
881
879
885
883
884
892
884
888
949
895
892
893
907
947
909
897
905
916
914
909
926
927
1026
948
958
962
953
964
964
982
984
973
991
977
984
978
994
1018
1000
997
1004
1035
1022
1052
1041
1044
1042
1112
1058
1072
1063
1067
1073
1075
1075
1076
1209
1079
1086
1085
1091
1087
1096
1092
1135
1098
1105
1103
1107
1144
1110
1114
1107
1132
1122
1133
1138
1137
1133
1139
1152
1159
1167
1165
1162
1166
1180
1189
1184
1168
1185
1213
1200
1194
1202
1377
1253
1220
1223
1234
1233
1262
1239
1235
1239
1249
1245
1255
1251
1259
1258
1265
1276
1269
1275
1270
1272
1311
1280
1283
1277
1285
1291
1288
1306
1292
1293
1331
1316
1332
1324
1319
1329
1390
1342
1339
1333
1344
1343
1349
1349
1344
1352
1377
1356
1354
1361
1355
1375
1365
1364
1366
1377
1390
1384
1377
1383
1386
1386
1388
1630
1391
1395
1411
1398
1403
1427
1614
1427
1433
1430
1432
1438
1433
1436
1447
1442
1448
1447
1470
1466
1463
1454
1450
1451
1460
1456
1472
1475
1536
1475
1499
1477
1486
1515
1502
1499
1500
1534
1502
1548
1503
1507
1507
1518
1532
1529
1524
1527
1547
1544
1548
1561
1587
1563
1566
1575
1566
1570
1570
1591
1599
1575
1571
1577
1576
1606
1578
1630
1608
1633
1612
1624
1624
1620
1623
1638
1625
1634
2024
1639
1656
1660
1658
1665
1660
1661
1667
1675
1668
1668
1683
1677
1689
1683
1681
1688
1872
1691
1690
1702
1699
1691
1714
1714
1699
1715
1722
1725
1716
1727
1741
1740
1763
1747
1746
1749
1748
1766
1754
1767
1757
1769
1769
1776
1799
1788
1787
1791
1789
1790
1809
1797
1796
1801
1809
1806
1833
1814
1828
1815
1814
1822
1825
1825
1826
1856
1834
1832
1841
1851
1844
1850
1858
1858
1863
1858
1870
1873
1872
1924
1879
1880
1881
1878
1873
1876
1884
1882
1883
1891
1894
1889
1899
1915
1908
1903
1911
1909
2056
1921
1921
1923
1925
1925
1923
1930
1963
1937
1950
1938
1955
1952
1966
1979
1968
1989
1972
1974
1982
1977
1988
2017
1997
1988
1990
1997
1993
2004
2024
2014
2014
2020
2018
2034
2028
2045
2038
2044
2041
2047
2047
2046
2053
2048
2114
2054
2056
2101
2065
2088
2082
2078
2090
2085
2107
3466
2120
2123
2140
2131
2123
2140
2151
2141
2167
2176
2152
2192
2194
2173
2196
2197
2209
2201
2201
2207
2206
2221
2211
2215
2224
2224
2247
2244
2245
2248
2246
2249
2265
2264
2255
2270
2306
2279
2271
2279
2284
2284
2295
2292
2301
2316
2310
2304
2310
2314
2313
2314
2342
2322
2318
2326
2330
2329
2330
2338
2342
2338
2343
2342
2377
2350
2359
2349
2351
2350
2360
2360
2375
2379
2372
2368
2375
2382
2382
2386
2389
2384
2389
2399
2405
2400
2399
2404
2401
2426
2416
2416
2411
2409
2413
2424
2418
2451
2431
2431
2456
2438
2458
2442
2462
2461
2474
2464
2489
2481
2481
2479
2500
2511
2500
2517
2523
2519
2523
2530
2525
2539
2529
2537
2540
2546
2541
2555
2548
2549
2548
2552
2554
2552
2565
2555
2563
2568
2568
2725
2568
2610
2574
2570
2581
2630
2606
2592
2615
2627
2640
2633
2636
2635
2638
2637
2651
2642
2646
2642
2649
2660
2655
2653
2661
2697
2664
2678
2663
2680
2708
2681
2697
2683
2704
2703
2705
2708
2718
2710
2710
2716
2753
2720
2735
2726
2723
2728
2746
2736
2736
2742
2745
2750
2753
2751
2754
2751
2758
2801
2760
2765
2765
2766
2769
2771
2768
2776
2776
2795
2785
2795
2792
3467
2837
2835
2815
2818
2833
2827
2835
2870
2837
2844
2841
2850
2845
2855
2864
2854
2852
2874
2881
2880
2890
2881
2888
3015
2890
2891
2890
2891
2902
2892
2891
2893
2893
2909
2904
2916
2913
2927
2930
2927
2931
2928
2940
2940
2940
2951
2946
2947
2970
2954
2979
2962
2955
2969
2986
2984
2983
2986
2985
2994
2994
2996
2995
3013
2996
2999
2996
3015
3010
2999
3021
3079
3022
3032
3031
3039
3065
3045
3043
3080
3065
3050
3059
3067
3066
3080
3622
3110
3101
3087
3082
3118
3108
3093
3119
3158
3119
3142
3125
3163
3162
3768
3163
3171
3171
3181
3178
3224
3194
3190
3187
3185
3193
3196
3188
3203
3209
3217
3219
3213
3220
3226
3223
3224
3313
3310
3238
3231
3244
3241
3240
3251
3291
3253
3261
3254
3290
3268
3265
3274
3270
3275
3307
3279
3282
3280
3291
3291
3302
3294
3305
3309
3309
3380
3321
3321
3339
3362
3326
3322
3331
3366
3356
3367
3384
3375
3379
3378
3383
3473
3393
3386
3395
3414
3402
3396
3404
3402
3412
3406
3484
3424
3415
3431
3430
3457
3440
3449
3448
3475
3460
3480
3476
3485
3478
3491
3486
3492
3492
3539
3498
3503
3495
3493
3508
3539
3518
3547
3547
3540
3546
3545
3552
3551
3565
3553
3566
3850
3575
3569
3576
3579
3576
3592
3612
3607
3598
3608
3609
3609
3614
3612
3620
3626
3623
3620
3630
3623
3638
3642
3676
3652
3670
3662
3670
3664
3680
3674
3688
3687
3697
3697
3695
3696
3717
3706
3716
3862
3720
3729
3738
3741
3741
3729
3723
3743
3745
3744
3758
3755
3757
3766
3782
3768
3772
3768
3776
3790
3783
3821
3792
3790
3810
3796
3793
3808
3804
3818
3812
3820
3814
3841
3822
3883
3844
3851
3846
3863
3847
3879
3870
3887
3886
3900
3895
4382
3904
3933
3910
3920
3917
3919
3923
3923
3923
3930
3925
3930
3935
3949
3944
3954
3954
3959
3983
3970
3966
3962
3973
3968
3968
3975
3984
3983
3989
3984
3994
3990
4043
4001
3994
4002
4024
4004
4003
4044
4011
4014
4018
4015
4020
4014
4030
4023
4031
4031
4043
4337
4051
4051
4055
4054
4070
4090
4064
4107
4069
4079
4073
4066
4076
4073
4094
4092
4102
4109
4108
4108
4119
4111
4121
4293
4134
4127
4271
4140
4171
4137
4134
4160
4148
4193
4188
4185
4189
4196
4200
4199
4200
4261
4201
4232
4212
4206
4202
4209
4215
4216
4238
4215
4237
4232
4243
4258
4255
4250
4265
4255
4263
4260
4371
4271
4277
4274
4281
4295
4294
4282
4293
4290
4283
4286
4295
4311
4301
4299
4314
4314
4338
4324
4328
4353
4329
4329
4362
4341
4463
4375
4372
4369
4376
4373
4378
4377
4380
4380
4385
4381
4380
4381
4383
4422
4386
4385
4404
4405
4397
4410
4407
4419
4426
4421
4436
4441
4437
4433
4439
4452
4456
4449
4458
4473
4472
4508
4480
4480
4484
4495
4488
4507
4501
4512
4519
4514
4514
4522
4642
4529
4523
4600
4531
4530
4540
4531
4547
4549
4548
4547
4549
4553
4572
4554
4553
4570
4561
4582
4574
4584
4575
4599
4594
4613
4604
4629
4615
4618
4617
4625
4622
4638
4633
4633
4684
4645
4639
4662
4646
4651
4649
4650
4668
4670
4667
4673
4680
4680
4680
4685
4684
5501
4689
4691
4695
4692
4690
4699
4695
4708
4706
4738
4716
4715
4740
4729
4716
4728
4730
4729
4733
4732
4732
4735
4759
4738
4747
4747
4754
4754
4760
4760
4758
4766
4764
4766
4766
4766
4767
4769
4888
4771
4769
4778
4778
4786
4785
4835
4791
4800
4793
4818
4804
4800
4805
4815
4812
4809
4838
4835
4817
4832
4838
4875
4839
4848
4845
4842
4848
4898
4855
4848
4859
4857
4861
4909
4866
4864
4877
4888
4914
4891
4878
4905
4892
4909
4909
5015
4927
4925
4953
4933
4929
4949
4930
4939
4936
4947
5019
4955
4976
4974
4983
4980
4983
4990
4984
4991
4984
4990
5004
4996
4998
5001
4999
5000
5093
5004
5015
5005
5033
5018
5020
5100
5036
5037
5054
5047
5039
5054
5075
5056
5065
5064
5089
5078
5084
5110
5096
5094
5090
5097
5097
5101
5103
5110
5106
5117
5118
5113
5130
5124
5188
5135
5135
5132
5141
5171
5159
5144
5142
5169
5151
5169
5168
5170
5184
5179
5170
5175
5181
5181
5186
5198
5186
5196
5188
5200
5189
5205
5206
5206
5206
5219
5207
5207
5215
5213
5262
5222
5236
5407
5240
5261
5299
5268
5265
5289
5281
5319
5304
5291
5306
5314
5392
5349
5322
5353
5323
5359
5328
5348
5337
5360
5401
5368
5365
5364
5374
5381
5377
5378
5417
5387
5428
5401
5400
5421
5402
5463
5430
5433
5435
5433
5441
5433
5445
5453
5446
5456
5450
5475
5460
5480
5474
5477
5489
5482
5482
5487
5484
5685
5500
5497
5494
5505
5498
5529
5525
5707
5530
5563
5544
5541
5529
5544
5560
5553
5550
5556
5570
5567
5567
5580
5583
5582
5580
5584
5613
5603
5595
5619
5620
5634
5623
5631
5642
5636
5651
5641
5644
5668
5656
5652
5656
5681
5665
5665
5656
5666
5658
5668
5678
5700
5685
5683
5709
5685
5697
5695
5706
5697
5708
6842
5716
5721
5731
5745
5728
5726
5723
5732
5754
5743
5741
5754
5743
5757
5764
5762
5786
5768
5780
5773
5786
5776
5909
5792
5792
5794
5798
5800
5799
5810
5828
5807
5801
5812
5826
5816
5829
5904
5862
5833
5830
5848
5847
5848
5854
5885
5855
5873
5864
5857
5878
5900
5893
5887
5900
5895
5906
5916
5909
5912
6002
5931
5922
5921
5930
5936
5933
5965
5941
5953
5966
5966
6145
5970
5975
5983
5974
5985
5984
6008
5998
5994
5994
5986
5993
6000
5995
5995
6030
6008
6001
6031
6010
6040
6033
6067
6060
6054
6064
6068
6068
6069
6075
6075
6461
6078
6081
6080
6152
6082
6084
6163
6087
6094
6095
6084
6095
6095
6102
6098
6096
6100
6106
6105
6104
6107
6111
6123
6110
6127
6125
6139
6135
6148
6147
6143
6152
6163
6160
6165
6178
6172
6172
6182
6181
6193
6183
6198
6195
6195
6200
6252
6200
6205
6204
6211
6210
6222
6223
6224
6224
6242
6238
6235
6241
6246
6246
6247
6321
6279
6275
6292
6281
6293
6282
6286
6283
6289
6289
6294
6294
6310
6299
6310
6320
6317
6312
6314
6326
6324
6330
6329
6338
6331
6339
6336
6342
6355
6352
6344
6354
6360
6354
6363
6369
6368
6383
6376
6404
6385
6387
6391
6387
6387
6417
6399
6409
6441
6440
6428
6456
6444
6441
6453
6446
6456
6449
6473
6460
6457
6477
6473
6470
6472
6489
6502
6492
6501
6494
6492
6499
6496
6501
6510
6504
6504
6509
6508
6532
6512
6516
6515
6523
6521
6525
6531
6544
6526
6555
6539
6537
6552
6549
6585
6556
6573
6570
6557
6558
6567
6565
6571
6578
6577
6583
6619
6596
6605
6604
6628
6619
6605
6631
6619
6636
6625
6804
6639
6672
6646
6645
6648
6662
6649
6656
6655
6663
6660
6673
6666
6666
6675
6675
6680
6689
6684
6688
6695
6692
6697
6716
6704
6698
6729
6704
6741
6738
6713
6709
6711
6711
6745
6732
6767
6750
6754
6746
6758
6765
6762
6775
6786
6776
6801
6792
6788
6796
6845
6801
6803
6802
6827
6813
6838
6818
6829
6846
6840
7496
6854
6850
6862
6854
6869
6863
6882
6896
6878
6888
6880
6902
6902
6901
6904
6963
6907
6905
6918
6907
6932
6914
6909
6917
6933
6935
6944
6941
6937
6946
6960
6955
6971
6966
6965
6974
6974
6979
6975
6977
6976
7114
6984
6983
6992
6986
7011
7028
7011
7022
7024
7018
7029
7023
7034
7030
7029
7034
7046
7037
7037
7043
7064
7046
7053
7049
7048
7058
7060
7060
7060
7065
7078
7074
7236
7083
7099
7086
7090
7102
7088
7107
7113
7110
7115
7111
7115
7115
7120
7131
7167
7124
7120
7129
7125
7164
7130
7148
7146
7153
7147
7159
7158
7169
7162
7171
7170
7178
7177
7182
7188
7187
7205
7205
7249
7212
7220
7224
7211
7230
7235
7234
7236
7238
7240
7242
7251
7241
7240
7244
7242
7256
7254
7263
7267
7261
7270
7263
7269
7267
7281
7271
7538
7282
7295
7284
7295
7288
7290
7327
7303
7301
7316
7314
7327
7332
7344
7343
7552
7348
7360
7350
7365
7362
7365
7509
7381
7374
7388
7381
7401
7385
7397
7395
7521
7402
7403
7416
7403
7425
7504
7430
7451
7454
7435
7454
7453
7458
7455
7471
7460
7461
7503
7473
7473
7474
7499
7478
7503
7503
7508
7507
7509
7557
7522
7520
7538
7536
7526
7539
7558
7543
7549
7549
7786
7567
7564
7561
7572
7576
7575
7582
7577
7577
7580
7590
7593
7587
7594
7606
7597
7596
7600
7603
7671
7611
7606
7610
7626
7613
7628
7617
7629
7632
7723
7641
7660
7646
7650
7650
7664
7666
7678
7672
7668
7681
7684
7684
7688
7685
7689
7687
7690
7689
7698
7695
7755
7705
7705
7718
7709
7710
7740
7746
7723
7735
7721
7741
7743
7743
7753
7758
7757
7765
7758
7798
7766
7796
7769
7769
7776
7776
7780
7830
7796
7822
7803
7830
7818
8072
7854
7836
7835
7834
7836
7853
7850
7855
8010
7862
7857
7865
7878
7874
7879
7878
7917
7896
7880
7891
7891
7928
7920
7906
7928
7916
7907
7913
7926
8046
7940
7951
7948
7961
7958
7961
7969
7969
7970
7975
7971
7971
8002
7986
7981
7978
7986
8008
7995
8013
8002
8020
8061
8039
8027
8023
8032
8043
8039
8043
8048
8094
8052
8061
8054
8058
8063
8063
8065
8086
8080
8074
8094
8085
8099
8104
8103
8113
8135
8126
8117
8115
8118
8127
8120
8124
11156
8137
8136
8143
8140
8145
8150
8146
8147
8153
8153
8156
8166
8156
8156
8159
8159
8162
8174
8169
8168
8169
8175
8787
8185
8181
8191
8191
8190
8193
8198
8196
8203
8203
8203
8205
8204
8205
8234
8214
8234
8220
8234
8221
8233
8235
8245
8240
8445
8250
8248
8250
8279
8277
8257
8279
8291
8284
8280
8288
8287
8292
8292
8295
8646
8303
8299
8322
8304
8307
8306
8315
8323
8330
8324
8328
8338
8337
8340
8337
8342
8343
8359
8344
8344
8358
8347
8357
8370
8381
8361
8359
8370
8363
8377
8386
8405
8439
8415
8413
8430
8422
8431
8432
8456
8440
8448
8444
8451
8448
8454
8458
8458
8469
8470
8474
8562
8480
8475
8505
8486
8480
8514
8517
8515
8552
8518
8527
8525
8520
8523
8521
8537
8530
8539
8532
8538
8556
8550
8539
8546
8552
8633
8575
8564
8576
8577
8590
8576
8610
8600
8596
8590
8606
8625
8614
8629
8643
8642
8640
8645
8676
8645
8652
8648
8649
8662
8653
8655
8655
8664
8660
8679
8685
8681
8693
8687
8693
8687
8696
8688
8699
8690
8766
8703
8728
8713
8711
8736
8734
8767
8743
8741
8758
8757
8761
8770
8766
8780
8789
8785
8821
8793
8803
8810
8803
8811
8811
8823
8812
8812
8813
8823
8820
8843
8840
8831
8825
8831
8826
8853
8847
8845
8836
8843
8859
8849
8860
8924
8865
8874
8868
8865
8871
8883
8881
8885
8884
8904
8887
8886
8899
8891
8925
8901
8900
8907
8922
8904
8930
8984
8932
8933
8934
8942
8936
8951
8950
8948
8955
8952
8962
8973
8971
8976
8980
8977
8973
8977
8981
8980
8985
9028
8988
8993
8999
8994
8993
9014
9009
8994
9011
9011
9015
9036
9024
9031
9028
9033
9032
9272
9040
9049
9042
9044
9044
9059
9054
9047
9054
9060
9070
9061
9073
9072
9094
9074
9082
9076
9121
9107
9099
9110
9101
9100
9107
9111
9126
9126
9201
9127
9176
9143
9130
9127
9150
9132
9161
9153
9163
9165
9175
9167
9167
9176
9174
9226
9196
9177
9183
9182
9195
9184
9204
9200
9197
9222
9201
9254
9242
9240
9237
9244
9272
9248
9253
9285
9254
9257
9266
9263
9273
9272
9276
9296
9279
9289
9324
9297
9298
9297
9297
9309
9300
9300
9306
9318
9311
9309
9312
9319
9319
9317
9335
9330
9339
9338
9347
9343
9347
9347
9358
9354
9350
9365
9368
9358
9369
9372
9371
9396
9376
9398
9395
9386
9395
9395
9397
9404
9399
9407
9417
9412
9417
9413
9428
9423
9451
9442
9435
9432
9441
9445
9443
9452
9447
9448
9456
9461
9455
9462
9462
9731
9473
9476
9478
9478
9525
9480
9503
9485
9482
9486
9489
9486
9493
9502
9495
9503
9497
9559
9513
9511
9539
9516
9547
9519
9529
9520
9532
9521
9535
9540
9540
9548
9541
9570
9575
9561
9552
9566
9569
9576
9584
9580
9583
9604
9596
9595
9594
9600
9597
9599
9604
9743
9614
9608
9616
9626
9622
9617
9624
9624
9698
9627
9629
9627
9631
9642
9640
9634
9643
9642
9647
9647
9649
9660
9649
9665
9679
9672
9679
9675
9668
9688
9680
9683
9691
9700
9699
9701
9714
9702
9709
9708
9706
9711
9711
9734
9723
9737
9729
9724
9743
9735
9746
9737
9783
9810
9765
9752
9753
9751
9772
9766
9767
9784
9775
9796
9786
9804
9805
9801
9811
9822
9837
9818
9815
9827
9832
9819
9838
9846
9840
9857
9860
9842
9842
9840
9845
9858
9864
9877
9872
10020
9878
9882
9880
9885
9908
9908
9890
9886
9894
9912
9910
9914
9918
9915
9917
9918
9915
9921
9962
9936
9933
9944
9937
9950
9950
9952
9952
9963
9960
9961
9964
9967
9965
9965
9995
9985
9970
9985
9974
10031
10013
10005
9989
10001
9991
10019
10017
10350
10044
10035
10032
10050
10042
10048
10172
10065
10057
10071
10069
10066
10076
10070
10090
10082
10082
10087
10091
10090
10087
10092
10100
10093
10103
10102
10100
10103
10117
10109
10154
10122
10117
10122
10142
10131
10127
10135
10154
10145
10179
10149
10334
10184
10182
10362
10190
10211
10194
10215
10199
10196
10199
10204
10203
10215
10235
10223
10220
10217
10218
10221
10227
10226
10223
10237
10239
10237
10241
10253
10242
10242
10247
10261
10255
10277
10274
10280
10268
10269
10276
10273
10276
10298
10287
10307
10306
10325
10413
10326
10326
10364
10354
10339
10336
10360
10342
10352
10365
10361
10370
10472
10371
10370
10372
10490
10386
10399
10382
10397
10390
10422
10401
10420
10406
10450
10444
10423
10430
10460
10456
10463
10473
10464
10469
10465
10487
10473
10604
10528
10510
10503
10506
10497
10506
10504
10528
10520
10532
10546
10539
10534
10561
10548
10568
10604
10569
10572
10569
10579
10605
10594
10580
10582
10602
11444
10606
10611
10633
10618
10619
10626
10622
10624
10623
10628
10636
10641
10638
10636
10645
10642
10640
10645
10655
10647
10669
10665
10656
10669
10673
10685
10676
10682
10679
10692
10770
10697
10694
10697
10697
10699
10715
10703
10712
10701
10714
10732
10736
10715
10747
10719
10748
10749
10750
10758
10751
10757
10752
10760
10769
10763
10761
10769
10769
10838
10772
10775
10775
10782
10779
10804
10785
10787
10786
10790
10802
10791
10797
10805
10799
10808
10846
10819
10809
10819
10840
10833
10847
10971
10849
10852
10862
10857
10858
10869
10868
10874
10996
10876
10881
10880
10881
10976
10887
10883
10904
10892
10895
10914
10897
10910
10899
10913
10930
10922
10919
10932
10927
10925
10929
10983
10940
10938
10950
10957
10952
10958
10994
10963
10959
10966
10964
10965
10973
10971
10997
10988
10983
10977
10988
10983
10996
10991
10991
11009
10996
11029
11023
11014
11026
11028
11041
11035
11034
11045
11038
11046
11043
11061
11048
11049
11049
11052
11066
11386
11068
11074
11073
11074
11103
11080
11076
11078
11077
11085
11091
11084
11092
11096
11139
11107
11109
11108
11113
11117
11113
11126
11122
11127
11140
11127
11148
11130
11137
11137
11139
11146
11169
11149
11165
11167
11157
11168
11170
11168
11170
11175
11186
11189
11179
11175
11177
11187
11195
11194
11190
11200
11194
11205
11515
11228
11230
11214
11212
11233
11223
11233
11225
11240
11246
11235
11248
11246
11253
11366
11264
11259
11253
11257
11273
11260
11293
11284
11287
11287
11305
11299
11304
11311
11309
11317
11414
11317
11322
11318
11320
11325
11322
11326
11363
11333
11327
11341
11355
11350
11346
11360
11359
11360
11381
11360
11367
11360
11368
11387
11371
11415
11401
11391
11405
11410
11408
11421
11432
11421
11425
11421
11466
11430
11440
11437
11475
11453
11451
11441
11454
11455
11454
11466
11457
11478
11476
11461
11460
11469
11469
11471
11480
11479
11486
11494
11489
11502
11505
11504
11539
11508
11512
11512
11514
11519
11515
11518
11531
11528
11522
11543
11537
11557
11550
11549
11547
11551
11550
11554
11569
11567
11578
11568
11584
11583
11589
11613
11601
11590
11608
11609
22651
11614
11621
11624
11614
11635
11635
11639
11636
11639
11640
11639
11646
11657
11651
11693
11662
11674
11709
11697
11700
11703
11700
11701
11705
11704
11713
11726
11719
11715
11717
11783
11740
11746
11741
11760
11751
11803
11771
11779
11892
11817
11812
11820
11830
11824
11824
11838
11826
11839
11836
11841
11858
11848
11852
11851
11855
11855
12031
11859
11862
11866
11862
11870
11869
11877
11881
11892
11890
11887
11891
11891
11896
11914
11899
11906
11946
11916
11927
11923
11956
11952
11935
11929
11930
11958
11943
11937
11953
11961
11976
11966
11988
12026
11991
12016
12011
12013
12007
12018
12019
12033
12032
12034
12038
12036
12811
12038
12040
12049
12047
12043
12040
12049
12056
12051
12063
12149
12065
12067
12082
12092
12077
12095
12101
12096
12098
12098
12105
12129
12107
12107
12110
12110
12117
12110
12130
12121
12137
12272
12147
12142
12140
12144
12186
12148
12165
12160
12149
12162
12160
12179
12170
12167
12205
12177
12171
12207
12187
12181
12203
12209
12254
12233
12248
12254
12240
12264
12260
12271
12271
12275
12273
12279
12276
12287
12327
12299
12294
12290
12301
12317
12318
12310
12323
12318
12334
12328
12351
12355
12351
12355
12358
12364
12356
12370
12365
12358
12374
12368
12383
12378
12383
12629
12389
12388
12461
12392
12407
12398
12394
12421
12409
12401
12417
12423
12422
12435
12431
12430
12449
12433
12452
12440
12451
12453
12472
12465
12455
12477
12474
12463
12478
12474
12665
12487
12484
12492
12492
12499
12499
12588
12501
12536
12502
12509
12582
12510
12528
12517
12535
12529
12561
12561
12546
12536
12554
12552
12549
12560
12574
12566
12563
12565
12579
12579
12580
12581
12581
12582
12629
12599
12598
12631
12607
12616
12599
12628
12626
12630
12646
12641
12658
12650
12668
12667
12670
12924
12671
12681
12679
12680
12677
12683
12688
12687
12690
12718
12692
12706
12693
12692
12697
12696
12746
12714
12709
12715
12732
12727
12732
12832
12733
12740
12738
12737
12752
12746
12765
12753
12811
12767
12768
12768
12779
12770
12777
12814
12789
12782
12814
12804
12811
12815
12816
12830
12823
12820
12828
12828
12836
12831
12850
12848
12841
12861
12856
12852
12869
12864
12871
12882
12881
12883
12896
12892
12883
12899
12894
12903
12902
12907
12920
12903
12908
12919
12908
12909
12930
12930
12932
13864
12935
12934
12938
12950
12945
12945
13148
12964
12957
12978
12980
12984
12979
12989
12985
13019
12990
12992
12991
12993
13018
12995
12998
13031
13026
13014
13004
13010
13028
13025
13025
13037
13045
13042
13048
13102
13060
13086
13076
13071
13068
13101
13089
13103
13103
13112
13107
13114
13111
13124
13120
13121
13131
13133
13127
13144
13135
13185
13153
13151
13162
13206
13162
13163
13165
13168
13167
13181
13177
13182
13193
13197
13199
13195
13201
13205
13243
13208
13212
13208
13212
13241
13213
13218
13249
13248
13256
13255
13361
13258
13257
13262
13356
13262
13291
13280
13263
13273
13272
13296
13287
13306
13301
13338
13316
13308
13363
13316
13342
13341
13326
13317
13342
13336
13346
13341
13363
13353
13346
13362
13357
13364
13373
13428
13378
13400
13388
13381
13400
13390
13403
13404
13408
13408
13436
13425
13423
13428
13437
13435
13453
13438
13437
13447
13460
13457
13452
13457
13455
13467
13467
13471
13468
13470
13477
13487
13473
13488
13491
13490
13490
13490
15464
13492
13517
13497
13494
13499
13499
13503
13503
13521
13510
13535
13526
13529
13548
13538
13541
13540
13542
13546
13580
13550
13554
13553
13560
13557
13561
13597
13565
13567
13566
13572
13602
13577
13585
13578
13609
13591
14337
13609
13643
13615
13614
13639
13622
13621
13639
13648
13641
13642
13661
13648
13650
13653
13648
13654
13654
13664
13716
13667
13695
13675
13670
13692
13694
13694
13698
13694
13714
13714
13714
13724
13854
13726
13725
13732
13735
13735
13745
14111
13748
13755
13761
13756
13761
13760
13766
13766
13765
13769
13771
13770
13772
13777
13934
13778
13784
13779
13784
13831
13788
13787
13807
13797
13806
13822
13816
13813
13815
13828
13825
13834
13842
13840
13844
13844
13848
13846
13847
13856
13866
13857
13857
13865
13872
13883
13878
13868
13881
13883
13882
13882
13916
13886
13885
13892
13890
13917
13899
13894
13893
13897
13936
13908
13936
13929
13923
13936
13934
13944
13955
13940
13937
13957
13947
13943
13958
13991
13958
13958
13964
13960
13987
13974
13965
13973
13978
13971
13984
13985
13991
13988
14031
14006
14014
14008
14011
14024
14021
14019
14025
14026
14071
14027
14034
14044
14039
14070
14075
14055
14051
14044
14057
14075
14067
14095
14095
14100
14097
14114
14102
14111
14131
14128
14121
14120
14125
14125
14136
14130
14129
14132
14132
14130
14140
14142
14290
14144
14153
14146
14157
14155
14156
14183
14161
14159
14187
14161
14198
14184
14163
14183
14171
14199
14198
14190
14206
14210
14241
14246
14218
14212
14217
14248
14238
14249
14260
14253
14254
14251
14256
14274
14255
14276
14280
14287
14280
14296
14317
14305
14302
14304
14337
14306
14336
14333
14368
14347
14345
14350
14366
14363
14351
14356
14369
14369
14370
14372
14371
14399
14383
14372
14381
14379
14392
14387
14425
14401
14402
14402
14442
14422
14409
14417
14415
14419
14423
14439
14428
14440
14439
14446
14442
14465
14449
14448
14451
14536
14466
14456
14455
14490
14474
14457
14482
14484
14496
14492
14499
14529
14508
14500
14515
14519
14535
14509
14546
14573
14551
14574
14574
14574
14604
14579
14582
14582
14579
14584
14591
14601
14617
14616
14879
14619
14619
14622
14629
14620
14628
14634
14733
14646
14639
14659
14643
14653
14655
14648
14650
14646
14651
14658
14652
14700
14669
14687
14674
14677
14696
14679
14685
14721
14697
14710
14703
14709
14719
14712
14719
14719
14722
14720
14760
14739
14730
14732
14770
14754
14785
14755
14780
14758
14759
14801
14793
14787
14785
14795
14789
14817
14804
14800
14830
14824
14819
14809
14833
14835
14835
14837
14860
14895
14845
14837
14855
14861
14859
14860
14867
14882
14874
14886
14886
14892
14889
14950
14908
14912
14894
14902
14911
14898
14917
14921
14920
14921
14921
14926
14926
14928
14930
14930
14942
14932
14937
14957
14947
14943
14959
14948
15009
14965
14961
14973
14979
14984
14979
14983
14991
14990
15009
15010
15001
15017
15022
15021
15026
15022
15037
15058
15055
15049
15051
15059
15057
15057
15064
15070
15062
15086
15080
15075
15100
15079
15082
15082
15104
15104
15104
15124
15115
15111
15110
15116
15111
15123
15136
15192
15154
15151
15160
15164
15165
15165
15180
15173
15185
15197
15204
15191
15208
15518
15211
15211
15217
15213
15218
15223
15237
15223
15239
15238
15240
15260
15240
15252
15250
15253
15259
15264
15259
15259
15270
15268
15270
15280
15278
15278
15299
15303
15288
15287
15291
15293
15292
15295
15314
15365
15318
15318
15344
15352
15320
15351
15340
15365
15365
15355
15368
15370
15371
15379
15373
15377
15376
15379
15377
15382
15379
15386
15386
15431
15386
15390
15410
15393
15392
15400
15398
15406
15419
15407
15424
15414
15416
15421
15416
15419
15426
15426
15434
15428
15431
15436
15435
15444
15440
15455
15445
15472
15453
15460
15454
15472
15512
15475
15505
15475
15517
15511
15521
16569
15539
15523
15529
15524
15527
15588
15538
15545
15567
15565
15567
15552
15582
15579
15588
15588
15604
15592
15609
15593
15600
15616
15614
15611
15619
15616
15640
15631
15628
15630
15640
15637
15642
15644
15644
15650
15650
15646
15648
15648
15666
15652
15650
15659
15660
15659
15669
15671
15670
15681
15674
15670
15681
15675
15680
15682
17347
15683
15685
15685
15687
15691
15688
15690
15693
15692
15722
15694
15706
15703
15716
15708
15745
15724
15742
15739
15745
15738
15730
15752
15745
15739
15754
15757
15941
15761
15773
15773
15774
15774
15789
15775
15787
15792
15792
15794
15791
15796
15809
15804
15803
15811
15810
15814
15817
15817
15821
15819
15835
15824
15821
15822
15837
15829
15847
15844
15845
15860
15851
15856
15892
15878
15872
15880
15886
15884
15893
15899
15895
15902
15897
15958
15909
15909
15941
15909
15915
15929
15910
15911
15938
15929
15951
15945
15957
15966
15959
15958
15961
15960
15979
15982
15972
15971
15972
15985
15980
15984
16048
15995
15985
15996
16003
16003
16019
16007
16008
16007
16017
16027
16021
16034
16031
16031
16035
16032
16040
16048
16086
16085
16063
16080
16095
16089
16097
16091
16111
16105
16097
16106
16106
16127
16133
16116
16129
16118
16133
16124
16135
16152
16157
16150
16146
16155
16159
16159
16179
16163
16176
16173
16178
16180
16180
16186
16188
16184
16190
16256
16193
16193
16195
16243
16202
16199
16228
16205
16227
16207
16230
16209
16244
16231
16267
16260
16236
16234
16258
16243
16241
16250
16270
16590
16270
16309
16278
16280
16280
16281
16282
16283
16306
16295
16285
16314
16310
16305
16321
16326
16328
17097
16330
16329
16341
16331
16344
16349
16345
16343
16348
16357
16351
16350
16357
16372
16360
16358
16361
16366
16362
16368
16377
16375
16382
16382
16379
16385
16387
16394
16392
16388
16394
16408
16405
16424
16410
16409
16417
16411
16421
16424
16418
16423
16425
16439
16431
16439
16444
16438
16433
16442
16435
16436
16436
16439
16445
16582
16445
16452
16450
16449
16452
16453
16486
16472
16465
16460
16466
16474
16467
16486
16480
16480
16563
16499
16491
16509
16519
16515
16553
16519
16520
16519
16525
16525
16540
16534
16528
16542
16542
16557
16552
16565
16557
16563
16739
16567
16575
16583
16581
16582
16596
16588
16586
16590
16593
16591
16615
16603
16600
16604
16640
16606
16647
16640
16606
16630
16630
16646
16643
16651
16650
16650
16717
16651
16656
16652
16656
16658
16657
16658
16668
16665
16677
16674
16676
16685
16680
16681
16680
16707
16691
16710
16710
16710
16712
16711
16717
16725
16744
16730
16730
16737
16737
16736
16747
16784
16758
16752
16751
16761
16767
16763
16763
16771
16769
16780
16779
16773
16782
16793
16786
16795
16792
16829
16811
16804
16831
16812
17041
16835
16835
16839
16837
16850
16842
16858
16854
16861
16864
16880
16869
16880
16869
16882
16876
16906
16890
16886
16884
16897
16899
16900
16899
16902
17071
16971
16907
16948
16909
16943
16919
16916
16914
16919
16928
16926
16957
16952
16964
16971
16969
16964
17001
16970
16995
16990
16976
16987
16975
16988
17006
16990
17006
17012
17016
17016
17024
17023
17073
17028
17033
17031
17034
17086
17038
17034
17047
17068
17069
17040
17069
17046
17077
17073
17072
17086
17083
17093
17092
17097
17650
17312
17099
17098
17100
17111
17216
17113
17111
17112
17125
17115
17135
17132
17135
17145
17141
17139
17144
17162
17151
17146
17176
17163
17172
17293
17178
17180
17184
17182
17196
17207
17197
17226
17210
17215
17215
17230
17228
17235
17279
17236
17249
17246
17268
17260
17252
17268
17276
17269
17277
17274
17283
17278
17378
17297
17301
17299
17298
17304
17314
17306
17321
17318
17344
17321
17322
17344
17335
17349
17350
17392
17382
17354
17391
17356
17355
17366
17364
17428
17393
17417
17397
17402
17411
17405
17406
17424
17420
17466
17433
17433
17442
17437
17439
17463
17449
17451
17449
17458
17459
17467
17460
17465
17463
17469
17467
17476
17472
17472
17500
17472
17474
17475
17476
17474
17480
17490
17482
17500
17487
17695
17514
17548
17538
17535
17539
17567
17557
17541
17544
17568
17575
17575
17730
17587
17583
17596
17596
17587
17590
17598
17652
17606
17601
17613
17606
17615
17608
17632
17618
17645
17642
17652
17651
17657
17656
17661
17694
17667
17673
17670
17675
17675
17701
17676
17686
17678
17696
17700
17690
17694
17716
17715
17719
17727
17720
17723
17721
17782
17730
17747
17732
17736
17742
17736
17751
17745
17747
17758
17753
17756
17759
17776
17765
17763
17767
17792
17784
17796
17793
17915
17796
17801
17803
17814
17810
17840
17820
17830
17841
17838
17837
17854
17850
17838
17854
17856
17885
17858
17909
17859
17860
17881
17882
17864
17860
17893
17868
17892
17886
17909
17928
17913
17909
17913
17920
17913
17923
17921
17929
29355
17939
17950
17947
17945
17949
17958
18111
17970
17963
17959
17982
17965
17968
17966
17986
17984
17992
17986
18009
17991
17997
18039
18018
18039
18027
18037
18036
18082
18060
18048
18042
18043
18052
18061
18061
18070
18068
18091
18101
18080
18070
18071
18101
18090
18111
18133
18131
18112
18167
18132
18168
18138
18137
18142
18175
18172
18172
18251
18177
18179
18192
18209
18181
18199
18203
18182
18212
18216
18220
18216
18222
18221
18235
18241
18240
18243
18247
18247
18253
18272
18257
18262
18277
18275
18293
18288
18286
18289
18290
18289
18298
18291
18304
18303
18443
18305
18304
18310
18306
18331
18337
18317
18324
18318
18326
18349
18338
18353
18352
18362
18399
18371
18385
18366
18387
18399
18399
18414
18401
18405
18457
18434
18420
18417
18433
18441
18435
18441
18454
18445
18462
18465
18464
18466
22128
18472
18469
18472
18478
18476
18479
18479
18482
18955
18483
18486
18493
18496
18492
18496
18496
18524
18498
18508
18505
18528
18534
18526
18525
18534
18528
18548
18561
18557
18555
18591
18559
18557
18574
18563
18559
18592
18566
18585
18603
18598
18600
18598
18610
18602
18611
18689
18614
18614
18615
18626
18623
18616
18630
18624
18620
18624
18631
18655
18642
18640
18665
18672
18648
18671
18676
18681
18715
18681
18686
18685
18690
18688
18693
18707
18696
18706
18751
18718
18720
18720
18718
18725
18733
18750
18747
18752
18787
18755
18754
18757
18767
18767
18786
18771
18771
18778
18794
18799
18809
18791
18801
18811
18810
18811
18816
18813
18824
18817
18814
18820
18818
18830
18821
18867
18839
18834
18838
18856
18841
18846
18888
18904
18878
18881
18895
18881
18879
18888
18886
18890
18898
18916
18898
18898
18901
18900
18906
18915
18911
18924
18918
18934
18929
18958
18938
18935
18943
18940
18938
18951
18942
18945
18969
18956
18954
18965
18957
18965
18980
18986
18985
19137
18999
19007
19001
18999
19000
19011
19010
19001
19014
19014
19018
19030
19028
19038
19033
19035
19197
19039
19125
19070
19042
19039
19046
19069
19053
19047
19051
19054
19067
19064
19071
19071
19069
19074
19073
19118
19081
19075
19079
19124
19097
19092
19107
19097
19113
19116
19115
19126
19136
19127
19128
19145
19144
19153
19162
19156
19165
19163
19163
19170
19169
19181
19196
19179
19201
26508
19201
19206
19205
19212
19209
19268
19217
19212
19219
19218
19234
19227
19266
19234
19238
19234
19280
19246
19245
19254
19283
19272
19267
19273
19292
19311
19303
19297
19344
19319
19304
19305
19324
19310
19328
19344
19328
19329
19342
19332
19353
19672
19361
19362
19363
19367
19374
19374
19388
19382
19379
19382
19393
19398
19393
19400
19399
19423
19405
19409
19418
19416
19422
19430
19422
19427
19423
19435
19448
19449
19440
19451
19449
19452
19458
19457
19467
19462
19468
19467
19467
19468
19473
19492
19476
19479
19482
19481
19482
19505
19484
19483
19498
19495
19508
19500
19509
19508
19544
19525
19515
19510
19521
19531
19527
19546
19539
19531
19538
19552
19540
19555
19548
19541
19555
19564
19567
19562
19573
19580
19637
19586
19586
19589
19594
19593
19608
19598
19603
19598
19604
19612
19611
19610
19611
19611
19679
19626
19621
19615
19623
19633
19626
19635
19635
19642
19670
19642
19645
19654
19647
19654
19665
19658
19657
19663
19670
19666
19664
19671
19673
19698
19681
19696
19683
19693
19687
19685
19689
19697
19695
19700
19701
19712
19715
19706
19705
19704
19710
19712
19711
19735
19731
19718
19744
19734
19732
19736
19765
19751
19745
19793
19756
19776
19759
19756
19767
19766
19779
19811
19781
19784
19825
19785
19782
19792
19814
19797
19804
19831
20659
19834
19835
19835
19853
19839
19839
19847
19845
19855
21074
19864
19916
19891
19865
19893
19890
19888
19876
19867
19893
19884
19895
19899
19905
19930
19910
19924
19917
19916
19921
20348
19938
19936
19943
19943
19952
19949
19960
19950
19956
19972
19961
19962
19963
19980
19989
19969
19965
19982
19970
19987
19984
19992
19989
19992
19990
19993
19997
19994
19998
19998
20003
20010
20006
20017
20012
20102
20019
20030
20031
20133
20036
20032
20052
20045
20038
20050
20049
20052
20052
20073
20057
20055
20073
20058
20065
20076
20078
20207
20079
20094
20099
20106
20106
20106
20138
20114
20126
20122
20132
20172
20138
20168
20166
20139
20143
20179
20166
20184
20177
20172
20185
20196
20210
20187
20192
20188
20197
20211
20212
20216
20214
20221
20223
20221
20224
20222
20224
20224
20229
20225
20231
20234
20259
20248
20247
20261
20264
20282
20264
20282
20269
20266
20273
20289
20284
20289
20311
20295
20299
20304
20302
20296
20304
20309
20308
20313
20313
20317
20387
20320
20319
20336
20326
20334
20334
20335
20357
20337
20347
20347
20370
20368
20434
20377
20374
20380
20408
20380
20385
20385
20385
20404
20392
20391
20412
20394
20398
20413
20405
20405
20418
20415
20459
20421
20416
20440
20437
20454
20463
20463
20527
20479
20467
20491
20481
20499
20493
20502
20496
20493
20512
20500
20511
20506
20515
20529
20520
20530
20528
20559
20539
20560
20546
20545
20549
20549
20551
20550
20551
20557
20562
21121
20563
20662
20566
20567
20572
20573
20720
20582
20573
20603
20591
20582
20585
20592
20597
20591
20598
20602
20601
20611
20604
20602
20605
20608
20787
20618
20643
20629
20631
20630
20632
20636
20631
20638
20641
20639
20641
20674
20643
20649
20647
20654
20657
20657
20658
20658
20667
20662
20702
20672
20712
20675
20696
20684
20681
20697
20695
20704
20706
20697
20708
20724
20738
20743
20720
20744
20759
20746
20744
20748
20773
20748
20769
20798
20775
20778
20806
20801
20805
20809
20807
20807
20823
20815
20815
20819
20825
20825
20827
20843
20829
20835
20829
20848
20837
20856
20860
20855
20865
20863
20903
20876
20873
20877
20894
20892
20888
20899
20913
20919
20919
21449
20921
20927
20927
20960
20928
20936
20939
20929
20938
20938
20944
20941
20942
20948
20944
20946
20958
20953
20964
20960
20960
20963
20963
20968
20970
20985
20971
20971
20983
20991
20991
21031
20992
21004
20999
21007
21036
21017
21007
21019
21044
21025
21021
21020
21022
21031
21023
21055
21048
21065
21063
21062
21065
21309
21066
21065
21067
21070
21070
21070
21071
21073
21073
21075
21074
21074
21077
21080
21078
21079
21294
21100
21082
21298
21107
21102
21109
21121
21113
21115
21113
21117
21129
21125
21128
21132
21132
21134
21133
21140
21246
21165
21159
21145
21144
21151
21174
21163
21173
21198
21193
21189
21175
21181
21197
21181
21186
21210
21219
21228
21225
21231
21230
21237
21235
21248
21244
21242
21247
21248
21269
21265
21252
21264
21255
21274
21268
21279
21277
21275
21278
21313
21283
21287
21286
21294
21321
21299
21302
21300
21310
21313
21374
21336
21327
21339
21343
21340
21351
21345
21343
21346
21354
21370
21370
21360
21361
21371
21371
21373
21523
21406
21406
21397
21382
21408
21405
21415
21407
21424
21418
21419
21437
21436
21427
21437
21454
21443
21442
21454
21451
21511
21481
21464
21478
21521
21483
21491
21488
21512
21496
21518
21519
21535
21526
21534
21533
22136
21547
21541
21537
21545
21563
21561
21548
21559
21559
21564
21562
21563
21569
21566
21572
21574
21729
21574
21582
21582
21583
21592
21612
21596
21603
21597
21596
21607
21610
21608
21662
21614
21617
21617
21641
21628
21659
21633
21618
21633
21664
21635
21651
21694
21667
21669
21668
21694
21694
21679
21670
21689
21705
21704
21750
21714
21707
21713
21730
21714
21715
21719
21718
21746
21757
21734
21728
21735
21752
21740
21760
21759
21766
21765
21777
22172
21780
21777
21782
21780
21790
21784
21806
21798
21795
21813
21850
21822
21825
21824
21827
21849
21830
21829
21835
21834
21838
21858
21845
21858
22044
21863
21866
21866
21886
21884
21894
21902
21908
21902
21897
21903
21903
21903
21912
21909
21913
21981
21914
21925
21915
21921
21942
21936
21937
21941
21937
21942
21984
21956
21948
21969
21968
21997
22021
21973
21978
21974
21991
21989
22001
22028
22030
22026
22034
22049
22036
22052
22061
22057
22066
22063
22064
22086
22073
22065
22076
22077
22077
22085
22082
22089
22107
22102
22096
22113
22105
22104
22122
22113
22130
22124
22125
22125
22130
22356
22131
22134
22136
22134
22142
22149
22416
22172
22152
22151
22160
22194
22184
22207
22215
22199
22197
22203
22209
22204
22212
22268
22245
22228
22241
22235
22239
22236
22249
22245
22259
22250
22261
22336
22374
22272
22270
22279
22272
22314
22292
22296
22296
22330
22320
22299
22309
22301
22316
22314
22342
22322
22357
22340
22366
22358
22359
22387
22381
22387
22390
22389
22426
22403
22402
22421
22420
22411
22421
22429
22424
22435
22428
22429
22446
22438
22443
22441
22586
22467
22460
22451
22455
22468
22461
22475
22478
22578
22489
22490
22483
22493
22491
22570
22576
22497
22504
22504
22510
22508
22513
22511
22517
22514
22526
22529
22527
22527
22528
22528
22534
22584
22552
22541
22557
22556
22573
22586
22588
22590
22589
22597
22600
22591
22604
22605
22607
22813
22608
22608
22610
22614
22611
22618
22625
22620
22638
22633
22635
22645
22640
22650
22644
22653
22688
22684
22657
22653
22665
22682
22657
22682
22663
22691
22686
22718
22700
22701
22694
22709
22719
22715
22714
22716
22821
22719
22728
22728
22739
22739
22762
22745
22749
22759
22752
22768
22760
22760
22768
22815
22783
22780
22788
22814
22808
22790
22823
22820
22816
22828
22824
22825
22849
22833
22829
22846
22842
23158
22851
22874
22864
22871
22871
22875
22885
22879
22879
22888
22888
22903
22890
22915
22919
22919
22922
22929
22946
22927
22925
22938
22934
22950
22944
22954
22952
22956
22954
22956
23034
22957
22960
22998
22963
22987
22981
22972
22985
22983
22988
22997
22994
23000
23015
23004
23007
23006
23020
23010
23020
23011
23025
23024
23032
23028
23026
23032
23040
23028
23034
23043
23049
23047
23055
23054
23059
23059
23058
23059
23071
23083
23077
23075
23077
23090
23084
23099
23095
23091
23106
23239
23116
23110
23130
23119
23121
23134
23138
23181
23137
23138
23136
23147
23154
23149
23259
23182
23186
23246
23203
23190
23188
23201
23218
23211
23231
23230
23222
23234
23242
23239
23243
23242
23254
23253
23255
23255
23285
23260
23260
23272
23278
23267
23271
23269
23277
23274
23300
23292
23303
23304
24989
23313
23307
23316
23316
23314
23317
23317
23365
23320
23329
23329
23329
23362
23348
23334
23351
23359
23359
23362
23484
23373
23372
23374
23412
23384
23383
23381
23406
23426
23406
23428
23411
23409
23412
23430
23434
23447
23435
23452
23477
23472
23457
23471
23477
23474
23487
23484
23485
23551
23488
23495
23487
23503
23500
23509
23510
23510
23512
23565
23512
23527
23514
23521
23517
23529
23533
23537
23535
23577
23538
23545
23539
23548
23569
23584
23583
23553
23560
23555
23565
23565
23574
23587
23585
23586
23586
23599
23590
23589
23621
23597
23591
23600
23609
23602
23611
23611
23627
23612
23643
23635
23632
23634
23636
23764
23653
23650
23676
23660
23654
23655
23683
23664
23671
23671
23676
23752
23691
23704
23697
23698
23708
23709
23723
23721
23724
23749
23725
23732
23732
23736
23744
23742
23737
23744
23741
23750
23745
23759
23757
23781
23775
23761
23759
23769
23812
23791
23780
23776
23781
23792
23835
23794
23834
23794
23834
23824
23817
23829
23848
23847
23844
23845
23853
23849
23853
23853
23856
23948
23857
23873
23868
23859
23861
23874
23878
23876
23880
23881
23881
23888
23884
23895
23894
23899
23925
23914
23911
23922
23925
23958
23928
23967
23934
23930
23944
23934
23933
23945
23940
23934
23939
23946
23964
23951
23964
23988
23971
23983
23993
23978
23976
23995
23979
23979
23995
23996
24079
24009
24008
23998
24015
24028
24039
24029
24020
24025
24039
24033
24033
24044
24054
24044
24052
24058
24057
24100
24061
24101
24084
24065
24084
24069
24093
24100
24104
24103
24133
24107
24136
24112
24110
24120
24120
24124
24137
24168
24159
24141
24148
24145
24147
24156
24158
24156
24162
24164
24179
24165
24173
24165
24183
24188
24184
24192
24193
24192
24194
24194
24311
24202
24201
24212
24212
24202
24205
24227
24219
24226
24254
24227
24264
24227
24252
24242
24233
24237
24249
24246
24260
24382
24277
24273
24264
24276
24362
24300
24284
24283
24310
24291
24284
24289
24286
24303
24302
24305
24307
24321
24340
24323
24323
24325
24349
24327
24352
24330
24339
24337
24332
24355
24341
24353
24348
24384
24372
24369
24389
24389
24374
24380
24375
24386
24384
24391
24390
24581
24393
24392
24420
24410
24393
24399
24413
24423
24439
24434
24430
24441
24434
24435
24437
24437
24441
24455
24444
24444
24455
24444
24455
24451
24463
24459
24464
24460
24576
24481
24469
24468
24479
24481
24477
24483
24485
24484
24485
24488
24487
24490
24504
24502
24500
24505
24504
24515
24505
24515
24518
24545
24532
24548
24548
24556
24558
24555
24566
24569
24567
24572
24572
24662
24572
24575
24578
24579
24575
24581
24582
24641
24590
24582
24600
24592
24610
24604
24626
24611
24618
24611
24616
24630
24624
24656
24632
24634
24655
24639
24633
24640
24645
24648
24656
24656
24673
24657
24667
24659
24657
24667
24675
24677
26250
24683
26819
24688
24687
24693
24689
24698
24698
24702
24701
24729
24714
24730
24714
24735
24721
24730
24744
24743
24744
25003
24750
24752
24752
24755
24796
24775
24755
24759
24759
24756
24757
24765
24765
24769
24784
24784
24788
24797
24785
24788
24799
24797
24809
24825
24817
24815
24810
24813
24835
24819
24848
25039
24854
24848
24855
24851
24857
24862
24860
24861
24861
24871
24864
24878
24871
24931
24887
24878
24897
24891
24939
24922
24905
24903
24911
24920
24915
24931
24928
24935
24991
24940
24941
24940
24945
24953
24947
24953
24954
24954
24969
24964
24955
24986
24974
24991
24987
25004
25002
25032
25019
25011
25009
25019
25020
25025
25069
25047
25036
25033
25052
25082
25095
25088
25082
25071
25085
25092
25092
25744
25097
25095
25120
25097
25097
25139
25120
25127
25128
25133
25131
25137
25137
25137
25142
25159
25144
25152
25146
25144
25148
25146
25179
25176
25164
25180
25174
25167
25190
25183
25191
25199
25193
25198
25242
25203
25203
25208
25207
25215
25210
25215
25228
25220
25228
25273
25240
25231
25234
25250
25249
25262
25260
25259
25276
25280
25278
26549
25281
25282
25286
25286
25292
25295
25290
25298
25295
25303
25300
25306
25323
25309
25340
25326
25537
25342
25340
25770
25349
25347
25343
25350
25359
25357
25367
25365
25367
25369
25416
25372
25374
25369
25376
25397
25377
25395
25392
25398
25399
25412
25399
25415
25406
25399
25407
25411
25416
25537
25457
25421
25423
25418
25461
25432
25426
25453
25466
25463
25466
25497
25474
25493
25482
25500
25510
25499
25518
25527
25550
25527
25529
25528
25565
25529
25554
25546
25556
25550
25559
25559
25564
25563
25571
25568
25579
25591
25575
25580
25581
25624
25593
25583
25581
25590
25597
25594
25591
25592
25600
25616
25601
25601
25607
25627
25625
25648
25641
25635
25629
25643
25638
25659
25639
25662
25757
25672
25673
25673
25684
25687
25697
25686
25705
25699
25697
25702
25723
25705
25723
25716
25724
25721
25733
25730
25730
25742
25744
25743
25759
25778
25765
25760
25767
25767
25778
25794
25788
25788
25816
25795
25795
25801
25801
25806
25804
25806
25801
25813
25826
25815
25826
25897
25839
25832
25842
25848
25842
25843
25857
25857
25850
25857
25859
25858
25869
25862
25867
25878
25878
25872
25892
25883
25886
25897
25901
25892
25904
25926
25926
25948
25929
25931
25938
25933
25959
25948
25938
25961
25970
25974
25968
25971
26000
25975
25983
25986
25976
25987
26004
26007
25998
26016
26009
26014
26013
26032
26022
26018
26025
26034
26035
26055
26076
26061
26078
26077
26082
26122
26092
26085
26114
26098
26094
26127
26115
26120
26118
26146
26137
26132
26176
26137
26135
26141
26175
26163
26166
26143
26168
26180
26176
26201
26200
26182
26203
26222
26209
26211
26211
26213
26218
26217
26258
26237
26249
26241
26245
26242
26246
26244
26259
26271
26261
26269
26265
26326
26301
26311
26278
26273
26288
26284
26283
26291
26368
26322
26314
26348
26339
26345
26373
26382
26378
26388
26495
26392
26394
26394
26417
26400
26395
26416
26407
26710
26434
26431
26427
26451
26434
26434
26445
26443
26448
26463
26465
26459
26454
26460
26466
26473
26467
26471
26476
26475
26480
26479
26484
26657
26485
26489
26494
26492
26504
26500
26527
26506
26507
26517
26508
26513
26532
26525
26540
26530
26555
26554
26558
26557
26581
26564
26559
26566
26574
26570
26568
26588
26586
26610
26591
26590
26607
26610
26608
26646
26617
26617
26628
26627
26620
26632
26653
26634
26632
26656
26649
26639
26650
26660
26659
26659
26664
26670
26666
26677
26671
26678
26714
26704
26690
26701
26696
26711
26704
26721
26718
26728
26722
26738
26727
26765
26740
26738
26755
26745
26756
26759
26765
26762
26780
26767
26797
26788
26791
26792
26773
26770
26785
26795
26793
26800
26796
26802
26800
27009
26831
26807
26807
26806
26819
26820
26840
26827
26819
26834
26840
26833
26844
26856
26846
26844
26857
26848
26858
26859
26896
26862
26874
26871
26875
26873
26887
26887
26896
27000
26904
26900
26918
26905
26917
26910
26911
26992
26934
26965
26946
27002
26977
26972
26976
26953
26963
26961
26983
26978
27014
26988
26985
27020
27038
27029
27028
27037
27039
27039
27183
27055
27048
27057
27074
27076
27071
27086
27082
27104
27098
27109
27110
27119
27099
27112
27101
27131
27128
27167
27138
27143
27133
27144
27144
27162
27152
27146
27156
27155
27161
27160
27164
27162
27163
27178
27166
27193
27188
27182
27201
27192
27209
27206
27205
27208
27673
27210
27216
27220
27218
27231
27224
27222
27227
27225
27236
27237
27228
27239
27239
27243
27243
27265
27257
27246
27262
27256
27333
27268
27271
27270
27269
27272
27277
27277
27307
27287
27289
27303
27301
27309
27297
27292
27301
27298
27313
27313
27320
27314
27324
27319
27318
27328
27321
27330
27335
27331
27330
27334
27340
27340
27555
27351
27371
27346
27372
27376
27381
27386
27391
27388
27398
27635
27401
27418
27416
27416
27421
27431
27421
27421
27433
27430
27437
27438
27438
27448
27439
27438
27444
27455
27452
27552
27487
27471
27457
27464
27460
27474
27476
27493
27526
27544
27499
27523
27514
27519
27527
27549
27545
27553
27569
27558
27562
27559
27566
27566
27593
27573
27573
27578
27580
27580
27594
27582
27592
27583
27596
27623
27616
27640
27620
27630
27628
27645
27645
27652
28237
27676
27665
27653
27676
27682
27678
27693
27684
27688
27685
27690
27708
27707
27707
27772
27722
27712
27724
27719
27741
27735
27748
27748
27745
27753
27753
27759
27758
27764
27763
27772
27769
27774
27813
27775
27792
27779
27780
27792
27783
27794
27811
27795
27802
27834
27834
27809
27805
27816
27825
27820
27839
27914
27855
27844
27845
27847
27857
27847
27862
27861
27870
27865
27870
27883
27872
27872
27872
27873
27878
27876
27887
27884
27884
27919
27886
27884
27902
27925
27919
27904
27908
27932
27942
27935
27938
28003
27943
27967
27948
27953
27944
27955
27962
27962
27964
27966
27977
27967
27968
27967
27976
27980
28014
27982
27982
27984
27984
28045
27988
27996
27991
28032
27996
27996
27997
28001
27999
28019
28019
28039
28041
28032
28062
28051
28074
28065
28079
28075
28088
28084
28084
28089
28086
28095
28096
28102
28101
28097
28106
28106
28106
28123
28109
28107
28133
28136
28137
28157
28142
28143
28137
28159
28154
28178
28162
28167
28194
28193
28198
28318
28202
28202
28205
28202
28206
28206
28206
28207
28216
28220
28216
28208
28217
28225
28224
28224
28230
28253
28235
28231
28242
28288
28244
28254
28245
28253
28267
28254
28257
28287
28271
28270
28268
28271
28279
28285
28275
28293
28289
28323
28302
28303
28302
28314
28337
28324
28344
28336
28344
28347
28346
28354
28350
28350
28354
28533
28368
28362
28363
28383
28371
28370
28373
28371
28377
28382
28378
28392
28397
28428
28411
28400
28405
28425
28413
28412
28429
28415
28420
28423
28422
28422
28464
28433
28431
28430
28432
28444
28435
28438
28438
28442
28440
28442
28447
28445
28451
28450
28547
28488
28490
28480
28502
28544
28509
28530
28509
28536
28532
28541
28564
28550
28575
28565
28554
28568
28570
28569
28573
28669
28583
28576
28591
28590
28598
28597
28617
28603
28603
28617
28608
28621
28625
28619
28631
28642
28632
28639
28633
28648
28645
28683
28665
28657
28673
28690
28675
28687
28681
28679
28693
28691
29109
28698
28699
28699
28702
28710
28700
28713
28712
29025
28719
28736
28727
28737
28757
28742
28744
28743
28753
28776
28766
28773
28771
28911
28784
28780
28782
28804
28797
28795
28803
28803
28830
28826
28808
28827
28821
28823
28830
28833
28832
28901
28854
28863
28872
28865
28869
28869
28881
28874
28901
28888
28886
28900
28889
28903
28890
28894
29075
28920
28914
28907
28922
28910
28929
28924
29098
28956
28941
28944
28946
28943
28950
28959
28958
28958
28973
28962
28977
28976
28977
29011
28981
29013
28981
28996
29010
28999
29014
29048
29044
29030
29031
29014
29033
29053
29044
29050
29066
29053
29065
29065
29072
29067
29072
29105
29094
29081
29078
29086
29085
29089
29107
29101
29090
29108
29115
29113
29113
29177
29116
29117
29124
29123
29340
29131
29129
29130
29175
29134
29134
29134
29157
29155
29135
29162
29185
29184
29175
29186
29188
29188
29199
29189
29211
29206
29211
29224
29219
29219
29241
29245
29230
29229
29230
29252
29233
29240
29254
29254
29265
29265
29256
29266
29265
29388
29283
29293
29283
29284
29319
29288
29303
29295
29288
29296
29297
29296
29307
29300
29298
29308
29315
29324
29315
29325
29324
29330
29334
29332
29335
29342
29338
29340
29353
29348
29353
29366
29364
29354
29355
29364
29357
29368
29397
29369
29368
29372
29375
29372
29389
29380
29401
29392
29402
29402
29407
29405
29413
29412
29409
29415
29412
29417
29416
29420
29430
29421
29430
29427
29445
29438
29439
29449
29447
29449
29489
29458
29452
29459
29457
29461
29468
29459
29468
29461
29474
29471
29475
29470
29476
29476
29478
29482
29550
29525
29497
29495
29500
29497
29534
29521
29506
29500
29504
29538
29511
29548
29551
29557
29555
29572
29560
29578
29577
29577
29580
29589
29586
29582
29602
29588
29611
29615
29606
29642
29621
29642
29647
29650
29648
29708
29651
29669
29653
29651
29655
29662
29662
29668
29665
29665
29673
29702
29691
29679
29676
29688
29709
29702
29759
29712
29710
29713
29715
29716
29714
29717
29724
29721
29728
29729
29728
29729
29740
29733
29732
29734
29768
29755
29754
29745
29772
29757
29776
29775
29782
29777
30460
29786
29786
29789
29805
29791
29795
29807
29805
29810
29808
29809
29911
29813
29811
29818
29815
29815
29816
29818
29816
29820
29824
29822
29821
29844
29827
29829
29823
29839
29849
29842
29842
29849
29859
29857
29858
29959
29862
29863
29892
29864
29899
29898
29914
29907
29905
29906
29900
29921
29936
29928
29942
29939
29949
29944
29944
29952
29951
29960
29954
29955
29961
29961
29964
29986
29971
29968
29993
29975
29984
29976
30023
29994
30007
29996
30030
30008
30010
30018
30014
30033
30018
30027
30035
30021
30023
30039
30060
30044
30046
30042
30043
30048
30047
30052
30065
30098
30092
30098
30075
30069
30074
30085
30076
30096
30100
30148
30119
30111
30115
30123
30129
30121
30134
30131
30143
30169
30146
30143
30146
30152
30148
30163
30161
30156
30173
30163
30162
30164
30172
30176
30218
30186
30186
30193
30194
30189
30201
30203
30199
30195
30198
30197
30208
30209
30221
30209
30235
30228
30224
30255
30230
30238
30253
30240
30238
30241
30255
30246
30273
30260
30260
30268
30266
30269
30272
30270
30272
30502
30274
30276
30284
30276
30274
30283
30291
30289
30296
30293
30299
30300
30293
30301
30308
30302
30342
30308
30315
30328
30324
30345
30332
30331
30327
30332
30338
30337
30333
30336
30341
30351
30349
30388
30352
30358
30355
30358
30381
30360
30364
30365
30365
30369
30381
30370
30375
30383
30373
30389
30389
30386
30393
30425
30410
30396
30395
30396
30403
30427
30417
30427
30427
30429
30530
30436
30454
30437
30483
30455
30440
30448
30442
30449
30461
30468
30465
30475
30486
30490
30484
30489
30496
30504
30503
30497
30505
30531
30508
30508
30521
30522
30513
30536
30525
30540
30542
30538
30545
30562
30552
30551
30552
30552
30553
30571
30557
30569
30582
30574
30572
30585
30580
30584
30592
30586
30589
30896
30632
30596
30594
30611
30607
30608
30620
30620
30679
30636
30627
30634
30670
30639
30659
30649
30644
30662
30653
30690
30672
30686
30680
30673
30688
30679
30708
30692
30704
30694
30713
30773
30746
30715
30724
30721
30718
30719
30729
30725
30752
30730
30744
30756
30758
30757
30754
30761
30761
30766
30763
30775
30764
30771
30794
30786
30775
30785
30776
30797
30790
30797
30790
30798
30800
30836
30829
30824
30836
30842
30841
30843
30841
30846
30847
30850
30860
30854
30864
30884
30867
30869
30867
30874
30884
30880
30882
30892
30891
30888
30892
30931
30908
30902
30906
30915
30913
30935
30921
30915
30919
30924
30927
30923
30928
30939
30930
31566
30943
30942
30996
30949
30945
31005
30957
30950
30961
30963
30962
30963
30977
30971
30966
30974
30977
30980
30986
30982
30981
30992
30983
30995
30995
31006
31002
31007
31006
31008
31016
31011
31045
31045
31017
31053
31018
31027
31061
31067
31056
31074
31069
31090
31077
31089
31078
31091
32213
31110
31102
31118
31111
31135
31119
31122
31122
31140
31140
31238
31146
31140
31156
31154
31162
31157
31197
31177
31166
31181
31195
31188
31189
31189
31199
31198
31239
31199
31227
31200
31221
31216
31206
31221
31218
31253
31244
31231
31245
31278
31255
31292
31256
31263
31265
31266
31265
31269
31277
31276
31281
31278
31382
31293
31297
31308
31296
31303
31311
31319
31321
31320
31321
31329
31331
31325
31329
31326
31332
31331
31349
31337
31362
31366
31356
31364
31377
31376
31377
31403
31385
31393
31392
31461
31406
31404
31407
31409
31415
31411
31419
31413
31423
31422
31443
31426
31430
31445
31443
31444
31465
31451
31452
31445
31452
31454
31461
31456
31463
31459
31461
31474
31469
31466
31473
31494
31480
31479
31490
31500
31510
31502
31505
31502
31509
32463
31511
31515
31516
31529
31517
31516
31520
31557
31530
31530
31555
31540
31533
31545
31545
31567
31780
31595
31567
31586
31591
31568
31581
31579
31574
31589
31586
31636
31611
31617
31611
31617
31644
31619
31631
31620
31625
31648
31648
31649
31655
31654
31661
31681
31663
31686
31664
31675
31674
31681
31681
31692
31687
31690
31855
31694
31694
31700
31698
31698
31706
31827
31737
31714
31709
31707
31710
31737
31718
31746
31719
31747
31742
31735
31743
31750
31757
31755
31762
31761
31763
31764
31787
31776
31779
31765
31789
31793
31802
31798
31802
31797
31802
31805
31810
31805
31811
31831
31817
31852
31835
31833
31837
31846
31846
31851
31865
31880
31886
31876
31874
31883
31877
31890
31879
32007
31890
31909
31890
31901
31951
31909
31935
31925
31912
31919
31921
31920
31937
31953
31949
31967
31963
31957
31964
31976
31973
31973
31977
32074
31986
31977
31993
32001
32002
32001
32012
32006
32011
32010
32028
32013
32031
32025
32018
32026
32069
32087
32040
32043
32043
32085
32045
32044
32050
32077
32045
32050
32080
32080
32085
32103
32096
32101
32129
32113
32109
32124
32115
32130
32123
32119
32124
32137
32132
32132
32174
32153
32141
32171
32142
32143
32188
32182
32192
32184
32186
32265
32197
32205
32199
32202
32216
32208
32214
32214
32241
32223
32219
32220
32228
32227
32235
32234
32245
32246
32239
32248
32251
32249
32263
32255
32264
32272
32268
32268
32269
32270
32273
32269
32275
32275
32275
32278
32278
32279
32291
32291
32375
32299
32306
32304
32349
32350
32315
32310
32325
32318
32334
32327
32390
32357
32362
32353
32367
32363
32376
32374
32376
32396
32379
32393
32379
32381
32407
32403
32407
32393
32395
32429
32407
32420
32437
32430
32439
32441
32440
32440
32455
32453
32447
32465
32460
32453
32456
32461
32470
32469
32593
32475
32481
32475
32480
32477
32482
32534
32495
32494
32497
32528
32514
32507
32497
32509
32515
32518
32514
32509
32517
32523
32523
32524
32532
32538
32529
32544
32544
32548
32547
32562
32551
32669
32565
32570
32587
32575
32573
32588
32584
32613
32601
32597
32609
32618
32611
32611
32682
32632
32668
32638
32642
32633
32649
32665
32664
32664
32666
32693
32672
32671
32697
32674
32673
32691
32690
32731
32698
32701
32702
32724
32722
32725
32707
32712
32735
32728
32730
32739
32737
32763
32757
32740
32759
