100
8862
22520
15354
7344
18829
13934
13330
21055
18081
43
17706
16460
21433
8553
7457
17806
23487
1077
15719
24324
9156
25899
3250
17116
2642
25985
12530
8852
20733
32327
17800
22623
9276
14572
16818
970
21879
20741
9034
22943
31585
9034
12721
11017
27784
3553
27910
26618
18475
9696
32155
8394
331
26125
14249
19233
8196
15080
1858
19990
11550
4075
22664
6552
31712
16912
20509
19725
17956
7060
26586
12602
20145
15610
17348
2403
32196
5972
21307
32691
11248
23486
4725
12510
3880
1067
43
6916
32283
22884
7058
29657
32192
6733
32397
10755
19761
10346
26657
5571
