1000
7965
9314
27269
18748
16613
26858
9353
29840
25088
3731
16867
30152
17869
21261
12814
17595
29142
7824
4595
18947
11868
21024
20759
16222
30007
19215
14098
28500
17117
16323
23875
6171
32192
22970
28866
30135
26589
12490
20630
14181
20113
2990
23592
25658
27823
2494
1528
29448
13009
6654
32399
6529
27115
25434
2997
5791
25638
560
24547
31811
12267
16143
1531
15388
317
8895
13623
31690
17741
2945
8543
29763
5192
10135
6976
24694
30068
30983
5465
16175
10619
18077
24791
27707
28423
7727
14020
21708
30094
19492
24955
19231
29296
27703
6751
15707
3135
30585
28620
21437
4189
29589
18254
14834
9933
10072
20497
6084
30787
30833
31129
31993
31357
22133
17075
17528
22230
22310
29868
12974
7961
26612
7872
21296
17555
14532
26069
22946
1388
17393
31850
2519
17463
6032
22218
27449
32199
17401
28549
19308
20804
4995
12320
21550
20095
28558
21004
14466
32387
5831
19413
15629
23149
2215
7836
8128
9341
19005
6087
8887
22380
26670
23287
15969
8192
23034
18490
16098
5343
10880
4739
20661
8353
2501
6743
16534
21032
11249
24776
29343
1844
6554
9895
21681
9522
21829
3062
20501
21589
31274
17308
32355
28904
14392
12124
9635
9955
20825
30728
16307
27580
31735
30194
4329
19071
20159
32164
4600
13857
6565
25809
12568
22034
20520
21387
11873
273
26839
13749
6008
23108
22036
24764
9838
17544
31768
16770
2021
8198
18487
9883
19573
1543
19813
31420
2382
30473
2554
880
27678
12049
15026
30733
17973
5188
24312
1255
21223
29617
21092
3779
15665
114
8066
19087
10400
18675
28629
32080
16751
5777
15643
30811
6127
27495
10195
9672
19244
4708
5885
14628
18126
30113
1313
22630
6205
12018
7826
20772
7945
1724
5364
11783
7304
21766
19452
16509
26305
30930
17271
29357
17032
22957
25230
30128
10475
10117
2120
8190
31693
19643
1360
4134
28113
18041
25337
26563
8570
22342
7039
12971
17296
18391
10128
20073
9413
10792
1290
26094
5784
21196
6919
21891
3962
31874
7959
2818
23087
18952
24524
13894
21624
6708
6268
24032
239
25152
12866
11275
28722
614
5702
2019
17731
18604
30014
20177
22831
5634
10293
16970
16878
22922
3723
32185
16523
22071
3390
2233
23173
26265
4967
22920
8820
13047
18440
23480
29679
3487
17668
20264
9902
27002
879
4915
31980
7907
23816
12839
20751
29369
18180
16633
18059
5043
10766
26423
516
500
31627
9021
11443
5344
31778
7852
18186
4909
16252
10008
3739
4413
24904
7937
31542
2475
2947
31493
5969
25636
12790
8019
14253
24184
9984
12643
22071
3056
28053
12773
5165
24291
27783
29431
10113
28804
26372
16026
14210
31486
24161
16743
27833
14787
16661
3454
14353
9248
2825
18880
5436
13846
15119
24894
19537
15205
16815
18160
30394
20713
19754
8619
19277
4137
5817
29773
30137
6446
5398
5691
32036
28305
14397
4109
32274
22488
4724
12423
15241
15875
4745
28107
19315
13921
13147
26318
25155
12200
17563
6409
475
30021
12500
7793
4013
31985
25769
1960
5665
12933
15199
9845
13623
13839
5275
23666
1646
16421
30572
16900
30692
8313
26251
14736
25278
2734
18914
17132
24778
9578
4428
8980
9571
4013
29852
13343
23958
20577
29920
29041
23427
25650
743
5169
4357
23967
28416
21502
7573
19281
1541
8157
29547
22700
32664
25462
22503
23717
8621
11393
17200
19155
15689
17531
25371
15048
26760
4765
17742
31137
6629
23054
27813
23004
2230
10328
21972
13674
30454
2073
12110
22021
18503
19451
18534
14276
2615
1509
31668
23021
20931
32371
6331
4618
4634
16548
4296
5439
20643
3539
27421
11226
23104
19945
17487
17196
24021
20432
23789
20888
4100
28203
31586
16617
15419
27716
9501
21224
26353
8005
29423
13359
25900
14252
1204
12600
3399
16121
22581
16825
25842
7593
1869
24116
28794
15720
12619
21449
1867
7043
5016
2640
20915
24476
5530
28836
21480
19105
19415
833
10829
4607
13918
8466
23281
31506
15971
8836
24664
19168
14121
26335
20863
24072
26149
19414
19226
31989
22112
17245
32288
16471
31517
31674
1929
6612
26044
19935
30039
21754
4830
26103
7379
9337
4810
23103
9753
3983
4367
9239
28886
21443
32619
12121
13905
3798
26604
29673
3240
17655
10837
19853
12124
5942
10435
1535
12560
15931
10128
17729
31374
7480
25720
23601
15115
284
10490
7517
11692
24586
23553
14360
22601
11529
22212
18894
10096
5117
235
6548
2989
12758
30707
12803
31752
7431
17875
19783
464
21049
27360
18291
12695
22849
16110
2839
13694
13904
28088
11285
19635
31594
4738
9392
25655
3610
14076
26854
11493
30051
14698
17408
21168
17401
24066
13415
14636
29362
3989
14777
24912
16183
4978
18716
23674
25343
13448
23507
28851
13950
10698
19471
21044
5273
15320
29703
5674
4702
28123
17226
17079
24306
11696
15956
8249
24522
20298
7264
12238
23838
22353
30590
27416
21147
22799
17125
12605
14425
27533
31626
1330
22540
31225
18162
314
638
29515
29764
9129
14653
7465
5026
22766
8336
3591
6073
26320
19888
4754
13719
7416
17717
591
30397
28336
15823
18303
12662
23018
31542
7751
23399
16260
21860
20237
27238
4298
16385
26661
14224
30269
26143
15021
6293
21395
11815
7861
9047
19710
14867
17060
20404
12721
14302
2518
27551
28577
5689
16010
5494
29832
29056
6908
12431
8240
19692
28110
2069
11246
27658
23980
5138
11116
24684
4144
5324
2732
8094
14339
30805
11594
13659
20038
15966
4866
26113
31536
20044
9585
21827
29176
29582
4896
1310
17397
29741
23486
16654
28420
30116
29101
18817
11050
9203
5313
21388
15226
20207
19012
12509
17977
29148
5693
13297
30785
22845
23025
9351
30627
23275
31659
22612
27024
21605
15289
17400
3962
25447
23223
6193
16246
3262
29968
16206
15333
17754
14273
20199
11859
4517
21088
16844
18847
12051
19037
3643
22364
31738
5001
27734
13432
4517
4564
24787
283
17572
26715
24566
2002
32613
14754
7356
8173
11017
15645
22618
3878
6768
19958
17893
11907
11158
22282
22099
22141
4899
16437
162
22113
1597
16591
23127
31479
13985
15222
5162
26722
21746
1806
12032
19271
3408
18695
32025
9521
12845
17630
17291
14388
2396
17639
4079
21969
28523
73
5722
5402
17715
8778
11151
13334
