100
7939
21630
15427
22850
32401
28213
17222
20491
24067
20148
18050
29800
4598
19963
31885
9963
11206
24263
22717
27358
18848
28249
31712
25642
11487
29049
7469
27767
2709
17083
32635
917
19047
13825
18097
7962
10143
1345
16766
7501
26748
31368
31562
24387
8140
31551
10860
20040
11453
22702
20125
20609
27889
2494
5036
28879
21712
12803
19572
15861
25122
6649
6668
9470
7389
31886
4925
19161
6715
19937
57
10567
13840
24394
32393
29431
30299
1178
8520
750
19739
7844
24975
23341
11364
12028
29488
30350
8369
22782
20903
29168
25980
29714
6477
20627
10252
4911
207
24517
