10000
7995
7745
24206
5942
11140
29431
4597
3495
9852
13935
15536
30549
20511
6338
15935
9798
8359
9811
21071
1293
16304
29281
24820
13818
30361
20440
9267
12942
8749
3181
18115
32561
26499
25065
24596
18215
12322
4549
29073
29889
12649
24312
18723
6608
815
23053
27894
15455
2470
13176
29823
23458
13957
2090
29374
16681
25958
23651
21952
29273
22380
14536
24425
22045
4650
7605
7024
25305
9664
16596
30379
26784
7751
18671
23437
19366
9328
31746
30701
17144
4455
5013
4104
28522
31230
11080
714
24273
29959
32176
25417
20339
8449
25441
19347
18364
11512
18508
19625
22067
26790
2892
8139
3500
8158
31739
31990
4542
17707
27338
15020
18295
12212
32593
6899
32335
28770
18659
27040
9563
581
15718
20437
24771
23092
6753
201
4982
6580
23639
9159
12572
26908
16468
8058
27725
15606
965
10855
5376
2727
22156
17595
15174
12371
13140
32583
27192
5115
4642
13257
3885
15848
10541
4717
24881
29261
12272
10387
23731
3624
22653
17619
10110
11113
29460
23614
28907
20566
28660
21735
8788
11822
13169
22947
29643
13068
28743
6924
14604
29455
31790
8652
31409
11448
21167
5656
12197
27795
14901
8314
10971
5146
16231
18388
4416
18390
31413
28834
27630
2247
21553
24959
10914
32006
14753
28907
10864
11177
31442
16459
5301
12263
16431
10289
10830
10109
20369
14814
20231
24655
4953
31237
26966
2387
6077
14546
27210
27307
29279
11051
4542
26897
18468
10550
17106
22648
25923
13851
31900
25072
7068
13579
19226
203
23372
28545
17515
23294
14718
20679
26175
30922
22915
31421
26509
8091
27686
6102
21124
21552
14649
3683
31427
18428
26484
30996
9164
13772
30336
2235
27574
29099
8014
13140
20003
12290
3757
21571
21362
18436
11804
8668
16438
30025
28380
7208
22758
23737
19274
22758
3542
22700
29292
20689
9061
20560
20938
4641
10872
7754
29055
31828
23848
19104
22159
26926
13240
7126
24443
26367
17866
17239
20243
26660
19410
10519
31116
3024
21706
6775
18386
25613
1064
24681
1311
23805
27661
212
10957
10598
22463
12090
7785
22637
6745
12440
5640
30882
13761
13965
5854
27709
28123
30143
16908
21159
7164
31611
25530
11069
22178
1691
30822
5456
16738
26541
7291
20848
6433
11345
6694
26602
20615
6627
2405
6287
20657
15194
13921
30647
12838
1648
16893
23686
525
23556
12463
1134
26525
26556
23439
4085
15828
8942
30637
15545
30060
32449
10152
177
21259
31119
19324
27317
23994
9102
668
27713
4504
22192
5185
28790
10959
9671
12801
25697
7368
18157
18595
5248
2459
32035
21298
898
19914
17720
25680
7759
29742
18925
22989
29000
9777
25430
28280
17104
27710
9603
7733
14091
21110
16992
4176
24805
17829
17114
31761
25687
15476
23363
15249
3558
224
24312
203
876
11754
5953
24822
29210
13712
376
10771
23998
765
14446
14018
30018
3325
3338
13401
4213
27827
4659
3895
15119
19598
8176
31062
28911
17273
4558
16160
28582
28754
17539
24196
16697
27038
5840
5192
25635
21883
29100
21409
13466
15829
7070
23553
31507
29917
23403
24880
17416
7607
11761
31134
25849
11635
4947
18168
21169
30783
14166
3321
11466
7899
30987
10883
8819
28749
5551
10478
5233
5077
31439
21920
6244
3875
943
6621
16716
31944
9709
1249
20811
1771
20834
15404
14509
31293
1865
17950
1573
1327
27811
25283
11353
30562
23514
26352
16545
5470
14756
19855
5900
21640
4394
29495
24485
4942
15210
12288
10484
8613
5593
17301
27591
11701
3149
18314
1074
26834
31259
7152
15316
30895
9852
551
18780
2254
24630
23028
26956
4155
31864
13523
29693
8058
15621
13199
5347
19134
24980
25103
1811
1116
26743
1395
31490
31614
17020
4192
2448
21276
32273
12695
22597
17704
11691
12493
21210
1545
3432
3511
7675
31819
11251
5476
10059
8341
6824
25039
30377
6619
26872
30645
9394
27092
28431
30372
6790
15791
11189
3925
32463
14082
14706
13371
29696
16643
7926
14428
3035
17914
32439
20576
5174
22774
27100
10727
8446
10175
23130
3360
30588
18701
6237
15512
16087
15095
3817
1871
6619
9646
21441
16657
3576
13931
26248
5379
23438
9894
27430
26237
11112
17289
25453
13335
13702
2468
11261
12551
17695
10466
16484
2218
15846
1212
2698
96
1677
1196
16717
27549
31879
18661
6760
9789
21779
5953
21401
2328
3958
5243
22275
3287
23687
7582
32465
3846
8049
21949
15388
28010
27573
15333
9486
27540
9326
23888
11848
5814
8409
30683
4994
7094
31252
8378
13169
17281
26150
17259
25326
2466
17472
3304
31572
275
15939
5921
10282
31570
9089
26793
14338
9656
24776
7344
29856
4359
14749
18225
18015
22338
9925
26988
9937
21441
32266
2711
9894
8580
18235
18641
2767
21448
25205
30295
17635
7384
25505
5882
19137
22310
18238
20945
4471
9370
25697
11051
12130
6186
16377
6855
27031
7595
9560
21064
12418
5094
10223
18403
20429
19695
29273
22875
21891
26802
1692
6959
29814
15823
21419
10258
26078
17576
17455
1179
3650
14519
10886
27454
27036
25638
11788
5243
696
18841
7578
20309
31197
8271
19277
32262
24239
22121
21897
19185
24916
3465
317
10712
7894
17823
2408
31055
3272
10752
2012
22640
18477
13497
23362
1233
19349
7202
11870
21683
20617
16054
1172
8572
24617
289
28587
13928
22292
21147
21202
6011
24712
19317
22240
13498
11467
6641
29664
23962
26313
12631
13261
2233
11518
28485
4762
17356
4502
11079
8053
24536
26067
25767
17229
11686
21680
647
20626
24177
4292
23084
16444
23777
6504
28573
16398
12861
23324
9325
30236
19420
12071
18645
7563
13532
32382
17158
24728
6167
3047
16572
5083
7763
10590
10007
14029
31929
23736
13479
23945
18313
14214
2501
26575
23819
26172
2858
10574
31945
14995
21178
26403
24315
13611
8865
20125
24643
21109
3745
18755
5530
7888
20394
21016
23690
22002
30124
12317
15263
4490
27561
14872
10008
19235
526
1940
32225
13644
29507
13097
21190
12278
5761
4605
21985
23581
13540
1163
29268
4779
13505
17571
29758
17049
3897
21682
19175
31319
17422
29764
15166
8302
16310
15815
5766
8036
26542
20882
18764
2271
16657
12838
22172
29710
25961
13747
4980
6981
14789
12510
13945
31975
7180
16065
4073
905
31376
18995
32209
31060
2534
15434
28800
19115
3318
29727
4923
23566
25422
27601
27954
30527
20924
11981
3763
5027
14619
1356
7838
32234
12141
31005
23577
8947
12074
6052
26756
489
20696
5411
28080
2483
17116
13624
29771
25995
29584
7335
32415
31980
8597
28762
15229
10930
18027
26022
25971
28541
3902
10192
8773
9046
22531
14032
30363
27285
23748
9044
8696
29185
5432
19464
30443
13882
28311
21
905
23124
22444
10983
7706
20933
21292
27956
10771
24961
1094
18234
10565
15459
27003
14408
27987
16079
14768
30591
32105
3478
6018
10714
1067
7193
3801
14700
23020
23986
4288
12777
32545
9807
24948
18024
6933
32352
11450
25703
21214
28148
13430
30736
3215
798
19834
17851
29359
6046
7836
31923
19434
6589
22027
26429
31495
23673
18659
23510
15130
13026
12542
21437
27643
23236
32014
19121
758
31366
26344
19452
29636
13906
17443
20656
9658
8311
17634
21297
18753
2315
5358
15347
8582
28884
4872
2949
5747
9065
4733
26063
8925
15508
23290
25240
29439
7419
23202
18251
18215
4607
15966
3578
28335
13541
25716
23971
28463
17715
23900
22450
11249
605
28367
24264
8613
18593
19744
15035
2646
30000
32463
15838
32157
21902
7772
20354
24853
9787
28249
32700
15630
25747
29635
2153
18822
30707
2706
24432
18261
30237
10383
15943
31143
1758
16998
17081
21423
10990
1788
3302
11930
27159
25858
32395
7106
11417
3787
32643
10021
17358
28762
27534
7701
26122
19392
3410
11825
8645
28581
19103
28819
3068
15396
26103
13643
11732
27100
31054
8972
30081
18243
3598
32550
11878
24638
30302
12724
17533
17391
19364
23063
22266
23758
13896
1955
24107
3836
25276
27287
26787
4308
18361
4435
13207
12738
8651
1477
8840
856
18447
24357
23074
6302
15931
7138
613
20394
10208
22492
29698
22897
236
13011
21768
29661
16243
31519
26815
2592
17071
28834
5844
12103
13125
13308
28087
10002
14537
13821
9282
28931
10373
15200
24219
2485
4470
18614
14939
22127
18840
2720
26096
28409
24676
3649
18240
14766
6806
24051
30094
3539
23347
22073
2722
20519
7627
18166
3876
15803
26107
13532
1610
22788
18487
20262
23731
11567
28614
28042
16018
23476
17934
10857
6414
10286
7954
27978
19177
30314
3897
31110
18528
28350
20049
21828
13907
15516
19411
7336
16550
7014
22633
5448
12263
9604
2221
5600
561
6581
13620
5702
2896
2722
15307
31648
24613
11449
26112
29908
4428
13880
6373
31552
30973
1416
12816
19372
8240
461
13798
27516
32517
27067
13082
3626
7266
1195
32624
28404
20702
27118
12743
29394
12510
21089
32086
9899
25085
10305
21046
28104
24498
18753
26400
29833
29485
11994
4217
15191
25217
28899
2187
19929
6920
22113
3350
31339
23299
26784
30215
7628
7810
15491
10631
22294
21380
26136
4407
14324
6494
19055
29882
17679
3937
17325
23925
23241
30391
19292
26514
18990
11150
7941
9291
16935
14713
4865
29029
22769
3858
1932
27130
18894
5349
13339
21628
15099
11145
15600
12791
8161
21776
18155
21142
2959
3490
32163
4969
1896
5988
16309
10597
16921
15774
25948
7597
10959
21278
21826
24336
19622
28631
23446
3282
32356
12750
30559
24239
14951
1335
4624
19997
13020
14298
21852
25810
30258
23484
4939
21638
14286
15612
29838
15354
4353
28411
24848
15673
20023
13503
22221
18717
7281
18586
8935
17430
10997
18182
12534
26663
5443
16596
25760
2097
10572
14470
12651
6260
24031
3833
25806
8275
3428
9031
22158
31063
18636
10731
29512
32631
22216
32550
21833
5783
13113
30882
24486
10574
8936
31318
3978
1260
12152
21161
30666
14012
8089
8666
6847
20102
16254
20639
5716
10840
3472
23052
22110
12166
8036
27831
16684
5360
21226
10010
4703
8835
8168
29496
22524
2563
7591
17796
17856
15623
4333
17150
21172
25669
5674
4767
21761
23567
15350
24055
4100
23070
8635
17685
26789
8335
28335
18855
13285
25131
13574
30050
21431
15339
5477
16292
5649
26555
13977
30296
2626
3199
25993
11803
16518
20308
29033
32156
10200
2584
6193
2121
32263
19244
5966
7208
1548
632
13463
26370
30875
32688
21378
1735
25336
9686
27288
31022
26636
30721
27942
11932
6072
25436
32054
17479
20585
27249
31165
10651
24301
5544
15638
13533
20613
19722
8111
27406
11067
32587
4867
32530
117
14856
26824
19473
3531
5965
6761
20254
24598
9306
9398
25622
11465
9639
19419
18891
21893
23589
23438
12642
18919
12231
14221
23802
15269
25409
20552
4495
22745
13584
20442
24605
156
4538
4926
2568
9687
15191
17344
1211
21590
2640
9393
24719
3102
11111
26975
5871
26369
32503
10053
955
15471
32125
14462
3561
14223
17752
8832
17266
5006
13773
21766
27756
29240
15182
21838
22899
197
12540
10629
29006
24309
31594
6272
16848
31839
16548
4524
6139
24581
24944
20808
25452
3629
6099
5329
26867
108
24279
29630
2177
25604
1932
12398
6727
4720
8013
5471
10012
30780
2884
12960
31
24090
32049
3977
31134
18483
9574
9385
19767
24507
17942
12800
26429
6856
3024
17774
9054
5732
20295
1388
15490
22240
9300
5114
29685
25196
23102
7640
13257
27109
20792
27129
12406
29678
18731
32053
19908
15938
3510
9790
19179
18761
9076
1493
31224
16873
23165
26430
1650
15774
27183
31985
3902
31949
31278
21906
6080
10069
15529
7459
5187
14184
32223
32377
5531
1689
19682
14572
22536
12597
8603
15955
14686
17367
9231
27952
23139
26423
30944
15143
28537
32323
14103
25525
1149
27249
27424
28446
14318
27219
19222
9639
12626
18028
66
17158
22229
16450
10718
32279
1588
30644
32030
14544
21721
14990
9841
27767
6984
29275
20484
9746
20409
9338
29063
10016
29702
14452
19765
32390
6856
30861
15886
11724
18365
153
15207
11913
12142
3857
13733
27676
6670
27750
12358
1437
28068
23701
15649
27668
9069
20220
15598
12520
11387
16492
2312
6298
2467
895
27250
17842
6806
25388
536
4090
26702
21400
1624
23531
28332
9519
31169
1637
10591
28148
16155
14499
26631
7445
11943
14445
11674
27843
4264
2191
7943
9792
8481
28043
17690
27706
225
10891
9632
32599
14269
2713
30667
12561
11293
2578
30680
30916
13242
13400
7662
24325
8613
2504
15434
13110
30092
492
18585
16215
4153
32241
21669
28191
4443
16219
31284
5964
17033
14071
15917
26167
13188
16401
12029
3755
27580
7144
16953
17399
21782
16735
13701
9794
17389
21749
30388
6687
16471
23799
22321
15970
29865
1525
3741
29745
25917
2930
20665
11614
21874
6367
31367
29940
32245
14027
6828
26127
30783
6228
22809
1265
863
23777
490
11859
1530
6675
14222
4345
29072
16888
4137
25993
27392
14722
8758
22685
23631
13112
17521
23319
21413
8748
1268
19637
21400
22829
7072
13541
30893
10813
23486
32218
6172
6726
26854
26079
15316
32008
13088
6891
8127
3414
32330
13430
5191
21890
30906
32652
27161
31766
9508
20768
19241
18628
7101
21154
9462
30112
26272
31956
2063
8333
32113
13529
8406
28917
9281
16270
11652
17854
12722
32542
5485
32633
92
11985
1414
15068
3951
4389
13860
3954
5785
17440
15878
9873
4394
12260
5782
16013
1142
17284
13676
28203
1402
29718
24340
15448
16835
12810
5905
24603
3980
18618
20769
15561
18727
23617
18371
28280
30622
31121
7159
31413
4249
27840
8773
31098
19330
20899
256
19034
20968
4766
972
10751
20257
18874
18526
15318
9012
14328
10371
23561
15606
18150
1380
19886
24434
18543
22536
6462
22158
26871
11034
12104
24300
1960
25069
9062
17679
26886
28861
4977
32703
30666
27192
3825
18862
2029
1596
4823
32347
20483
1507
28015
15927
3274
6333
7824
7687
771
10076
2070
25993
21376
10006
657
8538
21887
23302
10815
3095
27446
9812
30776
4802
1199
21430
31721
30824
17622
30263
18627
23809
31953
18232
27700
11160
29071
9652
32727
13228
8100
6856
11240
29141
29012
1906
11770
19371
6893
24473
14316
17123
4443
5709
15129
25531
20214
8017
29647
29337
23198
10710
18691
7406
17674
30858
21570
12641
4189
31441
9707
9002
13818
2898
6556
23739
16026
30646
20202
9638
8348
13740
6741
8123
22684
26929
634
8048
28742
8206
7563
25479
26476
26274
25341
28650
13143
6625
17792
4058
18523
6813
10548
17224
25006
17925
2586
7043
31611
22379
26313
19220
13105
5962
17250
27878
545
31623
22725
18091
1608
7415
17413
2682
19817
9762
18970
23485
22112
8006
982
6986
15538
15263
1563
16080
17000
3046
23114
14197
11294
14872
23294
11197
9047
12920
18683
2222
4883
24023
11361
11826
12964
20755
22054
15036
12989
5598
5570
14894
16588
28864
30508
15355
21641
18527
7430
5256
31695
4607
2836
19929
6316
26437
29939
2921
17844
10560
25864
25945
21658
21674
20406
32461
6913
27498
26324
23444
399
5982
16734
14599
2371
27224
11114
28211
15113
24422
12894
5946
13708
343
16737
4086
19788
23162
25103
480
29424
4521
30065
2352
21469
22662
31020
13638
26887
3845
11512
26697
26631
16427
11348
23054
19055
23573
20601
16955
24410
21307
28300
28076
6983
30454
17943
17173
6695
17216
13242
31465
1972
30139
31774
3707
25093
5622
17195
8804
19039
21227
891
28708
22607
22988
6670
29452
8949
2559
14911
23643
29859
10855
24054
4775
23719
997
1568
16510
4964
1310
24412
13902
25768
21375
7927
9090
5177
28031
11291
27374
28849
16932
26947
5741
2188
25033
12786
11720
13696
11294
24741
29914
29197
8048
28934
21746
11604
11563
4706
30073
4396
14237
15965
18389
28275
7420
10213
2700
17314
29611
5732
1965
4516
23481
314
4716
29417
2475
32618
2060
10422
28283
24467
22530
4799
8416
31779
22359
17655
27600
8135
25422
12199
9795
3622
5959
3517
14395
1230
6627
3431
28929
18542
17769
26337
4785
4679
12136
21900
14072
29149
21406
10047
28957
30450
26137
21985
20798
14260
4252
24376
11485
1846
8004
20220
20635
28701
24683
12080
32578
18332
15309
21170
25097
27810
17641
11792
19988
1873
19627
12957
827
23731
13895
24516
18444
2728
4968
32413
1811
16419
19338
15294
20825
17814
21156
4948
27178
27051
13067
17266
16411
9781
28307
14504
30540
4454
31479
10456
26859
28482
23931
20549
15353
30547
10703
1261
31569
8863
26679
5145
19686
5591
9961
7730
11852
31697
15030
25814
23162
25656
29421
16171
15566
31363
17533
10355
5457
10531
12377
7393
12861
32001
26913
14507
25276
23847
31742
19809
1779
27325
206
24957
24895
7480
5505
20027
3262
28366
10434
28587
15634
11565
22490
6916
11105
17004
25554
20283
21664
2626
472
21460
27922
1910
2789
14841
11531
3478
20124
29641
23290
13036
3444
30194
13990
7854
24089
6018
10680
1909
528
9210
24954
30192
28058
21412
13790
8154
1756
7719
450
28457
24636
7001
20594
2441
29198
26196
1135
27656
6000
14028
23407
28435
21106
9376
29604
18081
7035
18862
13889
21166
16360
13804
19259
21483
5109
27061
31308
22708
31713
19040
7486
30274
4173
17687
1894
8738
25062
5094
1647
16357
8259
22803
24665
14106
10256
1198
29376
9593
15469
14440
22370
353
28561
7593
12764
16517
32435
25052
2740
22242
9514
19726
23452
8692
10963
9911
12533
5161
12723
23767
1171
13462
1757
8517
13760
18152
31382
28996
17027
12190
952
15192
9762
26742
12884
5976
229
6437
13723
17603
27933
10315
30975
25431
9573
22694
7317
6624
24616
18054
19646
8015
1123
22913
15622
23051
7084
32359
19020
2444
9588
15737
2084
11813
12169
213
15737
8993
22494
7989
5239
7954
7055
32473
423
3686
5920
25794
9820
31803
7174
17441
12879
32117
16232
8719
2182
21005
17958
24958
11130
12459
4635
2928
13432
28792
29855
26471
23112
1325
2640
30748
19213
369
1043
12403
23916
4961
341
29871
23792
12144
24471
15330
30125
23921
9001
26024
804
23538
23861
6165
18023
3532
13056
14828
18302
26104
27245
23826
26120
17828
8131
11586
23845
134
2223
14081
16020
31601
26765
6869
10521
6438
6627
178
15906
26988
20782
24501
6825
20067
31970
28181
22364
3093
26284
19798
21500
30286
31226
18111
20995
12462
21437
11279
8841
13564
32621
12396
27496
5053
1358
19868
18335
8965
11763
2423
18164
3982
7936
12188
4318
1031
13620
21348
11937
23214
16294
11796
16571
3361
78
11607
9087
22129
5576
17899
18176
15225
12885
24218
15920
28014
17443
26476
18761
15031
29390
28955
24428
510
5670
22727
31624
23431
2611
23531
12414
27840
1142
10384
18563
6682
20082
15808
29637
2840
2411
12350
19025
13477
24430
10100
9524
23979
17809
9901
4832
20961
13180
30340
27346
14053
29736
17052
17522
14218
29671
16274
21819
31091
12197
27952
31259
4321
10605
18660
28701
26313
1583
1136
69
17706
14528
5346
8891
32157
24098
11719
23853
24110
12038
31900
24686
26730
10895
14469
10595
32441
24153
23106
10527
31726
28602
4190
14413
26909
19015
17321
22990
17836
6042
16361
4260
5549
25683
21709
19727
10859
5725
802
13557
22851
6259
2633
19335
5302
24290
27113
15394
7100
10640
11233
19571
13146
10045
2689
14815
7798
24073
18169
1570
18411
32054
17425
30518
21209
31792
14619
20086
1342
10954
4390
31491
16587
5835
19061
19303
32240
27305
27184
25208
32058
10644
22616
29567
8926
27830
14336
2458
12438
1466
4027
24159
20907
10891
22097
962
11603
3678
14262
25913
29502
3058
9788
25630
5740
17686
3079
4948
10817
23405
12481
22061
5595
9838
10128
26251
4515
2734
22853
1606
8994
22114
32471
24526
2839
18207
8207
23058
22982
7397
27268
25504
7570
24156
29898
30989
24526
12893
16871
27287
25553
29364
6406
9481
23624
23589
1392
479
2769
32685
4791
25259
32197
22793
6452
7095
24660
11901
11956
29164
4312
7630
3951
12274
29027
31376
4922
5785
9882
25000
765
11384
14535
9737
25190
12500
19241
31425
479
13763
23951
32313
27838
9616
19493
2744
1980
14178
397
28714
29609
5913
3889
31520
2142
17529
8152
27927
31730
28042
30840
18941
2609
18494
31563
7921
12361
12117
24869
9803
20679
1662
7429
27868
21442
10687
7658
23671
5974
27670
25320
20399
17493
26977
5498
4835
23352
12155
7706
30328
3420
680
26383
22118
13931
16691
16775
15094
2583
10837
8421
30410
18959
3161
8284
26141
6187
7678
1725
13132
14570
1821
15501
17557
23071
23691
26715
14111
12775
4929
9552
2875
2526
11962
2056
26090
2707
11933
26016
2975
23353
32668
4369
30790
27039
29596
700
14468
28258
1302
7750
26689
353
27069
2725
31332
21105
14433
20603
11741
23122
9747
12963
21481
6114
7818
29962
19345
11665
15301
1473
22132
29461
24818
15440
10951
20319
31887
9036
26266
28365
13775
44
18525
10657
2367
3416
20642
11954
6313
6787
12581
18017
12856
1851
11529
16847
21214
19390
20068
27213
10227
1040
5374
1300
21535
12618
598
16183
31609
9525
9958
5589
23280
19479
5288
3731
28395
18637
23257
21577
27948
5914
28413
3068
5626
10303
10019
30221
8319
11724
10602
12207
18031
1717
29892
10398
13034
680
26362
8463
22692
28574
25585
17378
29507
9649
555
12575
14344
1325
24720
3232
31154
6889
2415
25867
17311
24280
1728
1796
12341
16603
2988
4256
32384
30681
22351
22812
11036
18194
13500
207
4182
11696
15425
15709
20878
13471
14829
13870
5600
20127
23888
1310
22019
32408
5762
12150
16752
14381
17511
11036
32455
11923
6192
17414
19311
1444
21029
30196
15997
6447
15266
3679
13016
20115
608
10924
7322
9356
22774
26278
19897
30028
160
20267
28134
7886
8254
27941
10677
1383
3232
31933
23807
9374
26112
9419
15493
8765
11984
17040
17109
6056
16311
7591
25714
1390
15574
6201
20271
9502
28751
12145
14556
3420
11784
24623
292
23603
9388
17409
10934
23469
16371
31311
28579
21665
36
12757
29959
973
27352
26198
25068
25892
30976
9871
23915
18793
9769
30315
14356
27133
1279
8565
17553
28406
32016
4498
9093
7024
5587
32240
1722
5160
29417
1594
12156
29767
26018
3598
11328
9339
14275
27824
6538
10316
4999
17664
27149
21934
11491
6569
31251
10962
4110
29084
29215
13890
14657
8381
15569
17709
22972
2267
5131
19455
28169
26342
26962
15669
2436
92
11639
17008
31515
17669
15222
3016
12115
14560
27294
10594
29579
14941
3058
9029
32389
30924
22224
17257
25122
12054
2256
17937
19053
30379
15599
25691
11739
18107
15853
27926
21202
29609
22515
24531
20071
17085
28025
15935
24684
26137
21351
1968
20650
29934
14458
4861
12651
13295
7146
14995
11068
16902
5962
3781
13808
32070
32687
612
25320
13346
8724
17808
7314
30428
7933
17101
32560
7488
10587
29274
11995
21649
11440
30654
20167
18884
7795
15779
32200
17388
32438
999
31765
17142
19462
5105
24141
30358
28307
3905
29111
8577
24209
3147
13774
15581
2525
30086
3837
28661
15588
24256
5799
12338
4801
17588
11370
7495
12453
27358
11429
28075
20604
19342
28727
32588
24269
20028
31114
24706
12258
14363
29393
25921
4138
2800
24973
7316
13275
17957
13142
14918
18907
15897
2008
18658
13793
32187
23580
14303
13784
26199
31497
6676
30340
432
22314
10354
23399
14926
12721
23793
32230
28185
12988
14795
10152
3879
22232
4329
19519
18131
21955
24474
17930
20239
26231
4747
23129
30203
1123
17908
18643
32694
6652
22031
27157
23155
13428
21454
8604
22736
9417
12749
9957
26212
12802
15750
27090
27287
16566
14532
5712
19895
5069
10074
31543
21576
2698
9492
22642
17563
32714
22510
22623
2722
11910
21124
14456
19970
16287
31434
25908
11882
25819
18685
3368
6691
9514
29401
28530
29417
15919
22285
26967
29946
16123
15596
1835
5228
16412
15461
7281
17603
23766
25141
10052
24259
20912
25691
758
6275
25651
31436
11766
17347
30702
12393
9975
18047
29885
16430
9550
453
25163
21164
12444
6851
23766
12217
23470
23076
18226
14438
9889
5533
24081
15665
19530
22466
4225
1148
32469
14879
16822
5438
22443
9604
22538
6649
32410
27808
15682
28652
19504
29905
13331
13961
27495
24891
9957
29481
16008
29720
21462
7423
2889
6734
31234
9546
12856
21831
27650
20431
30045
30461
11186
28551
4635
25684
29495
23445
12888
20909
20289
12410
30942
11704
11918
12684
11520
11913
2736
24229
18816
13551
3599
4632
29360
31233
23345
15081
6104
15097
22841
1853
17368
22342
10670
4879
24846
5340
11134
28453
29818
32463
12099
5186
5152
4640
16580
5790
7342
11479
10687
11667
27231
29521
4582
25497
6431
8156
24615
628
4080
28801
16688
4012
23436
10017
30515
27966
7244
20420
22246
29329
2888
16685
5583
4523
23232
2994
19902
23717
30139
19018
22939
32604
25325
2536
28513
362
20190
15111
7019
25685
329
24966
239
29189
16834
30391
968
20348
28572
12723
16248
10177
20746
10736
28525
797
23940
2069
11395
7818
1901
14604
9163
22377
18674
22361
10891
32627
30773
16043
21381
11506
9899
32177
27004
23345
4034
6703
29429
28465
23240
23377
9019
29853
13320
3647
23717
9984
310
30961
10267
6966
13581
28485
17879
7457
1590
15951
15209
5533
3436
25072
766
3253
3806
14506
16353
7191
29396
10674
7234
26053
12694
28999
13367
25358
13962
1859
12800
8125
32412
21488
32655
13712
30178
10012
12616
7147
22656
9584
3589
8142
6858
8189
22621
6149
7337
2584
15654
10654
11328
360
2872
12448
7119
7229
6260
8442
28375
29219
30725
29626
25215
4792
26086
29823
21814
24250
2980
817
20890
30564
614
7663
16536
14331
13866
18249
1749
28068
3665
7344
4429
16760
32606
12586
5435
2266
27131
75
1848
28680
27453
3424
3494
13041
552
749
29263
22599
11894
26202
22346
8916
27796
13289
13087
11537
13038
30443
22570
25333
21612
12852
2885
19979
27708
11468
28065
26567
14035
30439
15861
26138
31790
15127
13531
13892
28510
12225
118
6634
10051
15566
9049
6760
5272
10658
15012
18024
6447
26450
28528
28084
9342
19217
5998
20296
31067
19692
18634
28076
260
7864
25942
32128
20322
12104
24804
8792
15503
28131
18163
28107
14229
25076
17295
21703
13945
27396
13170
3879
26488
15590
32623
5512
1936
27697
18193
12632
578
7924
7807
21295
16023
13732
25506
9059
15713
89
28298
215
27843
21562
8462
25107
21747
5430
6579
19610
575
2038
3536
22135
20558
15
3823
26138
31401
15995
16245
9314
5753
5194
14982
21755
22931
7573
13091
2282
21169
10420
3733
24422
30466
7600
32271
18666
10470
31227
23439
136
7154
13407
19973
12160
14907
7477
30903
28433
28369
3799
14820
7311
31113
600
15527
13238
12288
23666
25119
9022
20444
1727
17869
20399
18005
10540
24893
14455
4341
6060
4841
29498
7067
18473
3162
29033
16326
25792
27536
17430
18704
20013
932
20999
8953
8836
6316
13321
5094
7203
4831
11142
10602
23780
27898
26458
14787
31127
25058
2787
7848
22959
7562
11095
3394
16187
29975
14171
12152
2840
27202
31953
25199
4453
32254
16625
15953
4664
5723
7835
19278
10895
31659
7915
2017
20874
12515
16399
9301
13783
11076
24149
6023
3949
11578
13192
28909
14717
18564
24701
3031
10405
19349
13545
2037
4456
7738
10613
11034
21211
20862
16405
4159
31136
26315
16021
18379
28440
4689
30581
19730
10453
31915
5366
29979
27726
18368
6773
15014
31447
23272
4088
2925
14800
14929
3079
31403
11036
28064
4029
31963
18901
14811
26910
4290
7997
12934
4011
31151
9208
26124
12084
28418
16761
10593
21742
25835
1979
18150
29381
21108
27441
5261
11507
6338
7935
13629
9682
28567
24426
2424
15342
31516
16525
4923
28255
28382
21838
20773
23382
25110
17041
21724
3317
14637
4780
6317
2148
18559
23834
22642
21281
5216
5747
29113
25239
21084
7323
3874
10739
4035
21306
8969
14899
8550
25709
30053
10367
16539
31164
18672
11965
31111
331
23433
14944
20124
21332
17878
23936
13664
19412
32301
22064
20592
11397
693
8204
2757
23309
28360
17425
30775
20341
32668
23218
7999
18140
19491
29735
4097
3693
13359
23305
27786
31374
19162
25884
18006
24154
16421
18028
29973
5970
3551
6811
19118
335
27593
6265
18565
26300
20215
9173
14842
16641
30841
12691
22578
23874
22331
12799
23321
14666
16682
30049
7079
11458
18328
16082
11107
12967
10978
31053
1318
26363
12624
17161
15138
3258
25916
17158
17954
12303
32375
31974
23059
14536
31464
5887
25540
264
10870
18094
5098
17467
12841
22254
7015
31311
19083
32041
31948
29474
15701
28750
5916
17974
26183
30243
19923
27308
15192
23261
29222
2928
8207
1774
20877
27569
2097
10014
3455
28564
11676
6877
8316
7465
23923
7383
13393
10654
8315
22986
11672
26290
17093
27028
4222
9325
32398
24209
8905
23310
20067
24355
28441
12614
10889
32146
3437
12963
13723
16919
21738
19023
7285
6963
23256
22010
11601
10309
25326
25877
27184
4700
9423
30785
6780
26442
2772
21767
8171
11002
19980
16841
4774
4867
4993
15864
26795
8316
28349
2696
11375
3091
28045
5793
1736
14425
4357
9368
8203
7776
22468
15133
7281
26760
15738
14006
14272
12182
21415
3948
17447
3590
22437
9923
4201
32163
27112
12784
31038
13140
19077
5191
10742
27961
16113
15859
20575
26358
1291
25321
18409
26703
30557
7711
8
8694
18079
21752
8666
19616
27773
28419
14602
15966
15259
13798
25588
27179
12501
29077
20233
32193
27083
5320
32629
4530
25757
3499
12544
8115
27891
3799
19250
13115
23105
25729
12731
2125
841
10737
29714
3217
2785
29494
8283
30378
27126
16153
15758
26564
23249
17743
12502
19308
2457
29939
4663
27045
11801
14131
13428
24376
29380
19017
25648
28747
19702
18605
8787
26933
10877
12424
23983
401
6232
32620
28644
30097
18110
13891
24960
18838
3683
22918
14699
27645
23286
16816
23427
10555
7918
20465
14979
9772
13446
23334
24873
21672
20486
26889
5784
5720
26437
1957
8699
455
12908
23310
29035
32188
10748
13134
10259
9928
9747
16034
22417
13083
747
11239
26784
18587
28323
20815
30452
31032
17474
11096
9318
22905
6137
18431
10065
25947
22696
29232
6204
10076
10916
12674
17081
21971
24504
29217
32140
23170
12393
26891
19984
30830
6782
2176
23255
1007
2240
6323
29073
24835
10239
18630
9263
15335
3413
19445
16712
12265
4527
22290
11195
20600
1672
4657
21910
18557
10232
21156
25142
1006
28654
12586
13232
6047
11961
20579
26480
23388
3278
26503
1568
27190
22981
25944
27340
32026
19620
16213
9539
21416
6496
16689
23488
8001
32673
28803
28617
9314
14022
22719
27224
1585
23337
21349
29497
28758
16548
8312
22451
4876
20052
25394
25706
9592
18332
22262
5764
25145
9837
20614
26635
12864
27333
24438
15250
31202
886
9185
11036
15403
13353
11354
15929
2166
7330
28709
19314
26170
17734
14760
2279
13095
21722
5404
4151
10098
21389
6024
22944
29805
7993
4592
29288
12634
29926
1225
29307
2689
13200
26545
30037
26240
15402
6493
6690
30179
4834
3027
20260
24820
9639
217
27734
2004
23528
27309
24911
2251
21407
17654
31336
221
28559
31227
289
15006
6857
10259
15297
16199
25973
23388
4157
32264
24271
4016
20059
32160
20592
3797
25879
19500
16079
32500
1862
8508
21255
13645
889
26156
4571
8488
21284
6322
1015
25359
9472
15283
13176
25658
26285
19035
8879
587
4508
24940
8226
9020
16172
4822
7124
17813
18451
6025
25031
24802
29440
21383
23998
10852
30335
24637
19527
4615
21020
4371
31993
2964
17099
9794
2555
30760
22151
8677
10438
17381
25402
29524
30763
3047
25821
27821
28567
24697
1760
14003
21398
30601
23756
14044
21398
25434
3623
7077
13550
8569
31128
809
12062
5618
4939
28658
23896
18115
663
15
26944
27537
17118
6758
21233
9626
19381
1612
31296
29675
1093
8531
19780
14291
1521
10083
16406
23959
29242
16653
29141
32103
24543
19483
8941
2193
9032
4716
24729
22261
30244
25343
2471
10425
16978
16717
4220
28734
5117
7900
7767
30802
30476
21265
31706
15015
17337
17734
25286
31363
7807
32028
7430
30650
12090
3346
5359
19930
21386
2903
15046
21413
20600
3293
25474
3780
18268
22191
1236
4025
29182
14724
29285
18966
27131
19348
95
15596
32618
29866
12078
32647
25280
123
17544
1624
9713
11062
30122
13363
22744
23644
1765
3003
17625
978
1114
5402
3013
19765
30722
19445
11773
7533
16625
10654
15323
3717
28635
8076
13901
23993
19671
5641
25283
32721
27235
17195
5708
20398
27048
28165
15355
2851
21504
29214
6800
4614
11702
5923
7508
7046
9741
4312
9285
21950
2179
15188
8051
9099
21334
26478
31146
27803
5960
19315
5713
13255
1183
27674
26258
26531
18801
4537
22972
8531
9502
7608
11493
17824
21790
21574
24019
15435
16125
28236
17693
12704
31651
1951
7053
5711
10201
15738
28361
20856
7689
4395
18738
22789
32069
25356
4365
9276
8587
6581
25313
11412
29000
18800
27423
28872
9242
28654
776
11819
26330
6200
5324
17467
218
31463
2799
30328
24171
28312
20209
119
9379
15515
6958
12338
12893
11755
9219
31394
12928
25699
23602
16016
9093
21550
22664
10664
30771
29056
5821
29647
13741
26243
11163
25782
12975
26005
7266
22447
23573
27568
26476
12736
8861
1833
13
32246
30189
30366
16829
9212
28888
13354
7801
27884
6877
16602
3174
19045
25328
17509
30392
5086
14206
21783
13778
11834
24491
31759
21166
20892
31198
18858
6528
24956
17279
3647
16278
2811
3583
2829
8323
7539
1305
12145
22140
20819
10840
13917
12802
28970
10714
14341
21698
6401
27731
987
29625
32750
2644
22206
1179
32742
1230
16750
23158
20435
26322
21316
30098
9190
13466
23840
2717
10287
19405
24738
1284
2411
6399
32669
2212
29
18039
32712
13986
4576
18486
14007
14743
31995
26933
29194
23793
566
15853
12261
13206
236
8220
15264
4554
6498
6087
703
24146
18775
21883
13860
32473
14044
8665
2947
25492
7526
26194
13079
30242
4386
13102
21907
28598
3208
26323
11868
23159
31795
23108
5621
16935
15600
14056
4282
22531
16405
22925
13778
3563
18964
26284
607
27843
32591
29678
27895
10777
13102
27376
19800
16648
11631
2371
27735
4700
22974
8632
20506
20470
5510
730
6279
14195
4102
9915
32764
24584
28839
4084
21569
8112
14221
30695
31675
19338
3180
12871
23266
22396
28573
27099
11765
6429
369
6782
10988
12754
21445
27755
32686
25655
31190
21687
132
22720
19031
7967
6861
5536
1985
17668
24564
11753
25323
13748
15520
27637
3034
29675
12330
31494
17626
11418
6228
21545
11213
10982
25912
29280
11716
19828
18814
4607
22732
24804
15058
32599
11
923
22165
14482
26123
30406
32467
26334
24917
155
17270
29390
12098
17378
27577
14332
26894
12469
13279
7156
20270
29316
4900
3149
24291
32604
7668
10265
26128
11368
22619
6272
2377
27576
3261
23719
28716
5953
31431
3287
3060
27941
29349
22747
11339
8501
12405
17833
22112
10164
3068
28229
4666
7518
20632
19427
8780
28841
20854
18764
22857
12363
3589
9602
569
8956
31403
27047
3789
3197
16822
30235
32751
17369
4245
27365
15518
32491
17736
28500
19193
30496
4117
7397
8089
19327
23933
4456
30500
17382
7278
27743
28191
22934
13498
15271
19204
10481
16840
7002
11925
12419
25994
3315
7791
320
18350
18867
7650
17420
5401
5188
18688
14465
5009
19869
9716
4332
7609
20773
8342
20376
6979
23579
25660
2384
18785
1077
2002
12575
26492
391
16429
20826
7209
20391
3228
21984
9817
27151
4544
19361
11983
10178
5790
14685
19928
31283
22515
30126
6454
4962
9671
7753
20061
14152
32581
5249
27874
15477
8394
8973
21808
32760
14396
12554
16253
20607
13213
9796
7932
5311
24032
25777
17748
12566
15867
31550
23122
28783
27709
30158
31706
29799
20962
28288
6692
28846
1765
17457
25637
13743
16917
6723
22602
20083
3947
1436
19820
13762
16539
2801
2049
26252
19433
21060
12175
19336
3390
13227
14439
21019
7547
340
5519
9339
13325
12998
18176
20244
18114
21865
6161
21803
23514
26185
8756
30913
16994
30999
26592
14778
9405
20593
7118
20542
10628
19298
26728
9824
5776
19501
19327
5373
10836
31814
23100
26599
8048
4514
345
27971
3716
31024
5520
5168
8770
2728
18516
24234
20936
10627
21696
10925
5420
30538
30925
5789
18520
31508
3783
1253
12312
25163
23298
735
21873
16046
25033
5876
11061
26012
22935
14852
12756
21647
3466
7
3445
16103
17428
13301
16965
10473
32244
27364
2831
13319
8548
21104
32270
97
26004
15968
29695
18317
4696
14727
25977
5267
26653
7655
12929
15676
17442
30749
2138
141
21733
14841
22938
28302
29403
108
7299
32080
29027
28839
17295
28461
31741
28801
9293
28242
21431
15897
16492
379
233
10941
9493
15870
19746
32011
21631
23307
6498
15958
28093
2610
25738
30540
1754
14629
5648
8149
27943
8384
24823
17982
16340
17734
21247
12694
6334
19438
25625
856
14216
18846
6685
7243
25325
28406
5311
18599
29780
13712
5568
30585
16805
29318
22881
328
22876
29237
21277
16889
17628
321
8855
2544
17669
1754
21714
10872
15624
5181
17824
8549
16250
3453
13661
10232
29096
20355
26332
10498
14635
30547
22946
25164
26556
11922
29778
13623
22857
8517
13161
27296
14408
220
12331
28166
23627
14447
5086
17391
30420
13895
19253
16263
619
28320
3599
15243
10223
31661
3938
23141
3626
32477
26993
4505
18343
10077
6726
1119
21192
478
9308
29073
24595
30104
10140
14536
21197
4751
1674
15043
12234
5397
27585
6408
28291
17040
17309
6349
24681
893
32311
11544
8825
24245
11670
27686
19729
14831
21539
29706
22018
903
30558
662
22758
10622
19152
17534
14772
449
1856
8123
21905
1966
16938
32046
13801
4820
22893
21894
31167
27386
18244
1379
26945
23907
29303
11451
26528
14161
20179
7550
14110
18888
25047
7541
17257
23188
32688
32624
26151
9870
21608
22432
22994
22810
3418
20290
20166
7412
14057
23421
22168
10797
8817
23438
6570
30064
26750
25122
2812
25738
23356
11779
3653
11305
32047
5623
17475
15076
20516
27622
29007
21884
4200
6970
12852
18530
12343
1675
29505
21113
10103
26748
23965
11548
27559
15328
11995
21859
9234
28450
11982
31394
28232
26339
14239
13875
18126
5092
1052
28790
27157
8231
14419
5909
16809
30545
22624
2189
12715
11859
8579
22762
23169
3657
31094
21457
8908
18082
26621
24516
7578
2690
20158
9890
8414
7524
21331
10093
8221
4868
12190
5456
8041
18044
23644
10209
21139
19629
18941
16547
15517
26080
7092
2511
25454
12973
6346
29268
27593
12317
18487
11036
12672
16139
27251
2449
12261
15056
17802
29536
20098
25375
30575
14204
26122
7469
17042
30823
4495
20501
2228
2989
8180
24700
26618
29361
14758
3952
11841
20651
3719
16534
5810
498
8235
27525
1430
14455
31815
15469
13931
16786
31590
10236
4151
22786
22494
30338
5148
11567
12547
2643
6701
30897
20122
25965
20608
21782
14481
12890
12420
10976
30445
21592
24213
25294
3587
17080
10190
15453
2795
13188
4639
28045
13362
22884
12959
28648
13007
14530
15907
7873
18264
22573
2063
2746
24438
20475
25452
9865
8087
32051
6715
12539
13538
23466
28425
56
880
19307
23748
4682
1209
17756
2253
1753
27212
17183
6990
26168
22724
24119
29134
22950
20215
27244
24579
14541
3440
3952
29415
4239
4640
9666
27150
1794
31824
23251
23350
16569
27866
24680
13344
11078
13977
11071
3742
20732
29470
1269
2798
6650
20388
29991
9286
7781
9798
17880
13232
28148
14192
10002
5400
28850
6036
13776
8867
17663
9502
27164
31299
16088
6825
12405
16777
27737
4467
12915
23482
17280
2062
4782
17956
23860
16729
8155
3762
24966
4015
17208
6335
2358
24670
11819
9256
22649
7003
2853
19109
30457
11060
13773
26457
18718
16709
15963
7335
11916
10799
15425
27720
2541
18054
13329
5530
30192
31690
5275
11835
19345
12697
3925
10455
23964
12066
20481
15934
3436
27869
22409
27834
7417
11898
32302
415
25106
30999
24801
24867
16102
14773
15857
112
969
12269
1255
17912
7733
28895
7599
17417
14607
5740
11000
417
12844
28325
19420
17795
2324
16258
8388
6026
11014
29400
6022
27710
16444
16005
17105
11941
24175
7405
16587
7260
17566
10667
29944
10213
1036
13952
6494
21827
14984
11407
27367
17604
16880
3533
29958
24607
30968
10931
16541
23998
2344
24630
27167
3677
20004
29176
25330
10452
16944
21696
25111
2097
5107
32040
18444
4106
18811
1685
31217
11026
5250
18028
30699
6121
15344
8067
12998
30777
16033
10710
25822
22014
4967
636
29247
4901
10835
22489
5131
30553
4912
1556
21276
20506
27985
22475
5611
22287
1165
16134
17840
21149
16263
6762
20171
9400
17203
23216
99
15353
28565
7253
3917
6897
6604
2450
16431
27070
10064
6286
31973
17883
28280
31187
22819
17469
63
19198
19036
22939
16199
25019
5859
7437
26654
17137
16465
6360
28353
6714
27942
7560
21854
17814
5555
19264
24670
18784
30775
17743
19363
16513
6216
17411
25870
7395
19828
30914
12357
19497
9513
30806
30643
5277
7122
8073
28368
15977
28995
9714
18850
23819
7255
21262
28036
19715
8663
2451
7974
14798
21150
7424
20949
16408
13563
9593
31740
46
7511
17874
5355
13490
14872
6122
8152
8594
5829
13114
26659
28474
23146
429
21215
17929
17726
22194
27021
15874
12675
31888
554
30405
7086
11259
10349
27581
30152
8676
11338
22682
18964
18325
31162
16898
28914
8444
7614
30339
24067
30023
7329
7117
18574
26034
32126
7198
13090
26269
12035
2045
5757
20194
10612
16427
13229
29029
29171
31703
20853
29933
25342
32529
26866
24114
24121
5505
1406
55
19310
9561
23509
18137
2258
28296
23671
4008
12426
18993
17741
1271
22381
32347
30350
12079
10508
31210
3812
12393
1263
3278
4811
24123
290
28794
9018
11729
30193
13463
1926
9792
30447
25594
3715
19736
23869
30164
2796
16696
18184
24361
28421
30695
12372
22660
19326
20512
2296
11240
13723
28716
27626
7945
22674
8567
23485
19900
13877
7836
10344
2221
23248
1986
25161
3152
2133
28971
32362
9242
7350
16394
4098
3568
14227
18837
15167
12768
25365
26716
17730
527
17434
31705
25964
5874
5522
1608
15320
23489
29480
23737
4392
24361
14118
7523
17285
7234
28562
24635
1249
20416
11933
21957
20095
11629
14911
18474
11702
2519
24347
12940
19954
19525
27304
25238
25595
15600
4242
22615
24186
880
16222
22608
32697
26997
10318
25547
17578
13751
32388
2927
15659
13104
12649
20498
14728
14472
9808
1486
28993
17361
13655
27991
1806
32372
28046
30603
3617
15723
25692
26443
29867
20913
5150
17802
30625
15607
3600
23459
960
7833
881
10224
10191
27856
27106
152
31780
20009
16144
22696
9065
10038
12178
23398
18592
12419
9493
20962
15973
10443
32694
1741
9075
30572
32431
7310
12394
21273
7222
2451
4816
16591
24738
12005
31061
32522
28880
15616
13659
12600
23493
23265
5557
24430
27540
17248
24239
7770
32130
19648
847
29561
9577
3717
987
18825
8282
6533
5531
2370
23174
30274
30688
10817
3167
23927
6726
20549
13050
24305
30773
18589
26552
27296
19886
31713
23333
28654
2372
10209
30496
1871
8040
30171
27709
23066
8938
16625
11879
15511
18109
8409
9418
11865
11515
3287
4336
13518
10024
10984
28969
17428
19387
8000
25137
10766
1242
28663
17421
12216
31846
20736
9782
25783
2359
27738
16121
18741
425
31370
29214
18923
5975
16200
10952
17023
8230
15993
3228
31249
28806
15709
16421
19985
10996
25610
24183
32595
10435
4889
16403
21861
24605
16799
13067
3104
27461
30559
23655
16253
5406
14141
18630
18858
3825
28150
28745
18269
13163
14607
12716
13929
31461
6667
2230
25231
1257
27105
980
5270
23281
8365
15617
14237
20593
17830
23016
26801
9240
6992
22349
9371
18003
23539
9129
2043
26900
6731
19732
21915
15569
6785
18024
14077
32463
14170
1956
27446
15520
10159
3470
22527
28907
14365
31901
12554
23915
19709
27413
10642
17978
16534
5748
25654
29264
29074
2061
5383
5446
5551
27891
2528
1632
9399
9496
3318
26827
28594
19894
21935
10531
14426
19182
31672
29753
23759
5296
8274
2834
27532
19162
16876
6195
13210
21668
28151
27163
9475
3899
17654
14098
5514
20396
1236
20001
15769
15364
3451
22882
379
16309
5026
5498
23243
7996
30182
8803
30253
28417
26653
20847
22844
29055
26855
5257
9411
8356
13701
29374
18223
26235
12271
9725
13124
18696
27424
17947
28432
3444
20917
9498
3869
5738
6838
16555
29163
448
180
27889
20381
18778
28436
7304
29171
27467
6570
27078
10360
23870
12938
17729
19709
20245
12826
28049
27717
207
25964
5207
26370
12207
14027
21630
7936
24218
25748
24000
1185
32194
6728
31084
6281
13697
8158
19559
13722
22663
4958
31345
14115
16696
24747
3754
20308
7760
27552
19797
8694
29385
8287
21211
30553
19710
24038
9235
7053
30992
28388
5056
15828
12937
1226
8540
25688
6463
26916
13588
18458
28028
22826
23827
11563
22363
16274
28675
2846
15733
16553
14545
6589
28349
19618
4017
5627
9129
11310
1123
21290
6803
15181
32180
27758
21342
18019
29255
10866
11868
15758
7829
29017
29295
12855
23603
19192
32367
21223
32340
24898
10700
22876
22414
32003
6261
7901
19681
23762
1528
19146
6645
30784
19434
20343
10915
854
10121
10554
11703
17983
672
5059
17652
7489
17323
10668
30297
13554
26940
8785
17059
22184
29853
8674
1299
22833
26551
20407
113
2500
23090
9955
15697
8504
27102
13579
7573
6516
2642
15225
18739
30503
30675
26220
22585
23481
20855
3762
24078
29569
7817
14713
14842
5176
17200
19043
20712
8109
10316
7128
5227
32443
6817
29088
31488
18552
9527
31153
19859
27056
27392
20293
28228
24722
17340
13360
31850
24744
8218
29809
31192
29453
31008
10247
21856
26330
20172
18182
32406
9697
31228
17385
26326
16798
21899
8234
5001
19562
701
12048
9635
21234
19677
31433
31344
2536
28708
32696
18833
1016
18397
12816
25666
1022
10183
418
31198
16246
25787
20467
1444
9523
20622
3218
18875
31829
11577
27560
31604
28533
23351
27345
1232
22562
18223
6186
32578
24209
23251
20396
19381
16784
29960
25272
27601
23228
11591
24050
122
13044
26179
24915
4506
15117
29644
15994
801
31943
22515
20803
23370
22528
23407
18075
15903
8232
1343
17811
16959
11765
13713
11955
735
14680
26595
26000
4879
4015
24680
22688
13886
31292
18605
15182
513
26838
32636
9802
19728
13534
8193
4643
3985
4213
1067
24599
6298
30188
18005
25898
15601
11132
1574
11125
25366
12088
29877
24001
4227
7999
27633
4436
23602
29238
5441
25099
27232
5110
25447
5289
21905
14977
25514
13167
10452
1851
10804
22765
20296
18519
23993
7447
7391
28303
9817
22683
21602
2840
968
12914
20149
27093
20140
11189
10077
7115
26950
7603
4671
1493
25429
24128
16042
18328
5431
32336
27544
3770
30290
22212
4401
10831
12978
22403
17297
29332
17395
19661
13003
22752
4450
3788
27694
13271
23391
20332
16583
7137
30214
31341
29990
27611
5902
23479
7781
14860
15088
32749
20583
23898
25932
836
350
21181
16521
17046
18064
5877
24765
8882
20058
18552
11724
25079
15221
9647
14547
10273
17784
15201
199
18530
17054
22384
27225
27061
32458
5059
28445
2415
968
3459
18412
3094
14038
7306
5767
20599
28515
7960
21116
30963
27414
11720
32078
24346
17170
19395
25040
25979
18041
26420
25298
7097
24110
15868
7423
26850
24032
31398
24582
12285
26180
7581
17144
8930
15521
1692
22513
14159
15250
12903
17147
29239
16648
185
14383
32093
15758
5757
9502
15138
18641
12352
2415
19611
24415
30951
17097
15847
11695
14493
20467
19648
3170
28688
20281
32079
4552
13277
15378
28997
23718
23624
12289
13607
31798
23857
10937
30697
6512
23108
9604
24767
17800
19311
30181
30512
4536
17817
17276
20844
21567
15249
5419
31967
16042
19268
14711
21766
10578
27444
3633
15490
14374
3109
27477
27755
15530
793
13618
19942
31040
20351
22987
4602
10663
4520
15742
31647
29889
17786
23267
4120
11161
5480
6647
8579
31140
22946
8826
26543
27207
6024
11669
6957
26522
5477
6848
18090
5740
22106
19427
17020
13191
4760
3259
3706
22068
32722
2432
32273
15362
32243
6341
27284
452
31756
23711
24532
28121
10640
32521
30449
12208
18371
3463
21359
14474
12144
14346
30348
4482
24282
30484
23761
21195
9206
23836
6632
8250
14039
5940
26285
20228
22634
24809
21895
6344
18787
28523
8441
32720
11639
6126
18548
18580
11980
13647
28528
11391
30126
4347
12987
10742
18563
21261
26640
5527
26625
15798
31723
20670
31646
14306
24988
18766
8776
27416
18842
9902
31575
30882
4635
18449
15296
2543
9697
30715
9099
16437
15703
30977
26503
18266
13788
20432
25404
4117
29535
28272
10017
30033
44
9418
14095
20690
24325
31336
3318
17178
17269
21885
13263
12942
9313
4901
3793
17877
23776
29933
8424
23937
20301
1942
26723
20721
16026
26390
8940
29301
20966
992
3518
7860
30290
19813
30226
23371
4881
26075
11738
18615
17343
17213
14514
27509
3316
24979
17684
4199
16152
27251
17867
20602
31609
30152
16298
30598
3994
18386
8061
21110
6863
12398
11328
10408
12806
28568
27023
25751
30184
17198
32350
12215
20257
502
29674
1440
17659
26595
24815
623
8754
30612
21788
28777
23556
5406
6340
22754
28551
15883
5334
7262
10559
675
30479
22005
2800
9322
26222
3580
17329
32233
23529
32737
28226
6065
29534
30551
2463
3742
18636
2227
24533
12121
13763
10390
20245
27424
793
26317
10503
2506
25311
20597
7264
15621
18067
15715
23735
30947
26007
3267
31893
13717
2018
5374
11723
32374
26870
19170
23560
29259
18194
25597
21930
6344
29352
30793
30421
12631
29201
26383
2754
24342
3456
773
22362
22046
22325
18873
1796
28171
1011
10803
25787
15801
10163
7894
7779
9291
10906
7816
349
25458
2601
10515
25945
12012
15028
29386
14699
21834
15637
29551
26466
26103
15521
23636
341
30838
18779
14785
28030
30955
616
17302
1099
7645
17603
8497
21683
27450
12850
9362
711
26267
9337
16573
29833
24778
24781
16224
16640
30850
8075
31158
5516
14965
15402
6315
1400
659
8559
8257
30670
650
17887
18994
10095
4489
19578
29655
26978
10570
7590
9032
11629
13391
3178
26565
27874
4460
23516
6485
31676
28805
14557
15276
28650
27801
31747
2130
4843
1791
18391
25602
4507
26608
22337
17233
24141
2118
4160
17040
31001
10371
11998
29938
4728
14613
7268
12018
15374
6105
18122
20463
7110
18141
3185
20249
21796
106
4117
3985
7383
19522
2301
16332
10894
31270
25460
18489
32013
9627
17789
3363
9344
9966
19395
2008
1807
5494
4815
31499
21426
16153
24701
18039
5959
14609
433
7621
10210
28144
12358
9904
23140
19682
5447
16999
13903
32307
15202
1586
7128
16657
1433
10073
4158
22162
32315
24130
9307
7673
4627
1241
10617
17973
3039
29748
10342
14506
25604
25976
20171
8500
14463
23030
18105
14185
287
20122
11397
11551
21489
16006
5846
26159
19964
14586
25852
23928
29743
3703
18307
23334
8344
22820
14088
24628
20439
25712
19788
27439
25297
14329
13447
31293
10409
18861
8447
28255
17644
6958
2264
13299
17931
18043
3630
21629
15
15822
20321
21926
32648
17088
4528
2437
10438
22707
31242
13342
22348
13937
18464
10792
4482
31505
18367
19732
9386
10779
27741
2122
15637
13036
19186
13238
20119
1883
26121
32643
24888
1436
22
19750
5676
14693
26634
6559
30982
14416
29733
23803
28968
7553
7947
798
26494
26760
31515
25023
29804
17288
28668
20404
10756
29849
30328
16752
20093
32364
18062
3786
6880
13358
11202
17920
20997
17582
29624
12283
17342
193
11009
27092
4178
24806
7221
14232
16429
3622
17730
29768
981
29246
14083
17188
12320
4864
4885
26153
19109
15607
7142
24025
14960
16714
2830
13882
28922
19170
8675
9505
8024
3791
10311
23984
19378
23528
19909
15646
23287
19890
8413
13494
25295
9860
4251
5411
22481
5352
11375
7914
27639
26691
5688
31800
12622
30905
23202
2014
21746
17995
9138
1434
1594
4930
31135
12184
24112
32209
1508
15672
23364
23798
3219
18194
17729
25761
4076
11320
3455
21784
21038
23738
32603
14746
10669
11632
21732
31298
23333
6387
983
17711
28238
4589
22222
4834
12464
19091
9908
18919
23225
5487
18556
17848
2829
17251
786
17630
3101
8939
8594
601
6139
1186
30137
32322
3693
26888
24217
14767
20800
15234
10128
27095
15070
16034
21370
26231
25379
3497
10278
22388
9837
22346
3591
26049
8946
13745
6188
29571
8279
18372
18546
8051
5502
28585
25593
6020
16543
23176
27604
32455
1434
13714
3589
27275
1675
13378
8872
15048
10911
19426
2414
20926
1831
18514
31565
28377
24299
7685
9334
12504
11201
7500
6792
814
26206
27351
771
31400
107
24952
32255
25937
17628
16683
10526
4499
4733
20308
20159
4254
9421
19527
5492
30734
24336
25101
17335
26311
19872
28774
27608
20772
20868
23050
5178
22610
10819
14132
12223
12534
20986
4449
31361
23830
24493
3157
3779
15670
25563
8288
17959
15553
29525
18911
15137
7595
21584
20997
32427
10069
440
5340
22074
15537
30919
26758
5617
7590
1239
2505
27413
22454
32116
12747
10946
10718
10934
14617
30940
24509
17357
27630
23367
26617
15326
29619
3419
10719
20750
31170
10130
24137
4572
26479
28548
28613
19635
26441
25622
9715
7615
2973
23022
8239
3841
15932
15402
25456
32414
23934
17745
32624
16253
10887
17545
3854
10256
27849
17163
6128
882
28362
7637
3436
6323
14376
26526
31401
15472
10458
9999
6145
8358
22968
17712
20394
22215
26174
16417
30102
14350
909
30218
13975
10256
2226
7252
711
26005
19499
14106
30503
23973
31399
9434
2694
13542
19214
4721
421
31525
13249
27462
28312
15666
1315
6597
16239
26865
3416
11279
8214
14254
10573
12527
13178
4785
26360
24849
26605
9746
7393
26734
27340
5583
6881
25611
32607
2332
22569
26595
15616
32762
17031
8481
30848
9995
4837
26771
23750
7589
19219
22876
30393
25125
16582
16361
14433
22662
23008
29990
14152
7986
24049
31217
10791
9751
254
26319
27070
15358
2946
989
30980
1560
17331
7434
22656
5594
31750
26244
10487
4363
27381
1392
24903
8220
12288
4318
7059
5815
10738
7932
15776
2714
613
12937
127
19622
4744
7309
7021
30771
1312
9800
5623
3239
22989
5992
1378
17735
11663
27775
14665
9037
27784
20915
7048
24122
20740
13752
18265
11885
21430
2299
7101
9717
28996
32032
19742
2980
26887
22703
14898
27748
22796
13066
2082
22222
23390
11427
18924
29945
2183
30571
14086
30864
852
17294
13636
3368
29145
25693
14843
17616
1973
16779
18023
13033
1431
26781
842
10552
20993
21148
16342
19257
3916
12813
22477
27574
21229
23843
17639
26777
25078
10290
24436
30975
5856
17511
4674
8589
21639
30391
1473
17159
10870
15125
1637
30494
3685
10216
10828
12170
20224
9660
31265
19289
9194
20279
8512
5767
32514
3407
26906
26574
741
17339
987
20671
17076
8615
27211
5138
12055
27308
20722
22075
21633
19455
30848
15422
20150
4585
23916
27843
5515
20855
2778
10093
1773
23154
5314
26216
21029
1425
32079
15937
10330
13038
2437
28667
22104
3255
18727
24927
11152
25126
21976
28563
21087
11955
3456
20462
32147
8584
19441
29451
3883
14645
26571
7708
7262
18341
30364
11905
29407
29264
7244
15258
864
691
27065
2777
21845
6909
3742
2587
26618
8972
25273
17464
9367
407
2605
984
17922
30125
14629
6281
22886
9310
23226
29199
15428
11960
7959
1531
15287
25589
13530
13184
14588
25586
12734
6529
30513
17891
28279
4846
30301
5958
23006
19793
32689
18197
1870
11684
18190
20800
31822
30566
17863
15962
368
27118
12967
19346
31353
18430
15158
20198
2497
32155
25144
11155
733
22556
10103
27344
28796
1154
23746
19643
12687
18439
19510
26004
29101
9978
5052
6953
181
28105
22995
5777
19893
20576
16272
32285
2314
5041
13282
2956
12745
30100
3099
21118
4702
18130
1452
19244
28787
27516
5424
30037
29716
13698
9901
10108
2576
19840
13078
24144
17826
7643
20244
8300
1360
29709
5893
19008
24340
19517
7238
22095
6074
31507
14253
30108
10633
10698
25946
3166
7717
22663
3504
26363
16308
23273
24478
15156
25920
737
8227
18845
24156
28100
4881
13137
16907
10142
24849
22499
9437
6346
7911
20376
31323
29119
23031
21971
9637
2349
19976
14288
32090
24649
10313
7061
18104
16740
31633
13094
27653
11459
18923
12281
29229
1963
18258
2729
29100
16827
14777
29422
5806
25727
6735
31693
27765
16705
23552
22540
30716
12578
31551
15081
26074
7018
15107
12556
20328
13853
13071
1465
23334
13519
4983
2122
15451
22968
16736
17885
22012
7435
12551
2890
1231
24196
8453
17240
21712
21824
6865
1328
9684
12754
23686
26385
876
9875
4070
26950
13324
19001
29343
3413
17261
2220
21454
28026
3119
5653
2754
26707
1219
6199
19202
13533
21384
31234
31121
29343
28212
7525
26480
2597
18550
24421
5477
29104
21978
8812
25851
10796
25324
21219
23242
2146
2464
6658
22008
7791
17649
13031
24832
22901
26569
5606
32690
10128
31521
28193
7804
14860
18281
3416
1767
14293
3370
20994
32100
29742
12522
13212
27721
32166
24144
26945
16407
6472
26248
24187
22782
32275
24041
27225
13731
25770
15573
31937
15136
16204
2017
13832
15948
11781
17206
7360
12862
806
13624
26065
8204
27636
15461
716
19416
4509
15487
27259
11022
18032
26349
20413
4071
4940
25183
14992
11826
14681
5553
14192
23891
31735
6674
4320
15244
18164
6245
18246
5755
1282
5607
15099
15588
14952
29714
15523
7601
14327
10178
30650
22583
31296
27543
27504
8635
2308
29082
26039
9269
27372
22563
13466
14931
378
26106
464
11457
24896
20924
3217
21672
31312
6272
13736
18293
9459
10171
4554
28635
26270
24161
30246
14363
801
10573
13117
10627
11810
16099
29172
9524
28874
15860
26343
6697
6078
13281
20481
23669
15697
19972
28746
460
17400
14923
32255
26437
21758
31526
14056
17502
14200
12964
3814
28481
4988
10457
11468
13894
30094
4482
10607
29368
9819
21740
17665
14556
10922
24593
1690
18735
32655
16388
31256
9968
26337
3216
41
30686
22511
26140
25766
4419
26735
2770
12067
22065
16823
18177
25028
19212
30256
17599
6738
584
19207
32466
18829
18036
18981
23249
29892
9592
12386
11910
13732
16667
3061
13463
27726
2248
7983
13413
22444
16529
23402
24885
2052
31092
2108
13454
24525
24285
27376
18401
5826
32109
566
29040
29494
26362
10777
10344
11687
22487
15410
29776
12949
16725
27
27559
13972
23945
39
1481
20641
12368
5712
17427
3762
6545
17777
30279
14481
23746
12982
7730
13545
16814
21328
13964
17569
12917
8813
24863
2154
31444
29543
16428
1172
3238
13371
32522
5926
28075
13374
19984
5165
12937
17163
21941
31828
11024
15296
25846
437
9154
20586
24312
20207
24723
10685
11247
17529
13549
12041
12606
8246
23799
2665
5344
17225
31767
15678
20486
2602
25782
22747
21761
27385
3395
12162
19555
19987
22138
4496
11617
21732
1766
27380
13692
764
8100
21733
865
32100
28267
28629
22797
21554
201
6560
18740
2651
23727
21514
21476
20425
8752
28520
13926
8621
31366
19869
29285
17687
30806
20808
20561
20420
19765
19772
24838
13110
30826
2097
17065
32266
21237
10425
11475
18311
7377
7541
2034
31091
28535
21896
5100
27690
14755
23884
25093
2289
10330
13124
9730
26247
8492
26962
8846
5117
12727
26154
13534
1480
6252
23303
17297
22805
19094
16797
5338
24924
7063
30286
20448
13368
26997
17056
11621
10102
29334
27631
7078
30059
14536
6751
22915
31627
5509
11285
19680
18232
25460
18599
6219
25816
24882
18640
13279
9514
12627
18025
3432
19674
7076
26772
29640
25171
29619
16443
20889
3540
18578
18617
31507
16326
16855
24790
4912
4429
19943
20473
19471
4893
1397
11161
1686
32399
26693
12533
5468
31987
22326
26373
9926
31016
28543
7344
6768
12139
11065
5951
17870
28525
27422
1298
27667
17576
19856
2193
27985
30962
30429
28518
28898
9555
11969
27114
3848
17684
30508
22236
15824
32536
70
30553
1340
6512
7600
7944
16032
19241
8461
13462
25421
24680
15810
5730
11885
25786
23033
14201
5678
18341
28908
2244
24611
12163
27232
640
21735
28304
2927
25071
22275
20033
25739
28493
24849
9431
24768
24582
12066
26933
23097
10534
5982
14574
22534
22033
21994
1187
22813
14196
20495
22156
20638
32379
4760
26452
14171
6213
3963
29994
22167
23957
24252
4373
12302
27338
1679
22151
10038
13329
3773
16694
20421
10713
25416
5415
1395
391
19026
3339
12545
30315
28987
17103
24186
5875
21770
1647
2233
29215
2574
5899
15915
14645
9925
29244
726
10678
22012
11688
5018
21392
21560
3796
28343
3989
23637
21818
17808
14892
18285
27292
15279
1607
25595
28055
5896
31893
18496
19067
17794
31480
9190
22106
23475
18489
21732
8287
28907
4091
17313
28001
31861
23277
19036
4536
6169
22340
11211
7504
19429
1385
23810
3580
18222
7406
9879
31756
10961
15815
24836
29985
18622
16823
20556
31040
31928
16904
25314
20006
598
9599
22470
7387
27726
19087
4081
3466
8434
8653
3827
21904
32763
19620
28379
27603
5510
5194
19287
22357
32348
19698
26652
19465
24950
31044
5768
2533
8897
16906
7814
12856
13086
5676
11955
1854
8621
1758
6079
18929
21067
13336
22293
10787
32089
23878
13502
31946
23744
27202
30850
11419
10801
127
31313
6362
21170
30855
4578
22128
854
18343
10650
1854
29515
12776
30895
15281
3866
22594
10381
4758
26923
30477
27001
2864
5000
26808
14964
15752
18146
16573
26722
27909
31449
4820
2155
10556
21368
14952
29090
28937
2047
13895
31204
3039
9958
27805
31235
3420
23326
27427
23844
14113
5786
30612
16230
11488
17934
1121
24517
11958
29175
23973
26941
19900
28891
8795
22322
20185
3794
24015
30991
12250
20037
21842
22830
708
9718
24114
2808
4968
24640
20457
9293
2873
32673
26261
26150
1883
19573
10664
22648
21756
28676
10977
23900
18407
16575
12667
32622
24406
9159
9636
32626
11528
10159
20528
25918
12948
15491
17039
6100
10493
11529
31484
16590
26246
15686
6392
32511
22216
4676
13815
11351
14593
18195
13913
15111
6319
21262
9883
28134
13406
9567
30927
28691
18110
6598
13897
4060
26104
10902
31132
8415
27970
1024
17605
18799
9394
23699
1957
16186
6991
14084
27317
